       1.000E-03 3.787E-01 1.017E-02 6.044E+01 0.000E+00 0.000E+00 6.083E+01 6.045E+01
       1.500E-03 3.546E-01 2.135E-02 1.638E+01 0.000E+00 0.000E+00 1.676E+01 1.641E+01
       2.000E-03 3.254E-01 3.486E-02 6.504E+00 0.000E+00 0.000E+00 6.864E+00 6.539E+00
       3.000E-03 2.627E-01 6.364E-02 1.681E+00 0.000E+00 0.000E+00 2.007E+00 1.744E+00
       4.000E-03 2.064E-01 8.949E-02 6.370E-01 0.000E+00 0.000E+00 9.329E-01 7.265E-01
       5.000E-03 1.616E-01 1.103E-01 3.048E-01 0.000E+00 0.000E+00 5.767E-01 4.151E-01
       6.000E-03 1.280E-01 1.262E-01 1.654E-01 0.000E+00 0.000E+00 4.195E-01 2.915E-01
       7.000E-03 1.030E-01 1.382E-01 9.758E-02 0.000E+00 0.000E+00 3.387E-01 2.357E-01
       8.000E-03 8.426E-02 1.472E-01 6.184E-02 0.000E+00 0.000E+00 2.933E-01 2.091E-01
       9.000E-03 7.003E-02 1.541E-01 4.159E-02 0.000E+00 0.000E+00 2.657E-01 1.957E-01
       1.000E-02 5.905E-02 1.593E-01 2.920E-02 0.000E+00 0.000E+00 2.476E-01 1.885E-01
       1.500E-02 2.955E-02 1.723E-01 7.335E-03 0.000E+00 0.000E+00 2.092E-01 1.796E-01
       2.000E-02 1.756E-02 1.757E-01 2.752E-03 0.000E+00 0.000E+00 1.960E-01 1.785E-01
       2.500E-02 1.157E-02 1.760E-01 1.284E-03 0.000E+00 0.000E+00 1.889E-01 1.773E-01
       3.000E-02 8.177E-03 1.750E-01 6.873E-04 0.000E+00 0.000E+00 1.838E-01 1.757E-01
       3.500E-02 6.074E-03 1.733E-01 4.053E-04 0.000E+00 0.000E+00 1.798E-01 1.737E-01
       4.000E-02 4.685E-03 1.714E-01 2.565E-04 0.000E+00 0.000E+00 1.763E-01 1.716E-01
       4.500E-02 3.721E-03 1.693E-01 1.714E-04 0.000E+00 0.000E+00 1.732E-01 1.695E-01
       5.000E-02 3.026E-03 1.672E-01 1.195E-04 0.000E+00 0.000E+00 1.703E-01 1.673E-01
       5.500E-02 2.507E-03 1.650E-01 8.628E-05 0.000E+00 0.000E+00 1.676E-01 1.651E-01
       6.000E-02 2.111E-03 1.629E-01 6.408E-05 0.000E+00 0.000E+00 1.651E-01 1.630E-01
       6.500E-02 1.802E-03 1.609E-01 4.875E-05 0.000E+00 0.000E+00 1.627E-01 1.609E-01
       7.000E-02 1.556E-03 1.589E-01 3.785E-05 0.000E+00 0.000E+00 1.605E-01 1.589E-01
       7.500E-02 1.357E-03 1.569E-01 2.992E-05 0.000E+00 0.000E+00 1.583E-01 1.569E-01
       8.000E-02 1.194E-03 1.550E-01 2.401E-05 0.000E+00 0.000E+00 1.562E-01 1.550E-01
       8.500E-02 1.058E-03 1.531E-01 1.954E-05 0.000E+00 0.000E+00 1.542E-01 1.531E-01
       9.000E-02 9.446E-04 1.513E-01 1.609E-05 0.000E+00 0.000E+00 1.522E-01 1.513E-01
       9.500E-02 8.482E-04 1.495E-01 1.340E-05 0.000E+00 0.000E+00 1.504E-01 1.495E-01
       1.000E-01 7.658E-04 1.478E-01 1.126E-05 0.000E+00 0.000E+00 1.486E-01 1.478E-01
       1.130E-01 6.003E-04 1.436E-01 7.450E-06 0.000E+00 0.000E+00 1.442E-01 1.436E-01
       1.250E-01 4.909E-04 1.400E-01 5.304E-06 0.000E+00 0.000E+00 1.405E-01 1.400E-01
       1.500E-01 3.412E-04 1.333E-01 2.883E-06 0.000E+00 0.000E+00 1.336E-01 1.333E-01
       1.750E-01 2.509E-04 1.274E-01 1.730E-06 0.000E+00 0.000E+00 1.277E-01 1.274E-01
       2.000E-01 1.921E-04 1.222E-01 1.118E-06 0.000E+00 0.000E+00 1.224E-01 1.222E-01
       2.250E-01 1.518E-04 1.176E-01 7.634E-07 0.000E+00 0.000E+00 1.178E-01 1.176E-01
       2.500E-01 1.230E-04 1.135E-01 5.452E-07 0.000E+00 0.000E+00 1.136E-01 1.135E-01
       2.750E-01 1.017E-04 1.097E-01 4.038E-07 0.000E+00 0.000E+00 1.098E-01 1.097E-01
       3.000E-01 8.543E-05 1.063E-01 3.083E-07 0.000E+00 0.000E+00 1.064E-01 1.063E-01
       3.500E-01 6.276E-05 1.004E-01 1.931E-07 0.000E+00 0.000E+00 1.004E-01 1.004E-01
       4.000E-01 4.806E-05 9.530E-02 1.303E-07 0.000E+00 0.000E+00 9.535E-02 9.530E-02
       4.500E-01 3.798E-05 9.090E-02 9.308E-08 0.000E+00 0.000E+00 9.094E-02 9.090E-02
       5.000E-01 3.077E-05 8.704E-02 6.974E-08 0.000E+00 0.000E+00 8.707E-02 8.704E-02
       5.500E-01 2.543E-05 8.360E-02 5.431E-08 0.000E+00 0.000E+00 8.363E-02 8.360E-02
       6.000E-01 2.136E-05 8.052E-02 4.327E-08 0.000E+00 0.000E+00 8.055E-02 8.052E-02
       6.500E-01 1.820E-05 7.774E-02 3.499E-08 0.000E+00 0.000E+00 7.776E-02 7.774E-02
       7.000E-01 1.570E-05 7.520E-02 2.894E-08 0.000E+00 0.000E+00 7.522E-02 7.520E-02
       7.500E-01 1.367E-05 7.288E-02 2.469E-08 0.000E+00 0.000E+00 7.289E-02 7.288E-02
       8.000E-01 1.202E-05 7.074E-02 2.180E-08 0.000E+00 0.000E+00 7.076E-02 7.074E-02
       8.500E-01 1.065E-05 6.877E-02 1.983E-08 0.000E+00 0.000E+00 6.878E-02 6.877E-02
       9.000E-01 9.496E-06 6.693E-02 1.805E-08 0.000E+00 0.000E+00 6.694E-02 6.693E-02
       9.500E-01 8.523E-06 6.522E-02 1.601E-08 0.000E+00 0.000E+00 6.523E-02 6.522E-02
       1.000E+00 7.691E-06 6.361E-02 1.358E-08 0.000E+00 0.000E+00 6.362E-02 6.361E-02
       1.130E+00 6.023E-06 5.987E-02 9.703E-09 6.616E-07 0.000E+00 5.987E-02 5.987E-02
       1.250E+00 4.923E-06 5.687E-02 8.519E-09 4.705E-06 0.000E+00 5.688E-02 5.688E-02
       1.500E+00 3.418E-06 5.170E-02 6.229E-09 2.640E-05 0.000E+00 5.173E-02 5.172E-02
       1.750E+00 2.510E-06 4.754E-02 4.831E-09 6.193E-05 0.000E+00 4.760E-02 4.760E-02
       2.000E+00 1.923E-06 4.411E-02 3.960E-09 1.058E-04 0.000E+00 4.422E-02 4.422E-02
       2.250E+00 1.521E-06 4.123E-02 3.336E-09 1.540E-04 2.527E-07 4.139E-02 4.139E-02
       2.500E+00 1.232E-06 3.876E-02 2.875E-09 2.039E-04 2.100E-06 3.896E-02 3.896E-02
       2.750E+00 1.018E-06 3.660E-02 2.522E-09 2.541E-04 6.115E-06 3.687E-02 3.686E-02
       3.000E+00 8.546E-07 3.471E-02 2.245E-09 3.039E-04 1.214E-05 3.503E-02 3.503E-02
       3.500E+00 6.277E-07 3.153E-02 1.838E-09 4.012E-04 2.877E-05 3.196E-02 3.196E-02
       4.000E+00 4.807E-07 2.895E-02 1.554E-09 4.936E-04 4.958E-05 2.949E-02 2.949E-02
       4.500E+00 3.798E-07 2.681E-02 1.345E-09 5.806E-04 7.328E-05 2.747E-02 2.747E-02
       5.000E+00 3.077E-07 2.501E-02 1.185E-09 6.628E-04 9.877E-05 2.577E-02 2.577E-02
       5.500E+00 2.543E-07 2.345E-02 1.059E-09 7.411E-04 1.251E-04 2.432E-02 2.432E-02
       6.000E+00 2.136E-07 2.210E-02 9.570E-10 8.153E-04 1.517E-04 2.307E-02 2.307E-02
       6.500E+00 1.820E-07 2.091E-02 8.727E-10 8.851E-04 1.783E-04 2.198E-02 2.198E-02
       7.000E+00 1.569E-07 1.986E-02 8.019E-10 9.510E-04 2.046E-04 2.102E-02 2.102E-02
       7.500E+00 1.367E-07 1.892E-02 7.417E-10 1.014E-03 2.305E-04 2.016E-02 2.016E-02
       8.000E+00 1.202E-07 1.807E-02 6.898E-10 1.074E-03 2.559E-04 1.940E-02 1.940E-02
       8.500E+00 1.065E-07 1.731E-02 6.448E-10 1.131E-03 2.808E-04 1.872E-02 1.872E-02
       9.000E+00 9.497E-08 1.661E-02 6.051E-10 1.185E-03 3.051E-04 1.810E-02 1.810E-02
       9.500E+00 8.523E-08 1.597E-02 5.700E-10 1.237E-03 3.288E-04 1.754E-02 1.754E-02
       1.000E+01 7.691E-08 1.539E-02 5.388E-10 1.287E-03 3.519E-04 1.703E-02 1.703E-02