       1.000E-03 4.107E-01 3.079E-02 2.334E+02 0.000E+00 0.000E+00 2.338E+02 2.334E+02
       1.500E-03 3.419E-01 4.575E-02 6.629E+01 0.000E+00 0.000E+00 6.668E+01 6.634E+01
       2.000E-03 2.920E-01 5.534E-02 2.672E+01 0.000E+00 0.000E+00 2.707E+01 2.678E+01
       3.000E-03 2.316E-01 6.915E-02 7.248E+00 0.000E+00 0.000E+00 7.549E+00 7.317E+00
       4.000E-03 1.936E-01 8.122E-02 2.840E+00 0.000E+00 0.000E+00 3.114E+00 2.921E+00
       5.000E-03 1.639E-01 9.223E-02 1.363E+00 0.000E+00 0.000E+00 1.619E+00 1.455E+00
       6.000E-03 1.390E-01 1.021E-01 7.465E-01 0.000E+00 0.000E+00 9.876E-01 8.486E-01
       7.000E-03 1.182E-01 1.106E-01 4.475E-01 0.000E+00 0.000E+00 6.762E-01 5.580E-01
       8.000E-03 1.009E-01 1.177E-01 2.867E-01 0.000E+00 0.000E+00 5.054E-01 4.045E-01
       9.000E-03 8.661E-02 1.237E-01 1.935E-01 0.000E+00 0.000E+00 4.039E-01 3.172E-01
       1.000E-02 7.485E-02 1.287E-01 1.360E-01 0.000E+00 0.000E+00 3.396E-01 2.647E-01
       1.500E-02 4.014E-02 1.426E-01 3.478E-02 0.000E+00 0.000E+00 2.176E-01 1.774E-01
       2.000E-02 2.474E-02 1.477E-01 1.315E-02 0.000E+00 0.000E+00 1.856E-01 1.608E-01
       2.500E-02 1.670E-02 1.492E-01 6.182E-03 0.000E+00 0.000E+00 1.721E-01 1.554E-01
       3.000E-02 1.199E-02 1.491E-01 3.333E-03 0.000E+00 0.000E+00 1.644E-01 1.524E-01
       3.500E-02 9.009E-03 1.481E-01 1.974E-03 0.000E+00 0.000E+00 1.591E-01 1.501E-01
       4.000E-02 7.006E-03 1.468E-01 1.254E-03 0.000E+00 0.000E+00 1.551E-01 1.481E-01
       4.500E-02 5.598E-03 1.453E-01 8.401E-04 0.000E+00 0.000E+00 1.517E-01 1.461E-01
       5.000E-02 4.572E-03 1.437E-01 5.874E-04 0.000E+00 0.000E+00 1.488E-01 1.443E-01
       5.500E-02 3.803E-03 1.420E-01 4.250E-04 0.000E+00 0.000E+00 1.462E-01 1.424E-01
       6.000E-02 3.211E-03 1.403E-01 3.162E-04 0.000E+00 0.000E+00 1.438E-01 1.406E-01
       6.500E-02 2.747E-03 1.386E-01 2.410E-04 0.000E+00 0.000E+00 1.416E-01 1.388E-01
       7.000E-02 2.375E-03 1.369E-01 1.873E-04 0.000E+00 0.000E+00 1.394E-01 1.371E-01
       7.500E-02 2.075E-03 1.352E-01 1.482E-04 0.000E+00 0.000E+00 1.374E-01 1.354E-01
       8.000E-02 1.827E-03 1.336E-01 1.191E-04 0.000E+00 0.000E+00 1.356E-01 1.337E-01
       8.500E-02 1.622E-03 1.321E-01 9.703E-05 0.000E+00 0.000E+00 1.338E-01 1.321E-01
       9.000E-02 1.449E-03 1.305E-01 8.000E-05 0.000E+00 0.000E+00 1.321E-01 1.306E-01
       9.500E-02 1.302E-03 1.291E-01 6.666E-05 0.000E+00 0.000E+00 1.304E-01 1.291E-01
       1.000E-01 1.176E-03 1.276E-01 5.608E-05 0.000E+00 0.000E+00 1.289E-01 1.277E-01
       1.130E-01 9.234E-04 1.241E-01 3.719E-05 0.000E+00 0.000E+00 1.250E-01 1.241E-01
       1.250E-01 7.557E-04 1.210E-01 2.652E-05 0.000E+00 0.000E+00 1.218E-01 1.210E-01
       1.500E-01 5.257E-04 1.152E-01 1.445E-05 0.000E+00 0.000E+00 1.158E-01 1.152E-01
       1.750E-01 3.867E-04 1.101E-01 8.694E-06 0.000E+00 0.000E+00 1.105E-01 1.102E-01
       2.000E-01 2.963E-04 1.057E-01 5.623E-06 0.000E+00 0.000E+00 1.060E-01 1.057E-01
       2.250E-01 2.342E-04 1.017E-01 3.846E-06 0.000E+00 0.000E+00 1.019E-01 1.017E-01
       2.500E-01 1.898E-04 9.813E-02 2.750E-06 0.000E+00 0.000E+00 9.832E-02 9.813E-02
       2.750E-01 1.569E-04 9.490E-02 2.039E-06 0.000E+00 0.000E+00 9.506E-02 9.491E-02
       3.000E-01 1.319E-04 9.197E-02 1.558E-06 0.000E+00 0.000E+00 9.210E-02 9.197E-02
       3.500E-01 9.691E-05 8.681E-02 9.783E-07 0.000E+00 0.000E+00 8.691E-02 8.681E-02
       4.000E-01 7.421E-05 8.242E-02 6.607E-07 0.000E+00 0.000E+00 8.249E-02 8.242E-02
       4.500E-01 5.864E-05 7.861E-02 4.718E-07 0.000E+00 0.000E+00 7.867E-02 7.861E-02
       5.000E-01 4.750E-05 7.527E-02 3.541E-07 0.000E+00 0.000E+00 7.532E-02 7.527E-02
       5.500E-01 3.926E-05 7.231E-02 2.766E-07 0.000E+00 0.000E+00 7.235E-02 7.231E-02
       6.000E-01 3.300E-05 6.964E-02 2.198E-07 0.000E+00 0.000E+00 6.968E-02 6.964E-02
       6.500E-01 2.812E-05 6.724E-02 1.757E-07 0.000E+00 0.000E+00 6.727E-02 6.724E-02
       7.000E-01 2.424E-05 6.505E-02 1.440E-07 0.000E+00 0.000E+00 6.507E-02 6.505E-02
       7.500E-01 2.112E-05 6.304E-02 1.230E-07 0.000E+00 0.000E+00 6.306E-02 6.304E-02
       8.000E-01 1.856E-05 6.119E-02 1.107E-07 0.000E+00 0.000E+00 6.121E-02 6.119E-02
       8.500E-01 1.644E-05 5.948E-02 1.041E-07 0.000E+00 0.000E+00 5.949E-02 5.948E-02
       9.000E-01 1.466E-05 5.789E-02 9.703E-08 0.000E+00 0.000E+00 5.790E-02 5.789E-02
       9.500E-01 1.316E-05 5.640E-02 8.549E-08 0.000E+00 0.000E+00 5.641E-02 5.640E-02
       1.000E+00 1.188E-05 5.502E-02 6.888E-08 0.000E+00 0.000E+00 5.503E-02 5.502E-02
       1.130E+00 9.307E-06 5.179E-02 4.518E-08 8.611E-07 0.000E+00 5.180E-02 5.179E-02
       1.250E+00 7.604E-06 4.919E-02 4.154E-08 6.118E-06 0.000E+00 4.921E-02 4.920E-02
       1.500E+00 5.280E-06 4.472E-02 3.025E-08 3.430E-05 0.000E+00 4.476E-02 4.475E-02
       1.750E+00 3.877E-06 4.112E-02 2.335E-08 8.037E-05 0.000E+00 4.120E-02 4.120E-02
       2.000E+00 2.970E-06 3.816E-02 1.919E-08 1.373E-04 0.000E+00 3.830E-02 3.830E-02
       2.250E+00 2.349E-06 3.566E-02 1.613E-08 2.000E-04 2.184E-07 3.587E-02 3.586E-02
       2.500E+00 1.902E-06 3.352E-02 1.389E-08 2.647E-04 1.815E-06 3.379E-02 3.379E-02
       2.750E+00 1.571E-06 3.166E-02 1.219E-08 3.298E-04 5.286E-06 3.199E-02 3.199E-02
       3.000E+00 1.320E-06 3.002E-02 1.085E-08 3.943E-04 1.050E-05 3.043E-02 3.042E-02
       3.500E+00 9.696E-07 2.727E-02 8.874E-09 5.205E-04 2.488E-05 2.782E-02 2.781E-02
       4.000E+00 7.426E-07 2.504E-02 7.499E-09 6.406E-04 4.288E-05 2.572E-02 2.572E-02
       4.500E+00 5.868E-07 2.319E-02 6.488E-09 7.535E-04 6.338E-05 2.400E-02 2.400E-02
       5.000E+00 4.753E-07 2.162E-02 5.714E-09 8.602E-04 8.544E-05 2.257E-02 2.257E-02
       5.500E+00 3.928E-07 2.028E-02 5.103E-09 9.616E-04 1.082E-04 2.135E-02 2.135E-02
       6.000E+00 3.300E-07 1.911E-02 4.610E-09 1.058E-03 1.313E-04 2.030E-02 2.030E-02
       6.500E+00 2.812E-07 1.809E-02 4.203E-09 1.148E-03 1.542E-04 1.939E-02 1.939E-02
       7.000E+00 2.425E-07 1.718E-02 3.861E-09 1.234E-03 1.769E-04 1.859E-02 1.859E-02
       7.500E+00 2.112E-07 1.637E-02 3.570E-09 1.316E-03 1.993E-04 1.788E-02 1.788E-02
       8.000E+00 1.857E-07 1.563E-02 3.320E-09 1.393E-03 2.213E-04 1.725E-02 1.725E-02
       8.500E+00 1.645E-07 1.497E-02 3.102E-09 1.467E-03 2.429E-04 1.668E-02 1.668E-02
       9.000E+00 1.467E-07 1.437E-02 2.911E-09 1.537E-03 2.639E-04 1.617E-02 1.617E-02
       9.500E+00 1.316E-07 1.382E-02 2.742E-09 1.605E-03 2.844E-04 1.571E-02 1.571E-02
       1.000E+01 1.188E-07 1.332E-02 2.592E-09 1.669E-03 3.044E-04 1.529E-02 1.529E-02