       1.000E-03 5.918E-01 2.091E-02 6.035E+02 0.000E+00 0.000E+00 6.042E+02 6.036E+02
       1.500E-03 4.948E-01 3.792E-02 1.792E+02 0.000E+00 0.000E+00 1.797E+02 1.792E+02
       2.000E-03 4.103E-01 5.284E-02 7.424E+01 0.000E+00 0.000E+00 7.470E+01 7.429E+01
       3.000E-03 2.962E-01 7.350E-02 2.090E+01 0.000E+00 0.000E+00 2.127E+01 2.098E+01
       4.000E-03 2.321E-01 8.627E-02 8.366E+00 0.000E+00 0.000E+00 8.685E+00 8.452E+00
       5.000E-03 1.926E-01 9.562E-02 4.081E+00 0.000E+00 0.000E+00 4.369E+00 4.176E+00
       6.000E-03 1.649E-01 1.034E-01 2.259E+00 0.000E+00 0.000E+00 2.528E+00 2.363E+00
       7.000E-03 1.432E-01 1.103E-01 1.366E+00 0.000E+00 0.000E+00 1.620E+00 1.477E+00
       8.000E-03 1.254E-01 1.163E-01 8.821E-01 0.000E+00 0.000E+00 1.124E+00 9.983E-01
       9.000E-03 1.104E-01 1.216E-01 5.987E-01 0.000E+00 0.000E+00 8.307E-01 7.203E-01
       1.000E-02 9.749E-02 1.262E-01 4.229E-01 0.000E+00 0.000E+00 6.466E-01 5.491E-01
       1.500E-02 5.580E-02 1.411E-01 1.101E-01 0.000E+00 0.000E+00 3.070E-01 2.512E-01
       2.000E-02 3.538E-02 1.477E-01 4.207E-02 0.000E+00 0.000E+00 2.251E-01 1.897E-01
       2.500E-02 2.432E-02 1.502E-01 1.989E-02 0.000E+00 0.000E+00 1.944E-01 1.701E-01
       3.000E-02 1.770E-02 1.508E-01 1.077E-02 0.000E+00 0.000E+00 1.792E-01 1.615E-01
       3.500E-02 1.344E-02 1.503E-01 6.404E-03 0.000E+00 0.000E+00 1.702E-01 1.567E-01
       4.000E-02 1.054E-02 1.493E-01 4.080E-03 0.000E+00 0.000E+00 1.640E-01 1.534E-01
       4.500E-02 8.474E-03 1.480E-01 2.739E-03 0.000E+00 0.000E+00 1.592E-01 1.508E-01
       5.000E-02 6.956E-03 1.465E-01 1.919E-03 0.000E+00 0.000E+00 1.554E-01 1.485E-01
       5.500E-02 5.808E-03 1.450E-01 1.392E-03 0.000E+00 0.000E+00 1.522E-01 1.464E-01
       6.000E-02 4.920E-03 1.433E-01 1.039E-03 0.000E+00 0.000E+00 1.493E-01 1.444E-01
       6.500E-02 4.220E-03 1.417E-01 7.934E-04 0.000E+00 0.000E+00 1.467E-01 1.425E-01
       7.000E-02 3.658E-03 1.401E-01 6.178E-04 0.000E+00 0.000E+00 1.443E-01 1.407E-01
       7.500E-02 3.200E-03 1.384E-01 4.894E-04 0.000E+00 0.000E+00 1.421E-01 1.389E-01
       8.000E-02 2.823E-03 1.369E-01 3.936E-04 0.000E+00 0.000E+00 1.401E-01 1.372E-01
       8.500E-02 2.508E-03 1.353E-01 3.209E-04 0.000E+00 0.000E+00 1.381E-01 1.356E-01
       9.000E-02 2.242E-03 1.337E-01 2.648E-04 0.000E+00 0.000E+00 1.362E-01 1.340E-01
       9.500E-02 2.017E-03 1.322E-01 2.208E-04 0.000E+00 0.000E+00 1.345E-01 1.325E-01
       1.000E-01 1.824E-03 1.308E-01 1.859E-04 0.000E+00 0.000E+00 1.328E-01 1.310E-01
       1.130E-01 1.434E-03 1.271E-01 1.235E-04 0.000E+00 0.000E+00 1.287E-01 1.273E-01
       1.250E-01 1.175E-03 1.240E-01 8.818E-05 0.000E+00 0.000E+00 1.253E-01 1.241E-01
       1.500E-01 8.186E-04 1.181E-01 4.818E-05 0.000E+00 0.000E+00 1.190E-01 1.182E-01
       1.750E-01 6.027E-04 1.130E-01 2.904E-05 0.000E+00 0.000E+00 1.136E-01 1.130E-01
       2.000E-01 4.621E-04 1.085E-01 1.881E-05 0.000E+00 0.000E+00 1.089E-01 1.085E-01
       2.250E-01 3.654E-04 1.044E-01 1.288E-05 0.000E+00 0.000E+00 1.048E-01 1.044E-01
       2.500E-01 2.962E-04 1.007E-01 9.222E-06 0.000E+00 0.000E+00 1.011E-01 1.008E-01
       2.750E-01 2.449E-04 9.744E-02 6.844E-06 0.000E+00 0.000E+00 9.769E-02 9.745E-02
       3.000E-01 2.059E-04 9.442E-02 5.234E-06 0.000E+00 0.000E+00 9.463E-02 9.442E-02
       3.500E-01 1.514E-04 8.911E-02 3.289E-06 0.000E+00 0.000E+00 8.926E-02 8.911E-02
       4.000E-01 1.159E-04 8.460E-02 2.224E-06 0.000E+00 0.000E+00 8.472E-02 8.460E-02
       4.500E-01 9.164E-05 8.072E-02 1.590E-06 0.000E+00 0.000E+00 8.082E-02 8.073E-02
       5.000E-01 7.424E-05 7.731E-02 1.193E-06 0.000E+00 0.000E+00 7.739E-02 7.731E-02
       5.500E-01 6.135E-05 7.425E-02 9.310E-07 0.000E+00 0.000E+00 7.431E-02 7.425E-02
       6.000E-01 5.155E-05 7.150E-02 7.411E-07 0.000E+00 0.000E+00 7.155E-02 7.150E-02
       6.500E-01 4.393E-05 6.902E-02 5.964E-07 0.000E+00 0.000E+00 6.907E-02 6.902E-02
       7.000E-01 3.788E-05 6.678E-02 4.916E-07 0.000E+00 0.000E+00 6.682E-02 6.678E-02
       7.500E-01 3.300E-05 6.472E-02 4.197E-07 0.000E+00 0.000E+00 6.476E-02 6.472E-02
       8.000E-01 2.901E-05 6.283E-02 3.736E-07 0.000E+00 0.000E+00 6.286E-02 6.283E-02
       8.500E-01 2.569E-05 6.108E-02 3.447E-07 0.000E+00 0.000E+00 6.111E-02 6.108E-02
       9.000E-01 2.291E-05 5.945E-02 3.168E-07 0.000E+00 0.000E+00 5.947E-02 5.945E-02
       9.500E-01 2.057E-05 5.793E-02 2.800E-07 0.000E+00 0.000E+00 5.795E-02 5.793E-02
       1.000E+00 1.856E-05 5.650E-02 2.323E-07 0.000E+00 0.000E+00 5.652E-02 5.650E-02
       1.130E+00 1.454E-05 5.317E-02 1.597E-07 1.188E-06 0.000E+00 5.319E-02 5.317E-02
       1.250E+00 1.188E-05 5.052E-02 1.428E-07 8.420E-06 0.000E+00 5.054E-02 5.053E-02
       1.500E+00 8.253E-06 4.592E-02 1.039E-07 4.706E-05 0.000E+00 4.598E-02 4.597E-02
       1.750E+00 6.064E-06 4.223E-02 8.029E-08 1.103E-04 0.000E+00 4.234E-02 4.234E-02
       2.000E+00 4.642E-06 3.918E-02 6.578E-08 1.883E-04 0.000E+00 3.938E-02 3.937E-02
       2.250E+00 3.668E-06 3.662E-02 5.527E-08 2.739E-04 2.244E-07 3.690E-02 3.690E-02
       2.500E+00 2.971E-06 3.442E-02 4.757E-08 3.625E-04 1.865E-06 3.479E-02 3.479E-02
       2.750E+00 2.455E-06 3.251E-02 4.170E-08 4.516E-04 5.431E-06 3.297E-02 3.296E-02
       3.000E+00 2.063E-06 3.083E-02 3.709E-08 5.401E-04 1.079E-05 3.138E-02 3.138E-02
       3.500E+00 1.516E-06 2.800E-02 3.032E-08 7.129E-04 2.556E-05 2.874E-02 2.874E-02
       4.000E+00 1.161E-06 2.571E-02 2.560E-08 8.774E-04 4.404E-05 2.664E-02 2.663E-02
       4.500E+00 9.173E-07 2.381E-02 2.213E-08 1.032E-03 6.508E-05 2.491E-02 2.491E-02
       5.000E+00 7.431E-07 2.221E-02 1.949E-08 1.178E-03 8.774E-05 2.347E-02 2.347E-02
       5.500E+00 6.140E-07 2.082E-02 1.740E-08 1.317E-03 1.111E-04 2.225E-02 2.225E-02
       6.000E+00 5.158E-07 1.963E-02 1.571E-08 1.448E-03 1.348E-04 2.121E-02 2.121E-02
       6.500E+00 4.395E-07 1.857E-02 1.432E-08 1.572E-03 1.584E-04 2.030E-02 2.030E-02
       7.000E+00 3.789E-07 1.764E-02 1.315E-08 1.689E-03 1.817E-04 1.951E-02 1.951E-02
       7.500E+00 3.301E-07 1.681E-02 1.216E-08 1.801E-03 2.047E-04 1.881E-02 1.881E-02
       8.000E+00 2.901E-07 1.606E-02 1.130E-08 1.907E-03 2.273E-04 1.819E-02 1.819E-02
       8.500E+00 2.570E-07 1.538E-02 1.056E-08 2.008E-03 2.494E-04 1.764E-02 1.764E-02
       9.000E+00 2.293E-07 1.476E-02 9.903E-09 2.105E-03 2.710E-04 1.714E-02 1.714E-02
       9.500E+00 2.058E-07 1.419E-02 9.326E-09 2.197E-03 2.921E-04 1.668E-02 1.668E-02
       1.000E+01 1.857E-07 1.367E-02 8.814E-09 2.285E-03 3.127E-04 1.627E-02 1.627E-02