       1.000E-03 8.055E-01 1.612E-02 1.228E+03 0.000E+00 0.000E+00 1.229E+03 1.228E+03
       1.500E-03 6.952E-01 3.084E-02 3.759E+02 0.000E+00 0.000E+00 3.767E+02 3.760E+02
       2.000E-03 5.871E-01 4.568E-02 1.591E+02 0.000E+00 0.000E+00 1.597E+02 1.591E+02
       3.000E-03 4.205E-01 7.041E-02 4.618E+01 0.000E+00 0.000E+00 4.667E+01 4.625E+01
       4.000E-03 3.166E-01 8.734E-02 1.886E+01 0.000E+00 0.000E+00 1.927E+01 1.895E+01
       5.000E-03 2.520E-01 9.876E-02 9.330E+00 0.000E+00 0.000E+00 9.681E+00 9.429E+00
       6.000E-03 2.094E-01 1.072E-01 5.222E+00 0.000E+00 0.000E+00 5.539E+00 5.329E+00
       7.000E-03 1.792E-01 1.139E-01 3.185E+00 0.000E+00 0.000E+00 3.478E+00 3.299E+00
       8.000E-03 1.562E-01 1.195E-01 2.071E+00 0.000E+00 0.000E+00 2.346E+00 2.190E+00
       9.000E-03 1.379E-01 1.245E-01 1.413E+00 0.000E+00 0.000E+00 1.676E+00 1.538E+00
       1.000E-02 1.228E-01 1.288E-01 1.003E+00 0.000E+00 0.000E+00 1.255E+00 1.132E+00
       1.500E-02 7.342E-02 1.438E-01 2.655E-01 0.000E+00 0.000E+00 4.827E-01 4.093E-01
       2.000E-02 4.770E-02 1.512E-01 1.025E-01 0.000E+00 0.000E+00 3.014E-01 2.537E-01
       2.500E-02 3.321E-02 1.544E-01 4.880E-02 0.000E+00 0.000E+00 2.364E-01 2.032E-01
       3.000E-02 2.438E-02 1.554E-01 2.656E-02 0.000E+00 0.000E+00 2.064E-01 1.820E-01
       3.500E-02 1.864E-02 1.553E-01 1.586E-02 0.000E+00 0.000E+00 1.898E-01 1.712E-01
       4.000E-02 1.470E-02 1.545E-01 1.014E-02 0.000E+00 0.000E+00 1.794E-01 1.647E-01
       4.500E-02 1.188E-02 1.533E-01 6.828E-03 0.000E+00 0.000E+00 1.720E-01 1.602E-01
       5.000E-02 9.793E-03 1.519E-01 4.794E-03 0.000E+00 0.000E+00 1.665E-01 1.567E-01
       5.500E-02 8.207E-03 1.504E-01 3.481E-03 0.000E+00 0.000E+00 1.621E-01 1.539E-01
       6.000E-02 6.974E-03 1.488E-01 2.599E-03 0.000E+00 0.000E+00 1.584E-01 1.514E-01
       6.500E-02 5.996E-03 1.471E-01 1.985E-03 0.000E+00 0.000E+00 1.551E-01 1.491E-01
       7.000E-02 5.208E-03 1.455E-01 1.548E-03 0.000E+00 0.000E+00 1.522E-01 1.470E-01
       7.500E-02 4.564E-03 1.438E-01 1.227E-03 0.000E+00 0.000E+00 1.496E-01 1.451E-01
       8.000E-02 4.031E-03 1.422E-01 9.887E-04 0.000E+00 0.000E+00 1.472E-01 1.432E-01
       8.500E-02 3.586E-03 1.406E-01 8.074E-04 0.000E+00 0.000E+00 1.450E-01 1.414E-01
       9.000E-02 3.210E-03 1.390E-01 6.672E-04 0.000E+00 0.000E+00 1.429E-01 1.397E-01
       9.500E-02 2.891E-03 1.375E-01 5.572E-04 0.000E+00 0.000E+00 1.410E-01 1.381E-01
       1.000E-01 2.616E-03 1.360E-01 4.697E-04 0.000E+00 0.000E+00 1.391E-01 1.365E-01
       1.130E-01 2.060E-03 1.323E-01 3.127E-04 0.000E+00 0.000E+00 1.347E-01 1.326E-01
       1.250E-01 1.690E-03 1.291E-01 2.236E-04 0.000E+00 0.000E+00 1.310E-01 1.293E-01
       1.500E-01 1.180E-03 1.230E-01 1.224E-04 0.000E+00 0.000E+00 1.244E-01 1.232E-01
       1.750E-01 8.693E-04 1.177E-01 7.388E-05 0.000E+00 0.000E+00 1.186E-01 1.177E-01
       2.000E-01 6.668E-04 1.129E-01 4.794E-05 0.000E+00 0.000E+00 1.136E-01 1.130E-01
       2.250E-01 5.276E-04 1.087E-01 3.288E-05 0.000E+00 0.000E+00 1.092E-01 1.087E-01
       2.500E-01 4.278E-04 1.049E-01 2.356E-05 0.000E+00 0.000E+00 1.053E-01 1.049E-01
       2.750E-01 3.539E-04 1.014E-01 1.750E-05 0.000E+00 0.000E+00 1.018E-01 1.015E-01
       3.000E-01 2.976E-04 9.832E-02 1.339E-05 0.000E+00 0.000E+00 9.863E-02 9.833E-02
       3.500E-01 2.188E-04 9.285E-02 8.421E-06 0.000E+00 0.000E+00 9.308E-02 9.286E-02
       4.000E-01 1.676E-04 8.818E-02 5.698E-06 0.000E+00 0.000E+00 8.835E-02 8.818E-02
       4.500E-01 1.325E-04 8.412E-02 4.079E-06 0.000E+00 0.000E+00 8.425E-02 8.412E-02
       5.000E-01 1.073E-04 8.055E-02 3.062E-06 0.000E+00 0.000E+00 8.066E-02 8.055E-02
       5.500E-01 8.874E-05 7.738E-02 2.388E-06 0.000E+00 0.000E+00 7.747E-02 7.738E-02
       6.000E-01 7.459E-05 7.453E-02 1.903E-06 0.000E+00 0.000E+00 7.461E-02 7.453E-02
       6.500E-01 6.356E-05 7.195E-02 1.537E-06 0.000E+00 0.000E+00 7.202E-02 7.195E-02
       7.000E-01 5.481E-05 6.960E-02 1.270E-06 0.000E+00 0.000E+00 6.965E-02 6.960E-02
       7.500E-01 4.774E-05 6.744E-02 1.084E-06 0.000E+00 0.000E+00 6.749E-02 6.744E-02
       8.000E-01 4.196E-05 6.545E-02 9.592E-07 0.000E+00 0.000E+00 6.549E-02 6.545E-02
       8.500E-01 3.716E-05 6.362E-02 8.760E-07 0.000E+00 0.000E+00 6.365E-02 6.362E-02
       9.000E-01 3.315E-05 6.192E-02 7.994E-07 0.000E+00 0.000E+00 6.195E-02 6.192E-02
       9.500E-01 2.975E-05 6.034E-02 7.081E-07 0.000E+00 0.000E+00 6.037E-02 6.034E-02
       1.000E+00 2.685E-05 5.888E-02 5.966E-07 0.000E+00 0.000E+00 5.891E-02 5.888E-02
       1.130E+00 2.104E-05 5.544E-02 4.207E-07 1.561E-06 0.000E+00 5.546E-02 5.544E-02
       1.250E+00 1.719E-05 5.264E-02 3.706E-07 1.103E-05 0.000E+00 5.267E-02 5.265E-02
       1.500E+00 1.194E-05 4.784E-02 2.693E-07 6.150E-05 0.000E+00 4.792E-02 4.791E-02
       1.750E+00 8.782E-06 4.401E-02 2.083E-07 1.439E-04 0.000E+00 4.416E-02 4.416E-02
       2.000E+00 6.718E-06 4.083E-02 1.702E-07 2.455E-04 0.000E+00 4.108E-02 4.108E-02
       2.250E+00 5.298E-06 3.814E-02 1.429E-07 3.571E-04 2.337E-07 3.851E-02 3.850E-02
       2.500E+00 4.291E-06 3.586E-02 1.229E-07 4.724E-04 1.943E-06 3.633E-02 3.633E-02
       2.750E+00 3.549E-06 3.387E-02 1.077E-07 5.883E-04 5.658E-06 3.447E-02 3.446E-02
       3.000E+00 2.985E-06 3.212E-02 9.575E-08 7.035E-04 1.124E-05 3.284E-02 3.284E-02
       3.500E+00 2.193E-06 2.918E-02 7.818E-08 9.288E-04 2.663E-05 3.014E-02 3.014E-02
       4.000E+00 1.679E-06 2.679E-02 6.595E-08 1.143E-03 4.588E-05 2.798E-02 2.798E-02
       4.500E+00 1.326E-06 2.481E-02 5.701E-08 1.344E-03 6.781E-05 2.623E-02 2.622E-02
       5.000E+00 1.075E-06 2.314E-02 5.017E-08 1.534E-03 9.141E-05 2.477E-02 2.476E-02
       5.500E+00 8.882E-07 2.170E-02 4.478E-08 1.715E-03 1.158E-04 2.354E-02 2.353E-02
       6.000E+00 7.464E-07 2.045E-02 4.042E-08 1.887E-03 1.404E-04 2.248E-02 2.248E-02
       6.500E+00 6.359E-07 1.936E-02 3.682E-08 2.048E-03 1.650E-04 2.157E-02 2.157E-02
       7.000E+00 5.482E-07 1.838E-02 3.381E-08 2.200E-03 1.893E-04 2.077E-02 2.077E-02
       7.500E+00 4.775E-07 1.751E-02 3.125E-08 2.345E-03 2.133E-04 2.007E-02 2.007E-02
       8.000E+00 4.197E-07 1.673E-02 2.905E-08 2.484E-03 2.369E-04 1.945E-02 1.945E-02
       8.500E+00 3.718E-07 1.602E-02 2.713E-08 2.616E-03 2.599E-04 1.890E-02 1.890E-02
       9.000E+00 3.317E-07 1.538E-02 2.546E-08 2.741E-03 2.824E-04 1.840E-02 1.840E-02
       9.500E+00 2.977E-07 1.479E-02 2.398E-08 2.861E-03 3.044E-04 1.796E-02 1.796E-02
       1.000E+01 2.687E-07 1.425E-02 2.265E-08 2.975E-03 3.258E-04 1.755E-02 1.755E-02