       1.000E-03 1.079E+00 1.263E-02 2.210E+03 0.000E+00 0.000E+00 2.211E+03 2.210E+03
       1.500E-03 9.586E-01 2.507E-02 6.994E+02 0.000E+00 0.000E+00 7.004E+02 6.995E+02
       2.000E-03 8.318E-01 3.862E-02 3.017E+02 0.000E+00 0.000E+00 3.026E+02 3.017E+02
       3.000E-03 6.127E-01 6.408E-02 8.965E+01 0.000E+00 0.000E+00 9.032E+01 8.971E+01
       4.000E-03 4.602E-01 8.448E-02 3.724E+01 0.000E+00 0.000E+00 3.778E+01 3.732E+01
       5.000E-03 3.595E-01 9.947E-02 1.866E+01 0.000E+00 0.000E+00 1.912E+01 1.876E+01
       6.000E-03 2.918E-01 1.104E-01 1.054E+01 0.000E+00 0.000E+00 1.095E+01 1.065E+01
       7.000E-03 2.444E-01 1.187E-01 6.483E+00 0.000E+00 0.000E+00 6.846E+00 6.601E+00
       8.000E-03 2.096E-01 1.252E-01 4.241E+00 0.000E+00 0.000E+00 4.576E+00 4.366E+00
       9.000E-03 1.831E-01 1.306E-01 2.911E+00 0.000E+00 0.000E+00 3.225E+00 3.042E+00
       1.000E-02 1.620E-01 1.352E-01 2.076E+00 0.000E+00 0.000E+00 2.373E+00 2.211E+00
       1.500E-02 9.787E-02 1.510E-01 5.585E-01 0.000E+00 0.000E+00 8.074E-01 7.096E-01
       2.000E-02 6.478E-02 1.595E-01 2.177E-01 0.000E+00 0.000E+00 4.420E-01 3.772E-01
       2.500E-02 4.556E-02 1.637E-01 1.043E-01 0.000E+00 0.000E+00 3.136E-01 2.681E-01
       3.000E-02 3.365E-02 1.655E-01 5.706E-02 0.000E+00 0.000E+00 2.562E-01 2.225E-01
       3.500E-02 2.584E-02 1.658E-01 3.420E-02 0.000E+00 0.000E+00 2.258E-01 2.000E-01
       4.000E-02 2.045E-02 1.653E-01 2.193E-02 0.000E+00 0.000E+00 2.076E-01 1.872E-01
       4.500E-02 1.658E-02 1.643E-01 1.481E-02 0.000E+00 0.000E+00 1.957E-01 1.791E-01
       5.000E-02 1.371E-02 1.630E-01 1.042E-02 0.000E+00 0.000E+00 1.871E-01 1.734E-01
       5.500E-02 1.152E-02 1.614E-01 7.583E-03 0.000E+00 0.000E+00 1.805E-01 1.690E-01
       6.000E-02 9.807E-03 1.598E-01 5.671E-03 0.000E+00 0.000E+00 1.753E-01 1.655E-01
       6.500E-02 8.450E-03 1.582E-01 4.340E-03 0.000E+00 0.000E+00 1.710E-01 1.625E-01
       7.000E-02 7.353E-03 1.565E-01 3.388E-03 0.000E+00 0.000E+00 1.672E-01 1.599E-01
       7.500E-02 6.456E-03 1.548E-01 2.691E-03 0.000E+00 0.000E+00 1.640E-01 1.575E-01
       8.000E-02 5.711E-03 1.531E-01 2.169E-03 0.000E+00 0.000E+00 1.610E-01 1.553E-01
       8.500E-02 5.086E-03 1.515E-01 1.772E-03 0.000E+00 0.000E+00 1.583E-01 1.532E-01
       9.000E-02 4.558E-03 1.498E-01 1.465E-03 0.000E+00 0.000E+00 1.558E-01 1.513E-01
       9.500E-02 4.107E-03 1.482E-01 1.223E-03 0.000E+00 0.000E+00 1.535E-01 1.494E-01
       1.000E-01 3.719E-03 1.466E-01 1.031E-03 0.000E+00 0.000E+00 1.514E-01 1.476E-01
       1.130E-01 2.934E-03 1.427E-01 6.876E-04 0.000E+00 0.000E+00 1.463E-01 1.433E-01
       1.250E-01 2.409E-03 1.392E-01 4.926E-04 0.000E+00 0.000E+00 1.421E-01 1.397E-01
       1.500E-01 1.685E-03 1.327E-01 2.706E-04 0.000E+00 0.000E+00 1.347E-01 1.330E-01
       1.750E-01 1.243E-03 1.270E-01 1.637E-04 0.000E+00 0.000E+00 1.284E-01 1.271E-01
       2.000E-01 9.541E-04 1.219E-01 1.063E-04 0.000E+00 0.000E+00 1.229E-01 1.220E-01
       2.250E-01 7.554E-04 1.173E-01 7.300E-05 0.000E+00 0.000E+00 1.182E-01 1.174E-01
       2.500E-01 6.128E-04 1.133E-01 5.235E-05 0.000E+00 0.000E+00 1.139E-01 1.133E-01
       2.750E-01 5.070E-04 1.096E-01 3.892E-05 0.000E+00 0.000E+00 1.101E-01 1.096E-01
       3.000E-01 4.264E-04 1.062E-01 2.980E-05 0.000E+00 0.000E+00 1.066E-01 1.062E-01
       3.500E-01 3.136E-04 1.003E-01 1.877E-05 0.000E+00 0.000E+00 1.006E-01 1.003E-01
       4.000E-01 2.403E-04 9.521E-02 1.272E-05 0.000E+00 0.000E+00 9.547E-02 9.523E-02
       4.500E-01 1.899E-04 9.084E-02 9.110E-06 0.000E+00 0.000E+00 9.104E-02 9.085E-02
       5.000E-01 1.539E-04 8.699E-02 6.839E-06 0.000E+00 0.000E+00 8.715E-02 8.700E-02
       5.500E-01 1.273E-04 8.355E-02 5.331E-06 0.000E+00 0.000E+00 8.369E-02 8.356E-02
       6.000E-01 1.069E-04 8.047E-02 4.253E-06 0.000E+00 0.000E+00 8.058E-02 8.048E-02
       6.500E-01 9.113E-05 7.769E-02 3.445E-06 0.000E+00 0.000E+00 7.779E-02 7.770E-02
       7.000E-01 7.858E-05 7.517E-02 2.854E-06 0.000E+00 0.000E+00 7.525E-02 7.517E-02
       7.500E-01 6.845E-05 7.284E-02 2.434E-06 0.000E+00 0.000E+00 7.291E-02 7.285E-02
       8.000E-01 6.017E-05 7.070E-02 2.144E-06 0.000E+00 0.000E+00 7.076E-02 7.070E-02
       8.500E-01 5.330E-05 6.870E-02 1.943E-06 0.000E+00 0.000E+00 6.875E-02 6.870E-02
       9.000E-01 4.754E-05 6.685E-02 1.762E-06 0.000E+00 0.000E+00 6.690E-02 6.685E-02
       9.500E-01 4.267E-05 6.514E-02 1.563E-06 0.000E+00 0.000E+00 6.519E-02 6.515E-02
       1.000E+00 3.852E-05 6.358E-02 1.333E-06 0.000E+00 0.000E+00 6.362E-02 6.358E-02
       1.130E+00 3.017E-05 5.988E-02 9.592E-07 2.041E-06 0.000E+00 5.992E-02 5.989E-02
       1.250E+00 2.465E-05 5.686E-02 8.348E-07 1.439E-05 0.000E+00 5.690E-02 5.687E-02
       1.500E+00 1.712E-05 5.169E-02 6.062E-07 7.992E-05 0.000E+00 5.179E-02 5.177E-02
       1.750E+00 1.258E-05 4.753E-02 4.688E-07 1.867E-04 0.000E+00 4.773E-02 4.772E-02
       2.000E+00 9.632E-06 4.410E-02 3.826E-07 3.187E-04 0.000E+00 4.443E-02 4.442E-02
       2.250E+00 7.608E-06 4.122E-02 3.210E-07 4.634E-04 2.526E-07 4.169E-02 4.168E-02
       2.500E+00 6.163E-06 3.874E-02 2.760E-07 6.130E-04 2.100E-06 3.936E-02 3.936E-02
       2.750E+00 5.094E-06 3.659E-02 2.416E-07 7.633E-04 6.113E-06 3.736E-02 3.736E-02
       3.000E+00 4.281E-06 3.470E-02 2.147E-07 9.125E-04 1.214E-05 3.563E-02 3.562E-02
       3.500E+00 3.146E-06 3.152E-02 1.752E-07 1.204E-03 2.876E-05 3.275E-02 3.275E-02
       4.000E+00 2.408E-06 2.894E-02 1.478E-07 1.482E-03 4.956E-05 3.047E-02 3.047E-02
       4.500E+00 1.903E-06 2.680E-02 1.276E-07 1.742E-03 7.327E-05 2.862E-02 2.862E-02
       5.000E+00 1.541E-06 2.499E-02 1.123E-07 1.988E-03 9.877E-05 2.708E-02 2.708E-02
       5.500E+00 1.274E-06 2.344E-02 1.001E-07 2.223E-03 1.251E-04 2.579E-02 2.579E-02
       6.000E+00 1.070E-06 2.209E-02 9.035E-08 2.445E-03 1.517E-04 2.469E-02 2.469E-02
       6.500E+00 9.119E-07 2.091E-02 8.230E-08 2.654E-03 1.782E-04 2.374E-02 2.374E-02
       7.000E+00 7.862E-07 1.985E-02 7.556E-08 2.851E-03 2.045E-04 2.291E-02 2.291E-02
       7.500E+00 6.850E-07 1.891E-02 6.982E-08 3.039E-03 2.304E-04 2.219E-02 2.218E-02
       8.000E+00 6.022E-07 1.807E-02 6.488E-08 3.218E-03 2.558E-04 2.154E-02 2.154E-02
       8.500E+00 5.334E-07 1.731E-02 6.060E-08 3.388E-03 2.807E-04 2.098E-02 2.098E-02
       9.000E+00 4.757E-07 1.661E-02 5.686E-08 3.551E-03 3.050E-04 2.047E-02 2.047E-02
       9.500E+00 4.269E-07 1.597E-02 5.355E-08 3.706E-03 3.287E-04 2.001E-02 2.001E-02
       1.000E+01 3.853E-07 1.539E-02 5.059E-08 3.854E-03 3.519E-04 1.959E-02 1.959E-02