       1.000E-03 1.291E+00 1.101E-02 3.310E+03 0.000E+00 0.000E+00 3.311E+03 3.310E+03
       1.500E-03 1.175E+00 2.235E-02 1.081E+03 0.000E+00 0.000E+00 1.083E+03 1.081E+03
       2.000E-03 1.046E+00 3.511E-02 4.759E+02 0.000E+00 0.000E+00 4.770E+02 4.760E+02
       3.000E-03 8.001E-01 5.985E-02 1.448E+02 0.000E+00 0.000E+00 1.456E+02 1.448E+02
       4.000E-03 6.110E-01 8.023E-02 6.097E+01 0.000E+00 0.000E+00 6.166E+01 6.105E+01
       5.000E-03 4.772E-01 9.566E-02 3.087E+01 0.000E+00 0.000E+00 3.144E+01 3.097E+01
       6.000E-03 3.838E-01 1.072E-01 1.759E+01 0.000E+00 0.000E+00 1.808E+01 1.770E+01
       7.000E-03 3.173E-01 1.160E-01 1.089E+01 0.000E+00 0.000E+00 1.132E+01 1.101E+01
       8.000E-03 2.685E-01 1.229E-01 7.167E+00 0.000E+00 0.000E+00 7.559E+00 7.290E+00
       9.000E-03 2.317E-01 1.284E-01 4.946E+00 0.000E+00 0.000E+00 5.306E+00 5.074E+00
       1.000E-02 2.030E-01 1.330E-01 3.543E+00 0.000E+00 0.000E+00 3.879E+00 3.676E+00
       1.500E-02 1.206E-01 1.483E-01 9.674E-01 0.000E+00 0.000E+00 1.236E+00 1.116E+00
       2.000E-02 8.040E-02 1.567E-01 3.808E-01 0.000E+00 0.000E+00 6.179E-01 5.375E-01
       2.500E-02 5.699E-02 1.612E-01 1.837E-01 0.000E+00 0.000E+00 4.019E-01 3.449E-01
       3.000E-02 4.230E-02 1.634E-01 1.010E-01 0.000E+00 0.000E+00 3.066E-01 2.643E-01
       3.500E-02 3.258E-02 1.641E-01 6.074E-02 0.000E+00 0.000E+00 2.574E-01 2.248E-01
       4.000E-02 2.584E-02 1.639E-01 3.907E-02 0.000E+00 0.000E+00 2.288E-01 2.029E-01
       4.500E-02 2.098E-02 1.631E-01 2.646E-02 0.000E+00 0.000E+00 2.105E-01 1.895E-01
       5.000E-02 1.738E-02 1.619E-01 1.866E-02 0.000E+00 0.000E+00 1.980E-01 1.806E-01
       5.500E-02 1.462E-02 1.606E-01 1.360E-02 0.000E+00 0.000E+00 1.888E-01 1.742E-01
       6.000E-02 1.247E-02 1.591E-01 1.019E-02 0.000E+00 0.000E+00 1.817E-01 1.693E-01
       6.500E-02 1.076E-02 1.575E-01 7.808E-03 0.000E+00 0.000E+00 1.761E-01 1.653E-01
       7.000E-02 9.375E-03 1.559E-01 6.105E-03 0.000E+00 0.000E+00 1.714E-01 1.620E-01
       7.500E-02 8.239E-03 1.543E-01 4.855E-03 0.000E+00 0.000E+00 1.674E-01 1.592E-01
       8.000E-02 7.296E-03 1.527E-01 3.919E-03 0.000E+00 0.000E+00 1.639E-01 1.566E-01
       8.500E-02 6.505E-03 1.511E-01 3.204E-03 0.000E+00 0.000E+00 1.608E-01 1.543E-01
       9.000E-02 5.834E-03 1.494E-01 2.651E-03 0.000E+00 0.000E+00 1.579E-01 1.521E-01
       9.500E-02 5.261E-03 1.479E-01 2.215E-03 0.000E+00 0.000E+00 1.553E-01 1.501E-01
       1.000E-01 4.768E-03 1.463E-01 1.869E-03 0.000E+00 0.000E+00 1.529E-01 1.482E-01
       1.130E-01 3.767E-03 1.424E-01 1.247E-03 0.000E+00 0.000E+00 1.475E-01 1.437E-01
       1.250E-01 3.097E-03 1.391E-01 8.941E-04 0.000E+00 0.000E+00 1.431E-01 1.400E-01
       1.500E-01 2.170E-03 1.326E-01 4.919E-04 0.000E+00 0.000E+00 1.353E-01 1.331E-01
       1.750E-01 1.602E-03 1.269E-01 2.982E-04 0.000E+00 0.000E+00 1.288E-01 1.272E-01
       2.000E-01 1.231E-03 1.218E-01 1.942E-04 0.000E+00 0.000E+00 1.233E-01 1.220E-01
       2.250E-01 9.750E-04 1.173E-01 1.335E-04 0.000E+00 0.000E+00 1.184E-01 1.174E-01
       2.500E-01 7.912E-04 1.132E-01 9.581E-05 0.000E+00 0.000E+00 1.141E-01 1.133E-01
       2.750E-01 6.548E-04 1.096E-01 7.127E-05 0.000E+00 0.000E+00 1.103E-01 1.096E-01
       3.000E-01 5.508E-04 1.062E-01 5.460E-05 0.000E+00 0.000E+00 1.068E-01 1.063E-01
       3.500E-01 4.052E-04 1.003E-01 3.442E-05 0.000E+00 0.000E+00 1.007E-01 1.003E-01
       4.000E-01 3.105E-04 9.523E-02 2.334E-05 0.000E+00 0.000E+00 9.557E-02 9.526E-02
       4.500E-01 2.454E-04 9.084E-02 1.673E-05 0.000E+00 0.000E+00 9.110E-02 9.086E-02
       5.000E-01 1.989E-04 8.698E-02 1.256E-05 0.000E+00 0.000E+00 8.719E-02 8.699E-02
       5.500E-01 1.644E-04 8.355E-02 9.794E-06 0.000E+00 0.000E+00 8.373E-02 8.356E-02
       6.000E-01 1.382E-04 8.049E-02 7.821E-06 0.000E+00 0.000E+00 8.063E-02 8.049E-02
       6.500E-01 1.178E-04 7.772E-02 6.350E-06 0.000E+00 0.000E+00 7.785E-02 7.773E-02
       7.000E-01 1.016E-04 7.520E-02 5.270E-06 0.000E+00 0.000E+00 7.531E-02 7.521E-02
       7.500E-01 8.850E-05 7.288E-02 4.494E-06 0.000E+00 0.000E+00 7.297E-02 7.289E-02
       8.000E-01 7.778E-05 7.073E-02 3.946E-06 0.000E+00 0.000E+00 7.081E-02 7.073E-02
       8.500E-01 6.888E-05 6.872E-02 3.553E-06 0.000E+00 0.000E+00 6.879E-02 6.872E-02
       9.000E-01 6.143E-05 6.686E-02 3.209E-06 0.000E+00 0.000E+00 6.692E-02 6.686E-02
       9.500E-01 5.514E-05 6.515E-02 2.849E-06 0.000E+00 0.000E+00 6.521E-02 6.515E-02
       1.000E+00 4.979E-05 6.359E-02 2.452E-06 0.000E+00 0.000E+00 6.364E-02 6.359E-02
       1.130E+00 3.902E-05 5.992E-02 1.791E-06 2.402E-06 0.000E+00 5.996E-02 5.992E-02
       1.250E+00 3.188E-05 5.688E-02 1.545E-06 1.690E-05 0.000E+00 5.693E-02 5.690E-02
       1.500E+00 2.214E-05 5.168E-02 1.122E-06 9.360E-05 0.000E+00 5.180E-02 5.177E-02
       1.750E+00 1.627E-05 4.757E-02 8.667E-07 2.184E-04 0.000E+00 4.780E-02 4.779E-02
       2.000E+00 1.246E-05 4.411E-02 7.064E-07 3.726E-04 0.000E+00 4.450E-02 4.449E-02
       2.250E+00 9.833E-06 4.117E-02 5.929E-07 5.418E-04 2.527E-07 4.173E-02 4.172E-02
       2.500E+00 7.964E-06 3.871E-02 5.093E-07 7.163E-04 2.100E-06 3.943E-02 3.943E-02
       2.750E+00 6.583E-06 3.658E-02 4.455E-07 8.917E-04 6.115E-06 3.749E-02 3.748E-02
       3.000E+00 5.533E-06 3.471E-02 3.955E-07 1.066E-03 1.214E-05 3.579E-02 3.579E-02
       3.500E+00 4.067E-06 3.154E-02 3.225E-07 1.406E-03 2.877E-05 3.298E-02 3.297E-02
       4.000E+00 3.114E-06 2.895E-02 2.719E-07 1.730E-03 4.957E-05 3.074E-02 3.073E-02
       4.500E+00 2.460E-06 2.681E-02 2.347E-07 2.034E-03 7.328E-05 2.892E-02 2.892E-02
       5.000E+00 1.993E-06 2.500E-02 2.063E-07 2.321E-03 9.880E-05 2.742E-02 2.742E-02
       5.500E+00 1.647E-06 2.345E-02 1.840E-07 2.594E-03 1.251E-04 2.617E-02 2.617E-02
       6.000E+00 1.384E-06 2.210E-02 1.660E-07 2.853E-03 1.517E-04 2.511E-02 2.510E-02
       6.500E+00 1.179E-06 2.091E-02 1.512E-07 3.097E-03 1.783E-04 2.419E-02 2.419E-02
       7.000E+00 1.017E-06 1.986E-02 1.387E-07 3.326E-03 2.046E-04 2.340E-02 2.339E-02
       7.500E+00 8.858E-07 1.892E-02 1.282E-07 3.545E-03 2.305E-04 2.270E-02 2.270E-02
       8.000E+00 7.786E-07 1.808E-02 1.191E-07 3.754E-03 2.559E-04 2.209E-02 2.209E-02
       8.500E+00 6.898E-07 1.731E-02 1.112E-07 3.953E-03 2.808E-04 2.155E-02 2.155E-02
       9.000E+00 6.153E-07 1.662E-02 1.043E-07 4.142E-03 3.051E-04 2.106E-02 2.106E-02
       9.500E+00 5.522E-07 1.598E-02 9.818E-08 4.321E-03 3.289E-04 2.063E-02 2.063E-02
       1.000E+01 4.983E-07 1.540E-02 9.274E-08 4.493E-03 3.520E-04 2.024E-02 2.024E-02