       1.000E-03 1.501E+00 8.514E-03 4.588E+03 0.000E+00 0.000E+00 4.590E+03 4.588E+03
       1.500E-03 1.392E+00 1.768E-02 1.547E+03 0.000E+00 0.000E+00 1.549E+03 1.547E+03
       2.000E-03 1.263E+00 2.846E-02 6.937E+02 0.000E+00 0.000E+00 6.950E+02 6.937E+02
       3.000E-03 1.002E+00 5.089E-02 2.160E+02 0.000E+00 0.000E+00 2.171E+02 2.161E+02
       4.000E-03 7.833E-01 7.099E-02 9.229E+01 0.000E+00 0.000E+00 9.315E+01 9.236E+01
       5.000E-03 6.180E-01 8.744E-02 4.720E+01 0.000E+00 0.000E+00 4.791E+01 4.729E+01
       6.000E-03 4.980E-01 1.003E-01 2.710E+01 0.000E+00 0.000E+00 2.770E+01 2.720E+01
       7.000E-03 4.101E-01 1.103E-01 1.688E+01 0.000E+00 0.000E+00 1.740E+01 1.699E+01
       8.000E-03 3.447E-01 1.182E-01 1.117E+01 0.000E+00 0.000E+00 1.163E+01 1.129E+01
       9.000E-03 2.950E-01 1.244E-01 7.741E+00 0.000E+00 0.000E+00 8.160E+00 7.865E+00
       1.000E-02 2.565E-01 1.294E-01 5.567E+00 0.000E+00 0.000E+00 5.953E+00 5.696E+00
       1.500E-02 1.486E-01 1.454E-01 1.542E+00 0.000E+00 0.000E+00 1.836E+00 1.687E+00
       2.000E-02 9.888E-02 1.540E-01 6.124E-01 0.000E+00 0.000E+00 8.653E-01 7.664E-01
       2.500E-02 7.040E-02 1.588E-01 2.973E-01 0.000E+00 0.000E+00 5.265E-01 4.561E-01
       3.000E-02 5.247E-02 1.613E-01 1.641E-01 0.000E+00 0.000E+00 3.779E-01 3.254E-01
       3.500E-02 4.049E-02 1.623E-01 9.911E-02 0.000E+00 0.000E+00 3.019E-01 2.615E-01
       4.000E-02 3.215E-02 1.624E-01 6.395E-02 0.000E+00 0.000E+00 2.585E-01 2.264E-01
       4.500E-02 2.613E-02 1.619E-01 4.341E-02 0.000E+00 0.000E+00 2.314E-01 2.053E-01
       5.000E-02 2.166E-02 1.609E-01 3.068E-02 0.000E+00 0.000E+00 2.133E-01 1.916E-01
       5.500E-02 1.825E-02 1.597E-01 2.240E-02 0.000E+00 0.000E+00 2.004E-01 1.821E-01
       6.000E-02 1.558E-02 1.584E-01 1.681E-02 0.000E+00 0.000E+00 1.907E-01 1.752E-01
       6.500E-02 1.345E-02 1.569E-01 1.290E-02 0.000E+00 0.000E+00 1.832E-01 1.698E-01
       7.000E-02 1.173E-02 1.554E-01 1.010E-02 0.000E+00 0.000E+00 1.772E-01 1.655E-01
       7.500E-02 1.031E-02 1.538E-01 8.040E-03 0.000E+00 0.000E+00 1.721E-01 1.618E-01
       8.000E-02 9.139E-03 1.522E-01 6.497E-03 0.000E+00 0.000E+00 1.679E-01 1.587E-01
       8.500E-02 8.153E-03 1.506E-01 5.318E-03 0.000E+00 0.000E+00 1.641E-01 1.560E-01
       9.000E-02 7.318E-03 1.491E-01 4.403E-03 0.000E+00 0.000E+00 1.608E-01 1.535E-01
       9.500E-02 6.604E-03 1.476E-01 3.684E-03 0.000E+00 0.000E+00 1.578E-01 1.512E-01
       1.000E-01 5.988E-03 1.460E-01 3.111E-03 0.000E+00 0.000E+00 1.551E-01 1.492E-01
       1.130E-01 4.737E-03 1.422E-01 2.080E-03 0.000E+00 0.000E+00 1.491E-01 1.443E-01
       1.250E-01 3.898E-03 1.389E-01 1.493E-03 0.000E+00 0.000E+00 1.443E-01 1.404E-01
       1.500E-01 2.734E-03 1.325E-01 8.228E-04 0.000E+00 0.000E+00 1.361E-01 1.334E-01
       1.750E-01 2.021E-03 1.269E-01 4.991E-04 0.000E+00 0.000E+00 1.294E-01 1.274E-01
       2.000E-01 1.554E-03 1.218E-01 3.251E-04 0.000E+00 0.000E+00 1.237E-01 1.221E-01
       2.250E-01 1.231E-03 1.173E-01 2.237E-04 0.000E+00 0.000E+00 1.187E-01 1.175E-01
       2.500E-01 9.994E-04 1.132E-01 1.608E-04 0.000E+00 0.000E+00 1.144E-01 1.134E-01
       2.750E-01 8.272E-04 1.095E-01 1.198E-04 0.000E+00 0.000E+00 1.105E-01 1.097E-01
       3.000E-01 6.960E-04 1.062E-01 9.188E-05 0.000E+00 0.000E+00 1.070E-01 1.063E-01
       3.500E-01 5.122E-04 1.003E-01 5.797E-05 0.000E+00 0.000E+00 1.008E-01 1.003E-01
       4.000E-01 3.926E-04 9.523E-02 3.933E-05 0.000E+00 0.000E+00 9.566E-02 9.527E-02
       4.500E-01 3.104E-04 9.087E-02 2.823E-05 0.000E+00 0.000E+00 9.120E-02 9.089E-02
       5.000E-01 2.516E-04 8.702E-02 2.121E-05 0.000E+00 0.000E+00 8.730E-02 8.704E-02
       5.500E-01 2.080E-04 8.359E-02 1.653E-05 0.000E+00 0.000E+00 8.382E-02 8.361E-02
       6.000E-01 1.748E-04 8.051E-02 1.321E-05 0.000E+00 0.000E+00 8.070E-02 8.052E-02
       6.500E-01 1.490E-04 7.773E-02 1.074E-05 0.000E+00 0.000E+00 7.789E-02 7.774E-02
       7.000E-01 1.285E-04 7.520E-02 8.925E-06 0.000E+00 0.000E+00 7.534E-02 7.521E-02
       7.500E-01 1.120E-04 7.289E-02 7.608E-06 0.000E+00 0.000E+00 7.301E-02 7.290E-02
       8.000E-01 9.843E-05 7.076E-02 6.666E-06 0.000E+00 0.000E+00 7.087E-02 7.077E-02
       8.500E-01 8.718E-05 6.880E-02 5.979E-06 0.000E+00 0.000E+00 6.889E-02 6.880E-02
       9.000E-01 7.776E-05 6.697E-02 5.385E-06 0.000E+00 0.000E+00 6.705E-02 6.697E-02
       9.500E-01 6.980E-05 6.526E-02 4.785E-06 0.000E+00 0.000E+00 6.533E-02 6.526E-02
       1.000E+00 6.301E-05 6.365E-02 4.144E-06 0.000E+00 0.000E+00 6.372E-02 6.365E-02
       1.130E+00 4.938E-05 5.991E-02 3.057E-06 2.766E-06 0.000E+00 5.996E-02 5.991E-02
       1.250E+00 4.035E-05 5.691E-02 2.622E-06 1.942E-05 0.000E+00 5.697E-02 5.693E-02
       1.500E+00 2.801E-05 5.172E-02 1.902E-06 1.073E-04 0.000E+00 5.185E-02 5.183E-02
       1.750E+00 2.059E-05 4.762E-02 1.471E-06 2.504E-04 0.000E+00 4.789E-02 4.787E-02
       2.000E+00 1.576E-05 4.415E-02 1.197E-06 4.268E-04 0.000E+00 4.460E-02 4.458E-02
       2.250E+00 1.245E-05 4.119E-02 1.002E-06 6.197E-04 2.529E-07 4.182E-02 4.181E-02
       2.500E+00 1.008E-05 3.872E-02 8.606E-07 8.194E-04 2.101E-06 3.955E-02 3.954E-02
       2.750E+00 8.334E-06 3.660E-02 7.529E-07 1.020E-03 6.119E-06 3.763E-02 3.762E-02
       3.000E+00 7.005E-06 3.473E-02 6.685E-07 1.220E-03 1.215E-05 3.597E-02 3.596E-02
       3.500E+00 5.148E-06 3.155E-02 5.448E-07 1.609E-03 2.879E-05 3.320E-02 3.319E-02
       4.000E+00 3.941E-06 2.897E-02 4.588E-07 1.978E-03 4.961E-05 3.100E-02 3.100E-02
       4.500E+00 3.113E-06 2.683E-02 3.959E-07 2.326E-03 7.332E-05 2.923E-02 2.923E-02
       5.000E+00 2.521E-06 2.502E-02 3.479E-07 2.654E-03 9.884E-05 2.777E-02 2.777E-02
       5.500E+00 2.084E-06 2.346E-02 3.101E-07 2.966E-03 1.252E-04 2.655E-02 2.655E-02
       6.000E+00 1.751E-06 2.211E-02 2.797E-07 3.261E-03 1.518E-04 2.552E-02 2.552E-02
       6.500E+00 1.492E-06 2.092E-02 2.546E-07 3.539E-03 1.784E-04 2.464E-02 2.464E-02
       7.000E+00 1.287E-06 1.987E-02 2.336E-07 3.802E-03 2.047E-04 2.388E-02 2.388E-02
       7.500E+00 1.121E-06 1.893E-02 2.158E-07 4.050E-03 2.306E-04 2.321E-02 2.321E-02
       8.000E+00 9.850E-07 1.809E-02 2.005E-07 4.287E-03 2.561E-04 2.263E-02 2.263E-02
       8.500E+00 8.726E-07 1.732E-02 1.872E-07 4.515E-03 2.810E-04 2.212E-02 2.212E-02
       9.000E+00 7.784E-07 1.663E-02 1.755E-07 4.731E-03 3.053E-04 2.166E-02 2.166E-02
       9.500E+00 6.986E-07 1.599E-02 1.652E-07 4.936E-03 3.290E-04 2.126E-02 2.126E-02
       1.000E+01 6.305E-07 1.541E-02 1.561E-07 5.130E-03 3.522E-04 2.089E-02 2.089E-02