       1.000E-03 1.620E+00 6.432E-03 5.649E+03 0.000E+00 0.000E+00 5.650E+03 5.649E+03
       1.500E-03 1.522E+00 1.354E-02 1.977E+03 0.000E+00 0.000E+00 1.979E+03 1.977E+03
       2.000E-03 1.403E+00 2.215E-02 9.034E+02 0.000E+00 0.000E+00 9.048E+02 9.034E+02
       3.000E-03 1.149E+00 4.099E-02 2.876E+02 0.000E+00 0.000E+00 2.888E+02 2.876E+02
       4.000E-03 9.199E-01 5.899E-02 1.246E+02 0.000E+00 0.000E+00 1.256E+02 1.247E+02
       5.000E-03 7.370E-01 7.462E-02 6.432E+01 0.000E+00 0.000E+00 6.513E+01 6.439E+01
       6.000E-03 5.978E-01 8.755E-02 3.721E+01 0.000E+00 0.000E+00 3.790E+01 3.730E+01
       7.000E-03 4.934E-01 9.796E-02 2.331E+01 0.000E+00 0.000E+00 2.390E+01 2.341E+01
       8.000E-03 4.143E-01 1.063E-01 1.549E+01 0.000E+00 0.000E+00 1.601E+01 1.560E+01
       9.000E-03 3.534E-01 1.130E-01 1.078E+01 0.000E+00 0.000E+00 1.125E+01 1.090E+01
       1.000E-02 3.058E-01 1.184E-01 7.782E+00 0.000E+00 0.000E+00 8.206E+00 7.900E+00
       1.500E-02 1.734E-01 1.349E-01 2.184E+00 0.000E+00 0.000E+00 2.492E+00 2.319E+00
       2.000E-02 1.145E-01 1.434E-01 8.749E-01 0.000E+00 0.000E+00 1.133E+00 1.018E+00
       2.500E-02 8.151E-02 1.482E-01 4.273E-01 0.000E+00 0.000E+00 6.570E-01 5.755E-01
       3.000E-02 6.089E-02 1.509E-01 2.370E-01 0.000E+00 0.000E+00 4.488E-01 3.879E-01
       3.500E-02 4.709E-02 1.521E-01 1.436E-01 0.000E+00 0.000E+00 3.428E-01 2.957E-01
       4.000E-02 3.744E-02 1.524E-01 9.297E-02 0.000E+00 0.000E+00 2.828E-01 2.454E-01
       4.500E-02 3.045E-02 1.521E-01 6.328E-02 0.000E+00 0.000E+00 2.458E-01 2.154E-01
       5.000E-02 2.525E-02 1.514E-01 4.482E-02 0.000E+00 0.000E+00 2.214E-01 1.962E-01
       5.500E-02 2.127E-02 1.504E-01 3.278E-02 0.000E+00 0.000E+00 2.044E-01 1.831E-01
       6.000E-02 1.817E-02 1.492E-01 2.463E-02 0.000E+00 0.000E+00 1.920E-01 1.738E-01
       6.500E-02 1.569E-02 1.479E-01 1.893E-02 0.000E+00 0.000E+00 1.825E-01 1.668E-01
       7.000E-02 1.369E-02 1.465E-01 1.484E-02 0.000E+00 0.000E+00 1.750E-01 1.614E-01
       7.500E-02 1.205E-02 1.451E-01 1.182E-02 0.000E+00 0.000E+00 1.690E-01 1.569E-01
       8.000E-02 1.068E-02 1.437E-01 9.563E-03 0.000E+00 0.000E+00 1.639E-01 1.533E-01
       8.500E-02 9.535E-03 1.423E-01 7.835E-03 0.000E+00 0.000E+00 1.596E-01 1.501E-01
       9.000E-02 8.561E-03 1.408E-01 6.493E-03 0.000E+00 0.000E+00 1.559E-01 1.473E-01
       9.500E-02 7.729E-03 1.394E-01 5.436E-03 0.000E+00 0.000E+00 1.526E-01 1.448E-01
       1.000E-01 7.012E-03 1.380E-01 4.593E-03 0.000E+00 0.000E+00 1.496E-01 1.426E-01
       1.130E-01 5.552E-03 1.345E-01 3.077E-03 0.000E+00 0.000E+00 1.431E-01 1.375E-01
       1.250E-01 4.572E-03 1.314E-01 2.212E-03 0.000E+00 0.000E+00 1.381E-01 1.336E-01
       1.500E-01 3.211E-03 1.254E-01 1.222E-03 0.000E+00 0.000E+00 1.298E-01 1.266E-01
       1.750E-01 2.375E-03 1.200E-01 7.422E-04 0.000E+00 0.000E+00 1.232E-01 1.208E-01
       2.000E-01 1.827E-03 1.153E-01 4.840E-04 0.000E+00 0.000E+00 1.176E-01 1.158E-01
       2.250E-01 1.448E-03 1.110E-01 3.334E-04 0.000E+00 0.000E+00 1.128E-01 1.114E-01
       2.500E-01 1.176E-03 1.072E-01 2.399E-04 0.000E+00 0.000E+00 1.086E-01 1.074E-01
       2.750E-01 9.737E-04 1.037E-01 1.788E-04 0.000E+00 0.000E+00 1.049E-01 1.039E-01
       3.000E-01 8.194E-04 1.005E-01 1.373E-04 0.000E+00 0.000E+00 1.015E-01 1.007E-01
       3.500E-01 6.033E-04 9.498E-02 8.672E-05 0.000E+00 0.000E+00 9.567E-02 9.507E-02
       4.000E-01 4.625E-04 9.021E-02 5.890E-05 0.000E+00 0.000E+00 9.073E-02 9.027E-02
       4.500E-01 3.657E-04 8.607E-02 4.228E-05 0.000E+00 0.000E+00 8.647E-02 8.611E-02
       5.000E-01 2.963E-04 8.242E-02 3.176E-05 0.000E+00 0.000E+00 8.274E-02 8.245E-02
       5.500E-01 2.450E-04 7.917E-02 2.476E-05 0.000E+00 0.000E+00 7.944E-02 7.920E-02
       6.000E-01 2.060E-04 7.627E-02 1.980E-05 0.000E+00 0.000E+00 7.649E-02 7.629E-02
       6.500E-01 1.755E-04 7.364E-02 1.612E-05 0.000E+00 0.000E+00 7.383E-02 7.366E-02
       7.000E-01 1.514E-04 7.125E-02 1.341E-05 0.000E+00 0.000E+00 7.142E-02 7.127E-02
       7.500E-01 1.319E-04 6.906E-02 1.143E-05 0.000E+00 0.000E+00 6.921E-02 6.907E-02
       8.000E-01 1.160E-04 6.704E-02 9.994E-06 0.000E+00 0.000E+00 6.717E-02 6.705E-02
       8.500E-01 1.027E-04 6.517E-02 8.930E-06 0.000E+00 0.000E+00 6.528E-02 6.518E-02
       9.000E-01 9.166E-05 6.342E-02 8.019E-06 0.000E+00 0.000E+00 6.352E-02 6.343E-02
       9.500E-01 8.227E-05 6.180E-02 7.131E-06 0.000E+00 0.000E+00 6.189E-02 6.181E-02
       1.000E+00 7.424E-05 6.029E-02 6.213E-06 0.000E+00 0.000E+00 6.037E-02 6.030E-02
       1.130E+00 5.813E-05 5.676E-02 4.625E-06 2.933E-06 0.000E+00 5.683E-02 5.677E-02
       1.250E+00 4.752E-05 5.392E-02 3.943E-06 2.062E-05 0.000E+00 5.399E-02 5.394E-02
       1.500E+00 3.300E-05 4.901E-02 2.862E-06 1.141E-04 0.000E+00 4.916E-02 4.912E-02
       1.750E+00 2.424E-05 4.504E-02 2.212E-06 2.664E-04 0.000E+00 4.534E-02 4.531E-02
       2.000E+00 1.857E-05 4.181E-02 1.797E-06 4.546E-04 0.000E+00 4.228E-02 4.227E-02
       2.250E+00 1.468E-05 3.910E-02 1.504E-06 6.611E-04 2.394E-07 3.978E-02 3.976E-02
       2.500E+00 1.189E-05 3.675E-02 1.291E-06 8.741E-04 1.990E-06 3.764E-02 3.763E-02
       2.750E+00 9.824E-06 3.470E-02 1.129E-06 1.088E-03 5.795E-06 3.581E-02 3.580E-02
       3.000E+00 8.254E-06 3.290E-02 1.002E-06 1.300E-03 1.151E-05 3.422E-02 3.422E-02
       3.500E+00 6.065E-06 2.989E-02 8.156E-07 1.714E-03 2.728E-05 3.163E-02 3.163E-02
       4.000E+00 4.644E-06 2.744E-02 6.866E-07 2.108E-03 4.701E-05 2.960E-02 2.960E-02
       4.500E+00 3.669E-06 2.542E-02 5.921E-07 2.479E-03 6.947E-05 2.797E-02 2.797E-02
       5.000E+00 2.971E-06 2.370E-02 5.202E-07 2.829E-03 9.364E-05 2.663E-02 2.662E-02
       5.500E+00 2.456E-06 2.223E-02 4.637E-07 3.160E-03 1.186E-04 2.551E-02 2.551E-02
       6.000E+00 2.064E-06 2.095E-02 4.181E-07 3.474E-03 1.438E-04 2.457E-02 2.457E-02
       6.500E+00 1.758E-06 1.983E-02 3.805E-07 3.771E-03 1.690E-04 2.377E-02 2.377E-02
       7.000E+00 1.516E-06 1.883E-02 3.490E-07 4.051E-03 1.939E-04 2.308E-02 2.307E-02
       7.500E+00 1.321E-06 1.794E-02 3.223E-07 4.316E-03 2.185E-04 2.247E-02 2.247E-02
       8.000E+00 1.161E-06 1.714E-02 2.994E-07 4.568E-03 2.426E-04 2.195E-02 2.195E-02
       8.500E+00 1.028E-06 1.641E-02 2.795E-07 4.808E-03 2.662E-04 2.149E-02 2.148E-02
       9.000E+00 9.170E-07 1.575E-02 2.620E-07 5.037E-03 2.892E-04 2.108E-02 2.108E-02
       9.500E+00 8.231E-07 1.515E-02 2.466E-07 5.256E-03 3.118E-04 2.072E-02 2.072E-02
       1.000E+01 7.430E-07 1.459E-02 2.329E-07 5.465E-03 3.338E-04 2.039E-02 2.039E-02