       1.000E-03 1.900E+00 5.479E-03 7.407E+03 0.000E+00 0.000E+00 7.409E+03 7.407E+03
       1.500E-03 1.803E+00 1.164E-02 2.664E+03 0.000E+00 0.000E+00 2.666E+03 2.664E+03
       2.000E-03 1.683E+00 1.925E-02 1.241E+03 0.000E+00 0.000E+00 1.243E+03 1.241E+03
       3.000E-03 1.415E+00 3.644E-02 4.038E+02 0.000E+00 0.000E+00 4.052E+02 4.038E+02
       4.000E-03 1.160E+00 5.360E-02 1.772E+02 0.000E+00 0.000E+00 1.784E+02 1.773E+02
       5.000E-03 9.445E-01 6.923E-02 9.236E+01 0.000E+00 0.000E+00 9.338E+01 9.243E+01
       6.000E-03 7.741E-01 8.278E-02 5.384E+01 0.000E+00 0.000E+00 5.469E+01 5.392E+01
       7.000E-03 6.423E-01 9.418E-02 3.391E+01 0.000E+00 0.000E+00 3.465E+01 3.401E+01
       8.000E-03 5.404E-01 1.036E-01 2.264E+01 0.000E+00 0.000E+00 2.328E+01 2.274E+01
       9.000E-03 4.610E-01 1.114E-01 1.581E+01 0.000E+00 0.000E+00 1.639E+01 1.592E+01
       1.000E-02 3.984E-01 1.178E-01 1.145E+01 0.000E+00 0.000E+00 1.197E+01 1.157E+01
       1.500E-02 2.226E-01 1.374E-01 3.253E+00 0.000E+00 0.000E+00 3.613E+00 3.390E+00
       2.000E-02 1.455E-01 1.470E-01 1.313E+00 0.000E+00 0.000E+00 1.606E+00 1.460E+00
       2.500E-02 1.034E-01 1.525E-01 6.450E-01 0.000E+00 0.000E+00 9.009E-01 7.975E-01
       3.000E-02 7.729E-02 1.556E-01 3.593E-01 0.000E+00 0.000E+00 5.922E-01 5.149E-01
       3.500E-02 5.984E-02 1.572E-01 2.185E-01 0.000E+00 0.000E+00 4.356E-01 3.757E-01
       4.000E-02 4.763E-02 1.578E-01 1.418E-01 0.000E+00 0.000E+00 3.472E-01 2.996E-01
       4.500E-02 3.878E-02 1.577E-01 9.676E-02 0.000E+00 0.000E+00 2.932E-01 2.544E-01
       5.000E-02 3.217E-02 1.571E-01 6.867E-02 0.000E+00 0.000E+00 2.579E-01 2.258E-01
       5.500E-02 2.710E-02 1.562E-01 5.032E-02 0.000E+00 0.000E+00 2.336E-01 2.065E-01
       6.000E-02 2.314E-02 1.551E-01 3.787E-02 0.000E+00 0.000E+00 2.161E-01 1.930E-01
       6.500E-02 1.999E-02 1.539E-01 2.915E-02 0.000E+00 0.000E+00 2.030E-01 1.830E-01
       7.000E-02 1.744E-02 1.526E-01 2.288E-02 0.000E+00 0.000E+00 1.929E-01 1.754E-01
       7.500E-02 1.535E-02 1.512E-01 1.825E-02 0.000E+00 0.000E+00 1.848E-01 1.694E-01
       8.000E-02 1.362E-02 1.497E-01 1.478E-02 0.000E+00 0.000E+00 1.781E-01 1.645E-01
       8.500E-02 1.216E-02 1.483E-01 1.212E-02 0.000E+00 0.000E+00 1.725E-01 1.604E-01
       9.000E-02 1.092E-02 1.468E-01 1.005E-02 0.000E+00 0.000E+00 1.678E-01 1.569E-01
       9.500E-02 9.860E-03 1.454E-01 8.421E-03 0.000E+00 0.000E+00 1.636E-01 1.538E-01
       1.000E-01 8.947E-03 1.439E-01 7.120E-03 0.000E+00 0.000E+00 1.600E-01 1.511E-01
       1.130E-01 7.089E-03 1.403E-01 4.777E-03 0.000E+00 0.000E+00 1.522E-01 1.451E-01
       1.250E-01 5.841E-03 1.371E-01 3.438E-03 0.000E+00 0.000E+00 1.464E-01 1.405E-01
       1.500E-01 4.106E-03 1.309E-01 1.903E-03 0.000E+00 0.000E+00 1.370E-01 1.329E-01
       1.750E-01 3.040E-03 1.254E-01 1.159E-03 0.000E+00 0.000E+00 1.296E-01 1.266E-01
       2.000E-01 2.340E-03 1.205E-01 7.568E-04 0.000E+00 0.000E+00 1.236E-01 1.213E-01
       2.250E-01 1.855E-03 1.161E-01 5.216E-04 0.000E+00 0.000E+00 1.185E-01 1.166E-01
       2.500E-01 1.507E-03 1.121E-01 3.754E-04 0.000E+00 0.000E+00 1.140E-01 1.125E-01
       2.750E-01 1.248E-03 1.084E-01 2.799E-04 0.000E+00 0.000E+00 1.100E-01 1.087E-01
       3.000E-01 1.050E-03 1.051E-01 2.149E-04 0.000E+00 0.000E+00 1.064E-01 1.054E-01
       3.500E-01 7.733E-04 9.931E-02 1.360E-04 0.000E+00 0.000E+00 1.002E-01 9.944E-02
       4.000E-01 5.930E-04 9.433E-02 9.248E-05 0.000E+00 0.000E+00 9.502E-02 9.442E-02
       4.500E-01 4.690E-04 9.002E-02 6.647E-05 0.000E+00 0.000E+00 9.056E-02 9.009E-02
       5.000E-01 3.802E-04 8.622E-02 4.996E-05 0.000E+00 0.000E+00 8.665E-02 8.627E-02
       5.500E-01 3.143E-04 8.282E-02 3.893E-05 0.000E+00 0.000E+00 8.317E-02 8.285E-02
       6.000E-01 2.642E-04 7.977E-02 3.113E-05 0.000E+00 0.000E+00 8.006E-02 7.980E-02
       6.500E-01 2.252E-04 7.703E-02 2.537E-05 0.000E+00 0.000E+00 7.728E-02 7.705E-02
       7.000E-01 1.943E-04 7.454E-02 2.113E-05 0.000E+00 0.000E+00 7.475E-02 7.456E-02
       7.500E-01 1.693E-04 7.225E-02 1.801E-05 0.000E+00 0.000E+00 7.244E-02 7.227E-02
       8.000E-01 1.488E-04 7.013E-02 1.573E-05 0.000E+00 0.000E+00 7.029E-02 7.015E-02
       8.500E-01 1.318E-04 6.816E-02 1.402E-05 0.000E+00 0.000E+00 6.831E-02 6.817E-02
       9.000E-01 1.175E-04 6.633E-02 1.257E-05 0.000E+00 0.000E+00 6.646E-02 6.634E-02
       9.500E-01 1.055E-04 6.463E-02 1.118E-05 0.000E+00 0.000E+00 6.475E-02 6.464E-02
       1.000E+00 9.523E-05 6.306E-02 9.779E-06 0.000E+00 0.000E+00 6.316E-02 6.307E-02
       1.130E+00 7.463E-05 5.937E-02 7.325E-06 3.443E-06 0.000E+00 5.945E-02 5.938E-02
       1.250E+00 6.097E-05 5.637E-02 6.225E-06 2.414E-05 0.000E+00 5.646E-02 5.640E-02
       1.500E+00 4.235E-05 5.127E-02 4.512E-06 1.332E-04 0.000E+00 5.145E-02 5.141E-02
       1.750E+00 3.112E-05 4.715E-02 3.485E-06 3.107E-04 0.000E+00 4.750E-02 4.747E-02
       2.000E+00 2.382E-05 4.375E-02 2.829E-06 5.297E-04 0.000E+00 4.431E-02 4.428E-02
       2.250E+00 1.883E-05 4.089E-02 2.368E-06 7.694E-04 2.508E-07 4.168E-02 4.166E-02
       2.500E+00 1.525E-05 3.843E-02 2.030E-06 1.017E-03 2.083E-06 3.946E-02 3.945E-02
       2.750E+00 1.260E-05 3.629E-02 1.774E-06 1.266E-03 6.065E-06 3.757E-02 3.756E-02
       3.000E+00 1.059E-05 3.441E-02 1.574E-06 1.512E-03 1.204E-05 3.595E-02 3.593E-02
       3.500E+00 7.780E-06 3.126E-02 1.281E-06 1.994E-03 2.852E-05 3.329E-02 3.328E-02
       4.000E+00 5.957E-06 2.871E-02 1.078E-06 2.451E-03 4.915E-05 3.122E-02 3.121E-02
       4.500E+00 4.708E-06 2.659E-02 9.289E-07 2.882E-03 7.266E-05 2.955E-02 2.954E-02
       5.000E+00 3.814E-06 2.479E-02 8.156E-07 3.289E-03 9.797E-05 2.818E-02 2.818E-02
       5.500E+00 3.152E-06 2.325E-02 7.267E-07 3.674E-03 1.241E-04 2.705E-02 2.705E-02
       6.000E+00 2.648E-06 2.191E-02 6.550E-07 4.038E-03 1.505E-04 2.610E-02 2.610E-02
       6.500E+00 2.256E-06 2.074E-02 5.961E-07 4.380E-03 1.768E-04 2.530E-02 2.530E-02
       7.000E+00 1.945E-06 1.970E-02 5.467E-07 4.703E-03 2.029E-04 2.460E-02 2.460E-02
       7.500E+00 1.695E-06 1.876E-02 5.048E-07 5.012E-03 2.285E-04 2.401E-02 2.400E-02
       8.000E+00 1.489E-06 1.792E-02 4.688E-07 5.306E-03 2.538E-04 2.349E-02 2.348E-02
       8.500E+00 1.319E-06 1.717E-02 4.375E-07 5.586E-03 2.784E-04 2.303E-02 2.303E-02
       9.000E+00 1.177E-06 1.648E-02 4.100E-07 5.852E-03 3.026E-04 2.263E-02 2.263E-02
       9.500E+00 1.056E-06 1.585E-02 3.858E-07 6.106E-03 3.262E-04 2.228E-02 2.228E-02
       1.000E+01 9.532E-07 1.527E-02 3.644E-07 6.348E-03 3.492E-04 2.197E-02 2.196E-02