       1.000E-03 1.919E+00 1.270E-02 6.523E+02 0.000E+00 0.000E+00 6.542E+02 6.523E+02
       1.500E-03 1.775E+00 1.994E-02 3.193E+03 0.000E+00 0.000E+00 3.195E+03 3.193E+03
       2.000E-03 1.641E+00 2.638E-02 1.519E+03 0.000E+00 0.000E+00 1.521E+03 1.519E+03
       3.000E-03 1.403E+00 3.948E-02 5.056E+02 0.000E+00 0.000E+00 5.070E+02 5.056E+02
       4.000E-03 1.185E+00 5.284E-02 2.249E+02 0.000E+00 0.000E+00 2.261E+02 2.250E+02
       5.000E-03 9.925E-01 6.557E-02 1.183E+02 0.000E+00 0.000E+00 1.194E+02 1.184E+02
       6.000E-03 8.306E-01 7.717E-02 6.939E+01 0.000E+00 0.000E+00 7.030E+01 6.947E+01
       7.000E-03 6.987E-01 8.740E-02 4.396E+01 0.000E+00 0.000E+00 4.475E+01 4.405E+01
       8.000E-03 5.931E-01 9.624E-02 2.950E+01 0.000E+00 0.000E+00 3.018E+01 2.959E+01
       9.000E-03 5.086E-01 1.038E-01 2.068E+01 0.000E+00 0.000E+00 2.129E+01 2.079E+01
       1.000E-02 4.409E-01 1.101E-01 1.502E+01 0.000E+00 0.000E+00 1.557E+01 1.513E+01
       1.500E-02 2.470E-01 1.300E-01 4.317E+00 0.000E+00 0.000E+00 4.694E+00 4.447E+00
       2.000E-02 1.612E-01 1.397E-01 1.756E+00 0.000E+00 0.000E+00 2.057E+00 1.896E+00
       2.500E-02 1.147E-01 1.452E-01 8.676E-01 0.000E+00 0.000E+00 1.128E+00 1.013E+00
       3.000E-02 8.597E-02 1.484E-01 4.854E-01 0.000E+00 0.000E+00 7.198E-01 6.338E-01
       3.500E-02 6.675E-02 1.502E-01 2.962E-01 0.000E+00 0.000E+00 5.131E-01 4.464E-01
       4.000E-02 5.325E-02 1.509E-01 1.927E-01 0.000E+00 0.000E+00 3.969E-01 3.437E-01
       4.500E-02 4.343E-02 1.510E-01 1.318E-01 0.000E+00 0.000E+00 3.262E-01 2.828E-01
       5.000E-02 3.607E-02 1.506E-01 9.370E-02 0.000E+00 0.000E+00 2.804E-01 2.443E-01
       5.500E-02 3.042E-02 1.499E-01 6.880E-02 0.000E+00 0.000E+00 2.491E-01 2.187E-01
       6.000E-02 2.600E-02 1.489E-01 5.187E-02 0.000E+00 0.000E+00 2.268E-01 2.008E-01
       6.500E-02 2.247E-02 1.478E-01 3.998E-02 0.000E+00 0.000E+00 2.103E-01 1.878E-01
       7.000E-02 1.962E-02 1.466E-01 3.141E-02 0.000E+00 0.000E+00 1.976E-01 1.780E-01
       7.500E-02 1.727E-02 1.453E-01 2.508E-02 0.000E+00 0.000E+00 1.877E-01 1.704E-01
       8.000E-02 1.533E-02 1.440E-01 2.032E-02 0.000E+00 0.000E+00 1.796E-01 1.643E-01
       8.500E-02 1.369E-02 1.426E-01 1.668E-02 0.000E+00 0.000E+00 1.730E-01 1.593E-01
       9.000E-02 1.230E-02 1.413E-01 1.385E-02 0.000E+00 0.000E+00 1.674E-01 1.551E-01
       9.500E-02 1.111E-02 1.399E-01 1.161E-02 0.000E+00 0.000E+00 1.627E-01 1.516E-01
       1.000E-01 1.009E-02 1.386E-01 9.826E-03 0.000E+00 0.000E+00 1.585E-01 1.484E-01
       1.130E-01 8.002E-03 1.352E-01 6.601E-03 0.000E+00 0.000E+00 1.498E-01 1.418E-01
       1.250E-01 6.598E-03 1.321E-01 4.756E-03 0.000E+00 0.000E+00 1.435E-01 1.369E-01
       1.500E-01 4.642E-03 1.262E-01 2.638E-03 0.000E+00 0.000E+00 1.335E-01 1.289E-01
       1.750E-01 3.439E-03 1.210E-01 1.609E-03 0.000E+00 0.000E+00 1.260E-01 1.226E-01
       2.000E-01 2.648E-03 1.162E-01 1.053E-03 0.000E+00 0.000E+00 1.199E-01 1.173E-01
       2.250E-01 2.102E-03 1.120E-01 7.264E-04 0.000E+00 0.000E+00 1.148E-01 1.127E-01
       2.500E-01 1.708E-03 1.081E-01 5.233E-04 0.000E+00 0.000E+00 1.104E-01 1.087E-01
       2.750E-01 1.415E-03 1.046E-01 3.904E-04 0.000E+00 0.000E+00 1.064E-01 1.050E-01
       3.000E-01 1.191E-03 1.015E-01 2.999E-04 0.000E+00 0.000E+00 1.029E-01 1.018E-01
       3.500E-01 8.772E-04 9.585E-02 1.899E-04 0.000E+00 0.000E+00 9.691E-02 9.604E-02
       4.000E-01 6.727E-04 9.105E-02 1.292E-04 0.000E+00 0.000E+00 9.186E-02 9.118E-02
       4.500E-01 5.321E-04 8.689E-02 9.293E-05 0.000E+00 0.000E+00 8.751E-02 8.698E-02
       5.000E-01 4.314E-04 8.322E-02 6.989E-05 0.000E+00 0.000E+00 8.372E-02 8.329E-02
       5.500E-01 3.568E-04 7.995E-02 5.449E-05 0.000E+00 0.000E+00 8.036E-02 8.001E-02
       6.000E-01 2.999E-04 7.701E-02 4.359E-05 0.000E+00 0.000E+00 7.736E-02 7.706E-02
       6.500E-01 2.556E-04 7.435E-02 3.556E-05 0.000E+00 0.000E+00 7.464E-02 7.439E-02
       7.000E-01 2.205E-04 7.193E-02 2.963E-05 0.000E+00 0.000E+00 7.218E-02 7.196E-02
       7.500E-01 1.921E-04 6.972E-02 2.526E-05 0.000E+00 0.000E+00 6.994E-02 6.975E-02
       8.000E-01 1.689E-04 6.769E-02 2.203E-05 0.000E+00 0.000E+00 6.788E-02 6.771E-02
       8.500E-01 1.496E-04 6.581E-02 1.960E-05 0.000E+00 0.000E+00 6.598E-02 6.583E-02
       9.000E-01 1.335E-04 6.406E-02 1.755E-05 0.000E+00 0.000E+00 6.422E-02 6.408E-02
       9.500E-01 1.198E-04 6.243E-02 1.562E-05 0.000E+00 0.000E+00 6.256E-02 6.244E-02
       1.000E+00 1.081E-04 6.088E-02 1.369E-05 0.000E+00 0.000E+00 6.100E-02 6.089E-02
       1.130E+00 8.469E-05 5.728E-02 1.030E-05 3.698E-06 0.000E+00 5.738E-02 5.729E-02
       1.250E+00 6.923E-05 5.443E-02 8.731E-06 2.585E-05 0.000E+00 5.454E-02 5.447E-02
       1.500E+00 4.809E-05 4.948E-02 6.329E-06 1.421E-04 0.000E+00 4.968E-02 4.963E-02
       1.750E+00 3.536E-05 4.551E-02 4.887E-06 3.307E-04 0.000E+00 4.589E-02 4.585E-02
       2.000E+00 2.706E-05 4.223E-02 3.963E-06 5.640E-04 0.000E+00 4.282E-02 4.279E-02
       2.250E+00 2.136E-05 3.945E-02 3.314E-06 8.198E-04 2.420E-07 4.030E-02 4.028E-02
       2.500E+00 1.730E-05 3.709E-02 2.841E-06 1.083E-03 2.011E-06 3.820E-02 3.818E-02
       2.750E+00 1.430E-05 3.505E-02 2.482E-06 1.347E-03 5.855E-06 3.642E-02 3.640E-02
       3.000E+00 1.202E-05 3.324E-02 2.200E-06 1.608E-03 1.163E-05 3.488E-02 3.486E-02
       3.500E+00 8.835E-06 3.019E-02 1.789E-06 2.118E-03 2.754E-05 3.235E-02 3.234E-02
       4.000E+00 6.764E-06 2.771E-02 1.504E-06 2.604E-03 4.747E-05 3.037E-02 3.037E-02
       4.500E+00 5.345E-06 2.567E-02 1.296E-06 3.061E-03 7.016E-05 2.880E-02 2.880E-02
       5.000E+00 4.330E-06 2.394E-02 1.138E-06 3.492E-03 9.459E-05 2.753E-02 2.752E-02
       5.500E+00 3.579E-06 2.245E-02 1.013E-06 3.900E-03 1.198E-04 2.647E-02 2.647E-02
       6.000E+00 3.007E-06 2.116E-02 9.132E-07 4.285E-03 1.453E-04 2.559E-02 2.559E-02
       6.500E+00 2.562E-06 2.002E-02 8.307E-07 4.649E-03 1.707E-04 2.485E-02 2.484E-02
       7.000E+00 2.209E-06 1.902E-02 7.617E-07 4.993E-03 1.959E-04 2.421E-02 2.421E-02
       7.500E+00 1.924E-06 1.812E-02 7.032E-07 5.320E-03 2.207E-04 2.366E-02 2.366E-02
       8.000E+00 1.691E-06 1.731E-02 6.530E-07 5.632E-03 2.450E-04 2.319E-02 2.318E-02
       8.500E+00 1.498E-06 1.657E-02 6.095E-07 5.927E-03 2.688E-04 2.277E-02 2.277E-02
       9.000E+00 1.336E-06 1.591E-02 5.713E-07 6.208E-03 2.921E-04 2.241E-02 2.241E-02
       9.500E+00 1.199E-06 1.530E-02 5.374E-07 6.478E-03 3.147E-04 2.209E-02 2.209E-02
       1.000E+01 1.082E-06 1.474E-02 5.074E-07 6.735E-03 3.369E-04 2.181E-02 2.181E-02