       1.000E-03 2.146E+00 1.543E-02 9.202E+02 0.000E+00 0.000E+00 9.224E+02 9.202E+02
       1.500E-03 1.956E+00 2.535E-02 4.002E+03 0.000E+00 0.000E+00 4.004E+03 4.002E+03
       2.000E-03 1.781E+00 3.310E-02 1.930E+03 0.000E+00 0.000E+00 1.932E+03 1.930E+03
       3.000E-03 1.499E+00 4.562E-02 6.568E+02 0.000E+00 0.000E+00 6.584E+02 6.569E+02
       4.000E-03 1.279E+00 5.726E-02 2.961E+02 0.000E+00 0.000E+00 2.974E+02 2.961E+02
       5.000E-03 1.091E+00 6.844E-02 1.571E+02 0.000E+00 0.000E+00 1.583E+02 1.572E+02
       6.000E-03 9.296E-01 7.887E-02 9.279E+01 0.000E+00 0.000E+00 9.380E+01 9.287E+01
       7.000E-03 7.933E-01 8.835E-02 5.909E+01 0.000E+00 0.000E+00 5.997E+01 5.918E+01
       8.000E-03 6.804E-01 9.681E-02 3.982E+01 0.000E+00 0.000E+00 4.059E+01 3.991E+01
       9.000E-03 5.876E-01 1.042E-01 2.803E+01 0.000E+00 0.000E+00 2.872E+01 2.814E+01
       1.000E-02 5.117E-01 1.107E-01 2.043E+01 0.000E+00 0.000E+00 2.106E+01 2.054E+01
       1.500E-02 2.884E-01 1.318E-01 5.937E+00 0.000E+00 0.000E+00 6.357E+00 6.068E+00
       2.000E-02 1.880E-01 1.422E-01 2.433E+00 0.000E+00 0.000E+00 2.763E+00 2.575E+00
       2.500E-02 1.338E-01 1.481E-01 1.208E+00 0.000E+00 0.000E+00 1.490E+00 1.356E+00
       3.000E-02 1.005E-01 1.515E-01 6.784E-01 0.000E+00 0.000E+00 9.304E-01 8.299E-01
       3.500E-02 7.827E-02 1.534E-01 4.154E-01 0.000E+00 0.000E+00 6.471E-01 5.688E-01
       4.000E-02 6.261E-02 1.544E-01 2.711E-01 0.000E+00 0.000E+00 4.880E-01 4.254E-01
       4.500E-02 5.116E-02 1.546E-01 1.858E-01 0.000E+00 0.000E+00 3.915E-01 3.404E-01
       5.000E-02 4.254E-02 1.543E-01 1.324E-01 0.000E+00 0.000E+00 3.292E-01 2.867E-01
       5.500E-02 3.592E-02 1.537E-01 9.732E-02 0.000E+00 0.000E+00 2.869E-01 2.510E-01
       6.000E-02 3.072E-02 1.528E-01 7.346E-02 0.000E+00 0.000E+00 2.570E-01 2.263E-01
       6.500E-02 2.658E-02 1.517E-01 5.671E-02 0.000E+00 0.000E+00 2.350E-01 2.085E-01
       7.000E-02 2.321E-02 1.506E-01 4.461E-02 0.000E+00 0.000E+00 2.184E-01 1.952E-01
       7.500E-02 2.045E-02 1.493E-01 3.568E-02 0.000E+00 0.000E+00 2.055E-01 1.850E-01
       8.000E-02 1.815E-02 1.480E-01 2.894E-02 0.000E+00 0.000E+00 1.951E-01 1.770E-01
       8.500E-02 1.622E-02 1.467E-01 2.377E-02 0.000E+00 0.000E+00 1.867E-01 1.705E-01
       9.000E-02 1.458E-02 1.453E-01 1.975E-02 0.000E+00 0.000E+00 1.797E-01 1.651E-01
       9.500E-02 1.318E-02 1.440E-01 1.657E-02 0.000E+00 0.000E+00 1.737E-01 1.605E-01
       1.000E-01 1.197E-02 1.426E-01 1.403E-02 0.000E+00 0.000E+00 1.686E-01 1.566E-01
       1.130E-01 9.499E-03 1.391E-01 9.438E-03 0.000E+00 0.000E+00 1.581E-01 1.486E-01
       1.250E-01 7.839E-03 1.361E-01 6.810E-03 0.000E+00 0.000E+00 1.507E-01 1.429E-01
       1.500E-01 5.523E-03 1.301E-01 3.786E-03 0.000E+00 0.000E+00 1.394E-01 1.338E-01
       1.750E-01 4.096E-03 1.247E-01 2.313E-03 0.000E+00 0.000E+00 1.311E-01 1.270E-01
       2.000E-01 3.157E-03 1.198E-01 1.514E-03 0.000E+00 0.000E+00 1.245E-01 1.213E-01
       2.250E-01 2.506E-03 1.155E-01 1.046E-03 0.000E+00 0.000E+00 1.190E-01 1.165E-01
       2.500E-01 2.037E-03 1.115E-01 7.544E-04 0.000E+00 0.000E+00 1.143E-01 1.123E-01
       2.750E-01 1.687E-03 1.079E-01 5.632E-04 0.000E+00 0.000E+00 1.102E-01 1.085E-01
       3.000E-01 1.421E-03 1.046E-01 4.329E-04 0.000E+00 0.000E+00 1.065E-01 1.051E-01
       3.500E-01 1.047E-03 9.887E-02 2.741E-04 0.000E+00 0.000E+00 1.002E-01 9.914E-02
       4.000E-01 8.030E-04 9.393E-02 1.867E-04 0.000E+00 0.000E+00 9.492E-02 9.412E-02
       4.500E-01 6.354E-04 8.964E-02 1.344E-04 0.000E+00 0.000E+00 9.041E-02 8.977E-02
       5.000E-01 5.151E-04 8.585E-02 1.011E-04 0.000E+00 0.000E+00 8.647E-02 8.595E-02
       5.500E-01 4.259E-04 8.249E-02 7.891E-05 0.000E+00 0.000E+00 8.299E-02 8.256E-02
       6.000E-01 3.580E-04 7.946E-02 6.316E-05 0.000E+00 0.000E+00 7.988E-02 7.952E-02
       6.500E-01 3.052E-04 7.672E-02 5.155E-05 0.000E+00 0.000E+00 7.708E-02 7.678E-02
       7.000E-01 2.633E-04 7.423E-02 4.296E-05 0.000E+00 0.000E+00 7.454E-02 7.428E-02
       7.500E-01 2.294E-04 7.195E-02 3.661E-05 0.000E+00 0.000E+00 7.222E-02 7.199E-02
       8.000E-01 2.017E-04 6.985E-02 3.191E-05 0.000E+00 0.000E+00 7.008E-02 6.988E-02
       8.500E-01 1.787E-04 6.790E-02 2.836E-05 0.000E+00 0.000E+00 6.811E-02 6.793E-02
       9.000E-01 1.594E-04 6.609E-02 2.538E-05 0.000E+00 0.000E+00 6.628E-02 6.612E-02
       9.500E-01 1.430E-04 6.440E-02 2.259E-05 0.000E+00 0.000E+00 6.456E-02 6.442E-02
       1.000E+00 1.291E-04 6.281E-02 1.985E-05 0.000E+00 0.000E+00 6.296E-02 6.283E-02
       1.130E+00 1.012E-04 5.912E-02 1.497E-05 4.214E-06 0.000E+00 5.924E-02 5.914E-02
       1.250E+00 8.268E-05 5.617E-02 1.266E-05 2.936E-05 0.000E+00 5.629E-02 5.621E-02
       1.500E+00 5.743E-05 5.107E-02 9.178E-06 1.607E-04 0.000E+00 5.129E-02 5.124E-02
       1.750E+00 4.216E-05 4.699E-02 7.084E-06 3.736E-04 0.000E+00 4.741E-02 4.737E-02
       2.000E+00 3.231E-05 4.358E-02 5.738E-06 6.365E-04 0.000E+00 4.426E-02 4.423E-02
       2.250E+00 2.557E-05 4.070E-02 4.794E-06 9.245E-04 2.497E-07 4.166E-02 4.163E-02
       2.500E+00 2.071E-05 3.826E-02 4.109E-06 1.221E-03 2.075E-06 3.951E-02 3.949E-02
       2.750E+00 1.710E-05 3.615E-02 3.589E-06 1.518E-03 6.042E-06 3.770E-02 3.768E-02
       3.000E+00 1.436E-05 3.429E-02 3.181E-06 1.812E-03 1.200E-05 3.613E-02 3.612E-02
       3.500E+00 1.055E-05 3.115E-02 2.585E-06 2.387E-03 2.843E-05 3.357E-02 3.356E-02
       4.000E+00 8.080E-06 2.859E-02 2.172E-06 2.934E-03 4.898E-05 3.159E-02 3.158E-02
       4.500E+00 6.385E-06 2.648E-02 1.871E-06 3.446E-03 7.240E-05 3.001E-02 3.000E-02
       5.000E+00 5.171E-06 2.470E-02 1.641E-06 3.930E-03 9.760E-05 2.873E-02 2.873E-02
       5.500E+00 4.273E-06 2.317E-02 1.461E-06 4.389E-03 1.236E-04 2.768E-02 2.768E-02
       6.000E+00 3.590E-06 2.183E-02 1.316E-06 4.824E-03 1.499E-04 2.681E-02 2.681E-02
       6.500E+00 3.060E-06 2.066E-02 1.197E-06 5.233E-03 1.761E-04 2.607E-02 2.607E-02
       7.000E+00 2.639E-06 1.962E-02 1.098E-06 5.620E-03 2.021E-04 2.545E-02 2.544E-02
       7.500E+00 2.299E-06 1.869E-02 1.013E-06 5.986E-03 2.277E-04 2.491E-02 2.491E-02
       8.000E+00 2.020E-06 1.786E-02 9.405E-07 6.336E-03 2.527E-04 2.445E-02 2.445E-02
       8.500E+00 1.789E-06 1.710E-02 8.777E-07 6.668E-03 2.773E-04 2.405E-02 2.405E-02
       9.000E+00 1.596E-06 1.642E-02 8.226E-07 6.985E-03 3.013E-04 2.371E-02 2.370E-02
       9.500E+00 1.433E-06 1.579E-02 7.740E-07 7.287E-03 3.248E-04 2.340E-02 2.340E-02
       1.000E+01 1.293E-06 1.521E-02 7.307E-07 7.574E-03 3.476E-04 2.313E-02 2.313E-02