       1.000E-03 2.256E+00 1.427E-02 1.183E+03 0.000E+00 0.000E+00 1.185E+03 1.183E+03
       1.500E-03 2.040E+00 2.477E-02 4.002E+02 0.000E+00 0.000E+00 4.023E+02 4.002E+02
       2.000E-03 1.838E+00 3.375E-02 2.261E+03 0.000E+00 0.000E+00 2.263E+03 2.261E+03
       3.000E-03 1.523E+00 4.732E-02 7.865E+02 0.000E+00 0.000E+00 7.881E+02 7.866E+02
       4.000E-03 1.295E+00 5.810E-02 3.591E+02 0.000E+00 0.000E+00 3.605E+02 3.592E+02
       5.000E-03 1.116E+00 6.787E-02 1.922E+02 0.000E+00 0.000E+00 1.934E+02 1.923E+02
       6.000E-03 9.638E-01 7.696E-02 1.143E+02 0.000E+00 0.000E+00 1.153E+02 1.143E+02
       7.000E-03 8.336E-01 8.532E-02 7.316E+01 0.000E+00 0.000E+00 7.408E+01 7.324E+01
       8.000E-03 7.229E-01 9.292E-02 4.950E+01 0.000E+00 0.000E+00 5.032E+01 4.960E+01
       9.000E-03 6.295E-01 9.974E-02 3.496E+01 0.000E+00 0.000E+00 3.569E+01 3.506E+01
       1.000E-02 5.513E-01 1.058E-01 2.556E+01 0.000E+00 0.000E+00 2.621E+01 2.566E+01
       1.500E-02 3.136E-01 1.265E-01 7.515E+00 0.000E+00 0.000E+00 7.955E+00 7.641E+00
       2.000E-02 2.046E-01 1.371E-01 3.100E+00 0.000E+00 0.000E+00 3.442E+00 3.237E+00
       2.500E-02 1.456E-01 1.430E-01 1.547E+00 0.000E+00 0.000E+00 1.836E+00 1.690E+00
       3.000E-02 1.095E-01 1.464E-01 8.722E-01 0.000E+00 0.000E+00 1.128E+00 1.019E+00
       3.500E-02 8.552E-02 1.484E-01 5.357E-01 0.000E+00 0.000E+00 7.696E-01 6.841E-01
       4.000E-02 6.859E-02 1.494E-01 3.504E-01 0.000E+00 0.000E+00 5.684E-01 4.998E-01
       4.500E-02 5.616E-02 1.497E-01 2.407E-01 0.000E+00 0.000E+00 4.466E-01 3.904E-01
       5.000E-02 4.678E-02 1.496E-01 1.718E-01 0.000E+00 0.000E+00 3.681E-01 3.214E-01
       5.500E-02 3.955E-02 1.491E-01 1.265E-01 0.000E+00 0.000E+00 3.151E-01 2.756E-01
       6.000E-02 3.386E-02 1.483E-01 9.564E-02 0.000E+00 0.000E+00 2.778E-01 2.440E-01
       6.500E-02 2.931E-02 1.474E-01 7.391E-02 0.000E+00 0.000E+00 2.506E-01 2.213E-01
       7.000E-02 2.561E-02 1.463E-01 5.821E-02 0.000E+00 0.000E+00 2.301E-01 2.045E-01
       7.500E-02 2.258E-02 1.451E-01 4.659E-02 0.000E+00 0.000E+00 2.143E-01 1.917E-01
       8.000E-02 2.005E-02 1.439E-01 3.783E-02 0.000E+00 0.000E+00 2.018E-01 1.817E-01
       8.500E-02 1.792E-02 1.426E-01 3.110E-02 0.000E+00 0.000E+00 1.917E-01 1.737E-01
       9.000E-02 1.612E-02 1.414E-01 2.586E-02 0.000E+00 0.000E+00 1.833E-01 1.672E-01
       9.500E-02 1.457E-02 1.401E-01 2.172E-02 0.000E+00 0.000E+00 1.764E-01 1.618E-01
       1.000E-01 1.324E-02 1.388E-01 1.840E-02 0.000E+00 0.000E+00 1.704E-01 1.572E-01
       1.130E-01 1.051E-02 1.355E-01 1.241E-02 0.000E+00 0.000E+00 1.584E-01 1.479E-01
       1.250E-01 8.681E-03 1.325E-01 8.963E-03 0.000E+00 0.000E+00 1.502E-01 1.415E-01
       1.500E-01 6.122E-03 1.267E-01 4.993E-03 0.000E+00 0.000E+00 1.378E-01 1.317E-01
       1.750E-01 4.544E-03 1.215E-01 3.054E-03 0.000E+00 0.000E+00 1.291E-01 1.246E-01
       2.000E-01 3.504E-03 1.168E-01 2.002E-03 0.000E+00 0.000E+00 1.223E-01 1.188E-01
       2.250E-01 2.783E-03 1.126E-01 1.385E-03 0.000E+00 0.000E+00 1.167E-01 1.139E-01
       2.500E-01 2.263E-03 1.087E-01 9.993E-04 0.000E+00 0.000E+00 1.120E-01 1.097E-01
       2.750E-01 1.876E-03 1.053E-01 7.467E-04 0.000E+00 0.000E+00 1.079E-01 1.060E-01
       3.000E-01 1.580E-03 1.021E-01 5.743E-04 0.000E+00 0.000E+00 1.042E-01 1.026E-01
       3.500E-01 1.164E-03 9.644E-02 3.640E-04 0.000E+00 0.000E+00 9.797E-02 9.681E-02
       4.000E-01 8.934E-04 9.162E-02 2.480E-04 0.000E+00 0.000E+00 9.276E-02 9.187E-02
       4.500E-01 7.069E-04 8.743E-02 1.785E-04 0.000E+00 0.000E+00 8.831E-02 8.761E-02
       5.000E-01 5.732E-04 8.374E-02 1.344E-04 0.000E+00 0.000E+00 8.445E-02 8.388E-02
       5.500E-01 4.741E-04 8.047E-02 1.049E-04 0.000E+00 0.000E+00 8.105E-02 8.058E-02
       6.000E-01 3.986E-04 7.754E-02 8.401E-05 0.000E+00 0.000E+00 7.802E-02 7.762E-02
       6.500E-01 3.398E-04 7.487E-02 6.863E-05 0.000E+00 0.000E+00 7.528E-02 7.494E-02
       7.000E-01 2.931E-04 7.243E-02 5.724E-05 0.000E+00 0.000E+00 7.278E-02 7.249E-02
       7.500E-01 2.554E-04 7.020E-02 4.879E-05 0.000E+00 0.000E+00 7.050E-02 7.025E-02
       8.000E-01 2.245E-04 6.814E-02 4.252E-05 0.000E+00 0.000E+00 6.841E-02 6.818E-02
       8.500E-01 1.989E-04 6.624E-02 3.776E-05 0.000E+00 0.000E+00 6.648E-02 6.628E-02
       9.000E-01 1.775E-04 6.447E-02 3.376E-05 0.000E+00 0.000E+00 6.469E-02 6.451E-02
       9.500E-01 1.593E-04 6.283E-02 3.005E-05 0.000E+00 0.000E+00 6.302E-02 6.286E-02
       1.000E+00 1.438E-04 6.129E-02 2.643E-05 0.000E+00 0.000E+00 6.146E-02 6.132E-02
       1.130E+00 1.127E-04 5.770E-02 1.997E-05 4.513E-06 0.000E+00 5.784E-02 5.772E-02
       1.250E+00 9.207E-05 5.482E-02 1.688E-05 3.134E-05 0.000E+00 5.496E-02 5.486E-02
       1.500E+00 6.395E-05 4.982E-02 1.222E-05 1.708E-04 0.000E+00 5.006E-02 5.000E-02
       1.750E+00 4.701E-05 4.580E-02 9.424E-06 3.963E-04 0.000E+00 4.625E-02 4.620E-02
       2.000E+00 3.598E-05 4.252E-02 7.633E-06 6.747E-04 0.000E+00 4.324E-02 4.320E-02
       2.250E+00 2.841E-05 3.977E-02 6.381E-06 9.795E-04 2.435E-07 4.078E-02 4.076E-02
       2.500E+00 2.301E-05 3.738E-02 5.464E-06 1.293E-03 2.024E-06 3.871E-02 3.868E-02
       2.750E+00 1.903E-05 3.529E-02 4.767E-06 1.607E-03 5.895E-06 3.693E-02 3.691E-02
       3.000E+00 1.599E-05 3.346E-02 4.223E-06 1.918E-03 1.171E-05 3.541E-02 3.539E-02
       3.500E+00 1.175E-05 3.038E-02 3.430E-06 2.526E-03 2.774E-05 3.295E-02 3.294E-02
       4.000E+00 8.997E-06 2.790E-02 2.881E-06 3.102E-03 4.781E-05 3.106E-02 3.105E-02
       4.500E+00 7.108E-06 2.584E-02 2.480E-06 3.643E-03 7.065E-05 2.957E-02 2.956E-02
       5.000E+00 5.758E-06 2.411E-02 2.175E-06 4.154E-03 9.524E-05 2.836E-02 2.836E-02
       5.500E+00 4.760E-06 2.261E-02 1.936E-06 4.639E-03 1.206E-04 2.737E-02 2.737E-02
       6.000E+00 4.000E-06 2.130E-02 1.744E-06 5.098E-03 1.463E-04 2.655E-02 2.655E-02
       6.500E+00 3.407E-06 2.016E-02 1.585E-06 5.529E-03 1.719E-04 2.587E-02 2.586E-02
       7.000E+00 2.937E-06 1.915E-02 1.453E-06 5.937E-03 1.972E-04 2.529E-02 2.528E-02
       7.500E+00 2.559E-06 1.824E-02 1.341E-06 6.325E-03 2.221E-04 2.479E-02 2.479E-02
       8.000E+00 2.250E-06 1.743E-02 1.245E-06 6.694E-03 2.466E-04 2.437E-02 2.437E-02
       8.500E+00 1.993E-06 1.669E-02 1.161E-06 7.043E-03 2.707E-04 2.401E-02 2.401E-02
       9.000E+00 1.777E-06 1.602E-02 1.088E-06 7.377E-03 2.942E-04 2.369E-02 2.369E-02
       9.500E+00 1.595E-06 1.541E-02 1.024E-06 7.695E-03 3.170E-04 2.342E-02 2.342E-02
       1.000E+01 1.440E-06 1.484E-02 9.664E-07 7.999E-03 3.393E-04 2.318E-02 2.318E-02