       1.000E-03 2.528E+00 1.317E-02 1.567E+03 0.000E+00 0.000E+00 1.570E+03 1.567E+03
       1.500E-03 2.286E+00 2.393E-02 5.333E+02 0.000E+00 0.000E+00 5.356E+02 5.333E+02
       2.000E-03 2.048E+00 3.388E-02 2.775E+03 0.000E+00 0.000E+00 2.777E+03 2.775E+03
       3.000E-03 1.669E+00 4.962E-02 9.767E+02 0.000E+00 0.000E+00 9.784E+02 9.767E+02
       4.000E-03 1.404E+00 6.135E-02 4.514E+02 0.000E+00 0.000E+00 4.528E+02 4.514E+02
       5.000E-03 1.208E+00 7.110E-02 2.438E+02 0.000E+00 0.000E+00 2.451E+02 2.439E+02
       6.000E-03 1.051E+00 7.983E-02 1.458E+02 0.000E+00 0.000E+00 1.470E+02 1.459E+02
       7.000E-03 9.180E-01 8.780E-02 9.388E+01 0.000E+00 0.000E+00 9.488E+01 9.397E+01
       8.000E-03 8.039E-01 9.507E-02 6.379E+01 0.000E+00 0.000E+00 6.469E+01 6.389E+01
       9.000E-03 7.059E-01 1.017E-01 4.521E+01 0.000E+00 0.000E+00 4.602E+01 4.531E+01
       1.000E-02 6.223E-01 1.076E-01 3.315E+01 0.000E+00 0.000E+00 3.388E+01 3.326E+01
       1.500E-02 3.585E-01 1.289E-01 9.848E+00 0.000E+00 0.000E+00 1.034E+01 9.977E+00
       2.000E-02 2.341E-01 1.402E-01 4.089E+00 0.000E+00 0.000E+00 4.463E+00 4.229E+00
       2.500E-02 1.667E-01 1.465E-01 2.051E+00 0.000E+00 0.000E+00 2.364E+00 2.197E+00
       3.000E-02 1.255E-01 1.501E-01 1.161E+00 0.000E+00 0.000E+00 1.436E+00 1.311E+00
       3.500E-02 9.813E-02 1.523E-01 7.148E-01 0.000E+00 0.000E+00 9.652E-01 8.671E-01
       4.000E-02 7.886E-02 1.534E-01 4.687E-01 0.000E+00 0.000E+00 7.010E-01 6.221E-01
       4.500E-02 6.470E-02 1.539E-01 3.226E-01 0.000E+00 0.000E+00 5.412E-01 4.765E-01
       5.000E-02 5.399E-02 1.538E-01 2.307E-01 0.000E+00 0.000E+00 4.385E-01 3.845E-01
       5.500E-02 4.571E-02 1.533E-01 1.702E-01 0.000E+00 0.000E+00 3.692E-01 3.235E-01
       6.000E-02 3.917E-02 1.526E-01 1.288E-01 0.000E+00 0.000E+00 3.206E-01 2.815E-01
       6.500E-02 3.394E-02 1.517E-01 9.971E-02 0.000E+00 0.000E+00 2.854E-01 2.514E-01
       7.000E-02 2.967E-02 1.507E-01 7.862E-02 0.000E+00 0.000E+00 2.590E-01 2.293E-01
       7.500E-02 2.617E-02 1.495E-01 6.300E-02 0.000E+00 0.000E+00 2.387E-01 2.125E-01
       8.000E-02 2.324E-02 1.483E-01 5.120E-02 0.000E+00 0.000E+00 2.228E-01 1.995E-01
       8.500E-02 2.079E-02 1.471E-01 4.214E-02 0.000E+00 0.000E+00 2.100E-01 1.892E-01
       9.000E-02 1.870E-02 1.458E-01 3.506E-02 0.000E+00 0.000E+00 1.996E-01 1.809E-01
       9.500E-02 1.691E-02 1.445E-01 2.946E-02 0.000E+00 0.000E+00 1.909E-01 1.740E-01
       1.000E-01 1.537E-02 1.432E-01 2.498E-02 0.000E+00 0.000E+00 1.835E-01 1.682E-01
       1.130E-01 1.222E-02 1.398E-01 1.686E-02 0.000E+00 0.000E+00 1.689E-01 1.567E-01
       1.250E-01 1.009E-02 1.368E-01 1.220E-02 0.000E+00 0.000E+00 1.591E-01 1.490E-01
       1.500E-01 7.125E-03 1.309E-01 6.806E-03 0.000E+00 0.000E+00 1.448E-01 1.377E-01
       1.750E-01 5.294E-03 1.255E-01 4.168E-03 0.000E+00 0.000E+00 1.350E-01 1.297E-01
       2.000E-01 4.085E-03 1.207E-01 2.736E-03 0.000E+00 0.000E+00 1.275E-01 1.235E-01
       2.250E-01 3.246E-03 1.164E-01 1.895E-03 0.000E+00 0.000E+00 1.215E-01 1.183E-01
       2.500E-01 2.640E-03 1.124E-01 1.369E-03 0.000E+00 0.000E+00 1.164E-01 1.138E-01
       2.750E-01 2.189E-03 1.088E-01 1.024E-03 0.000E+00 0.000E+00 1.120E-01 1.098E-01
       3.000E-01 1.844E-03 1.055E-01 7.882E-04 0.000E+00 0.000E+00 1.082E-01 1.063E-01
       3.500E-01 1.360E-03 9.973E-02 5.002E-04 0.000E+00 0.000E+00 1.016E-01 1.002E-01
       4.000E-01 1.043E-03 9.475E-02 3.409E-04 0.000E+00 0.000E+00 9.614E-02 9.509E-02
       4.500E-01 8.258E-04 9.043E-02 2.456E-04 0.000E+00 0.000E+00 9.150E-02 9.068E-02
       5.000E-01 6.696E-04 8.663E-02 1.849E-04 0.000E+00 0.000E+00 8.748E-02 8.681E-02
       5.500E-01 5.539E-04 8.324E-02 1.443E-04 0.000E+00 0.000E+00 8.394E-02 8.338E-02
       6.000E-01 4.657E-04 8.019E-02 1.156E-04 0.000E+00 0.000E+00 8.078E-02 8.031E-02
       6.500E-01 3.971E-04 7.744E-02 9.453E-05 0.000E+00 0.000E+00 7.793E-02 7.754E-02
       7.000E-01 3.426E-04 7.493E-02 7.888E-05 0.000E+00 0.000E+00 7.535E-02 7.501E-02
       7.500E-01 2.985E-04 7.263E-02 6.723E-05 0.000E+00 0.000E+00 7.299E-02 7.270E-02
       8.000E-01 2.625E-04 7.050E-02 5.854E-05 0.000E+00 0.000E+00 7.082E-02 7.056E-02
       8.500E-01 2.325E-04 6.853E-02 5.190E-05 0.000E+00 0.000E+00 6.881E-02 6.858E-02
       9.000E-01 2.074E-04 6.670E-02 4.635E-05 0.000E+00 0.000E+00 6.695E-02 6.674E-02
       9.500E-01 1.862E-04 6.499E-02 4.127E-05 0.000E+00 0.000E+00 6.522E-02 6.503E-02
       1.000E+00 1.680E-04 6.340E-02 3.639E-05 0.000E+00 0.000E+00 6.361E-02 6.344E-02
       1.130E+00 1.317E-04 5.970E-02 2.761E-05 5.084E-06 0.000E+00 5.987E-02 5.973E-02
       1.250E+00 1.076E-04 5.671E-02 2.326E-05 3.521E-05 0.000E+00 5.688E-02 5.677E-02
       1.500E+00 7.475E-05 5.155E-02 1.684E-05 1.912E-04 0.000E+00 5.183E-02 5.175E-02
       1.750E+00 5.489E-05 4.740E-02 1.298E-05 4.428E-04 0.000E+00 4.791E-02 4.786E-02
       2.000E+00 4.205E-05 4.400E-02 1.050E-05 7.533E-04 0.000E+00 4.481E-02 4.476E-02
       2.250E+00 3.326E-05 4.113E-02 8.772E-06 1.093E-03 2.522E-07 4.227E-02 4.224E-02
       2.500E+00 2.694E-05 3.866E-02 7.508E-06 1.443E-03 2.095E-06 4.014E-02 4.011E-02
       2.750E+00 2.225E-05 3.650E-02 6.550E-06 1.793E-03 6.101E-06 3.833E-02 3.831E-02
       3.000E+00 1.869E-05 3.461E-02 5.800E-06 2.139E-03 1.211E-05 3.678E-02 3.677E-02
       3.500E+00 1.373E-05 3.145E-02 4.707E-06 2.815E-03 2.870E-05 3.431E-02 3.429E-02
       4.000E+00 1.052E-05 2.888E-02 3.952E-06 3.456E-03 4.945E-05 3.240E-02 3.239E-02
       4.500E+00 8.309E-06 2.675E-02 3.401E-06 4.060E-03 7.308E-05 3.089E-02 3.088E-02
       5.000E+00 6.731E-06 2.494E-02 2.983E-06 4.629E-03 9.853E-05 2.967E-02 2.967E-02
       5.500E+00 5.562E-06 2.339E-02 2.653E-06 5.169E-03 1.248E-04 2.869E-02 2.868E-02
       6.000E+00 4.674E-06 2.204E-02 2.389E-06 5.678E-03 1.513E-04 2.788E-02 2.787E-02
       6.500E+00 3.984E-06 2.086E-02 2.172E-06 6.157E-03 1.778E-04 2.720E-02 2.720E-02
       7.000E+00 3.435E-06 1.981E-02 1.990E-06 6.611E-03 2.040E-04 2.663E-02 2.663E-02
       7.500E+00 2.992E-06 1.887E-02 1.837E-06 7.041E-03 2.298E-04 2.615E-02 2.615E-02
       8.000E+00 2.629E-06 1.803E-02 1.705E-06 7.451E-03 2.552E-04 2.574E-02 2.574E-02
       8.500E+00 2.329E-06 1.727E-02 1.590E-06 7.841E-03 2.800E-04 2.539E-02 2.539E-02
       9.000E+00 2.077E-06 1.657E-02 1.490E-06 8.212E-03 3.043E-04 2.509E-02 2.509E-02
       9.500E+00 1.865E-06 1.594E-02 1.401E-06 8.567E-03 3.280E-04 2.484E-02 2.484E-02
       1.000E+01 1.683E-06 1.536E-02 1.323E-06 8.905E-03 3.510E-04 2.462E-02 2.461E-02