       1.000E-03 2.656E+00 1.113E-02 1.910E+03 0.000E+00 0.000E+00 1.913E+03 1.910E+03
       1.500E-03 2.413E+00 2.080E-02 6.523E+02 0.000E+00 0.000E+00 6.547E+02 6.523E+02
       2.000E-03 2.164E+00 3.025E-02 2.996E+02 0.000E+00 0.000E+00 3.018E+02 2.996E+02
       3.000E-03 1.745E+00 4.637E-02 1.116E+03 0.000E+00 0.000E+00 1.118E+03 1.116E+03
       4.000E-03 1.448E+00 5.885E-02 5.226E+02 0.000E+00 0.000E+00 5.241E+02 5.227E+02
       5.000E-03 1.237E+00 6.879E-02 2.848E+02 0.000E+00 0.000E+00 2.861E+02 2.849E+02
       6.000E-03 1.076E+00 7.719E-02 1.715E+02 0.000E+00 0.000E+00 1.726E+02 1.715E+02
       7.000E-03 9.443E-01 8.463E-02 1.109E+02 0.000E+00 0.000E+00 1.119E+02 1.110E+02
       8.000E-03 8.329E-01 9.134E-02 7.567E+01 0.000E+00 0.000E+00 7.660E+01 7.576E+01
       9.000E-03 7.369E-01 9.745E-02 5.384E+01 0.000E+00 0.000E+00 5.468E+01 5.394E+01
       1.000E-02 6.539E-01 1.030E-01 3.960E+01 0.000E+00 0.000E+00 4.036E+01 3.971E+01
       1.500E-02 3.824E-01 1.233E-01 1.188E+01 0.000E+00 0.000E+00 1.239E+01 1.201E+01
       2.000E-02 2.502E-01 1.346E-01 4.970E+00 0.000E+00 0.000E+00 5.354E+00 5.104E+00
       2.500E-02 1.781E-01 1.409E-01 2.503E+00 0.000E+00 0.000E+00 2.822E+00 2.644E+00
       3.000E-02 1.341E-01 1.446E-01 1.421E+00 0.000E+00 0.000E+00 1.700E+00 1.566E+00
       3.500E-02 1.050E-01 1.468E-01 8.778E-01 0.000E+00 0.000E+00 1.130E+00 1.025E+00
       4.000E-02 8.450E-02 1.480E-01 5.771E-01 0.000E+00 0.000E+00 8.095E-01 7.250E-01
       4.500E-02 6.945E-02 1.485E-01 3.981E-01 0.000E+00 0.000E+00 6.160E-01 5.466E-01
       5.000E-02 5.806E-02 1.485E-01 2.852E-01 0.000E+00 0.000E+00 4.918E-01 4.337E-01
       5.500E-02 4.922E-02 1.481E-01 2.107E-01 0.000E+00 0.000E+00 4.080E-01 3.588E-01
       6.000E-02 4.223E-02 1.475E-01 1.597E-01 0.000E+00 0.000E+00 3.494E-01 3.072E-01
       6.500E-02 3.661E-02 1.467E-01 1.237E-01 0.000E+00 0.000E+00 3.070E-01 2.704E-01
       7.000E-02 3.204E-02 1.457E-01 9.762E-02 0.000E+00 0.000E+00 2.754E-01 2.434E-01
       7.500E-02 2.827E-02 1.447E-01 7.830E-02 0.000E+00 0.000E+00 2.513E-01 2.230E-01
       8.000E-02 2.512E-02 1.436E-01 6.369E-02 0.000E+00 0.000E+00 2.324E-01 2.073E-01
       8.500E-02 2.247E-02 1.424E-01 5.246E-02 0.000E+00 0.000E+00 2.173E-01 1.948E-01
       9.000E-02 2.022E-02 1.412E-01 4.368E-02 0.000E+00 0.000E+00 2.051E-01 1.849E-01
       9.500E-02 1.829E-02 1.400E-01 3.673E-02 0.000E+00 0.000E+00 1.950E-01 1.767E-01
       1.000E-01 1.663E-02 1.387E-01 3.117E-02 0.000E+00 0.000E+00 1.865E-01 1.699E-01
       1.130E-01 1.323E-02 1.355E-01 2.107E-02 0.000E+00 0.000E+00 1.698E-01 1.566E-01
       1.250E-01 1.093E-02 1.326E-01 1.526E-02 0.000E+00 0.000E+00 1.588E-01 1.479E-01
       1.500E-01 7.725E-03 1.270E-01 8.533E-03 0.000E+00 0.000E+00 1.432E-01 1.355E-01
       1.750E-01 5.744E-03 1.218E-01 5.236E-03 0.000E+00 0.000E+00 1.328E-01 1.271E-01
       2.000E-01 4.435E-03 1.172E-01 3.441E-03 0.000E+00 0.000E+00 1.250E-01 1.206E-01
       2.250E-01 3.526E-03 1.129E-01 2.385E-03 0.000E+00 0.000E+00 1.189E-01 1.153E-01
       2.500E-01 2.869E-03 1.091E-01 1.725E-03 0.000E+00 0.000E+00 1.137E-01 1.109E-01
       2.750E-01 2.379E-03 1.056E-01 1.291E-03 0.000E+00 0.000E+00 1.093E-01 1.069E-01
       3.000E-01 2.005E-03 1.025E-01 9.941E-04 0.000E+00 0.000E+00 1.055E-01 1.035E-01
       3.500E-01 1.478E-03 9.684E-02 6.315E-04 0.000E+00 0.000E+00 9.895E-02 9.747E-02
       4.000E-01 1.135E-03 9.202E-02 4.309E-04 0.000E+00 0.000E+00 9.359E-02 9.245E-02
       4.500E-01 8.984E-04 8.784E-02 3.105E-04 0.000E+00 0.000E+00 8.905E-02 8.815E-02
       5.000E-01 7.287E-04 8.415E-02 2.339E-04 0.000E+00 0.000E+00 8.511E-02 8.438E-02
       5.500E-01 6.028E-04 8.085E-02 1.825E-04 0.000E+00 0.000E+00 8.164E-02 8.103E-02
       6.000E-01 5.069E-04 7.789E-02 1.463E-04 0.000E+00 0.000E+00 7.854E-02 7.803E-02
       6.500E-01 4.321E-04 7.521E-02 1.196E-04 0.000E+00 0.000E+00 7.576E-02 7.533E-02
       7.000E-01 3.728E-04 7.278E-02 9.987E-05 0.000E+00 0.000E+00 7.325E-02 7.288E-02
       7.500E-01 3.249E-04 7.054E-02 8.515E-05 0.000E+00 0.000E+00 7.095E-02 7.063E-02
       8.000E-01 2.856E-04 6.848E-02 7.414E-05 0.000E+00 0.000E+00 6.884E-02 6.855E-02
       8.500E-01 2.531E-04 6.656E-02 6.571E-05 0.000E+00 0.000E+00 6.688E-02 6.663E-02
       9.000E-01 2.258E-04 6.478E-02 5.865E-05 0.000E+00 0.000E+00 6.507E-02 6.484E-02
       9.500E-01 2.027E-04 6.313E-02 5.223E-05 0.000E+00 0.000E+00 6.338E-02 6.318E-02
       1.000E+00 1.829E-04 6.159E-02 4.608E-05 0.000E+00 0.000E+00 6.182E-02 6.164E-02
       1.130E+00 1.433E-04 5.800E-02 3.501E-05 5.361E-06 0.000E+00 5.818E-02 5.804E-02
       1.250E+00 1.171E-04 5.508E-02 2.948E-05 3.700E-05 0.000E+00 5.526E-02 5.515E-02
       1.500E+00 8.137E-05 5.008E-02 2.133E-05 2.001E-04 0.000E+00 5.039E-02 5.031E-02
       1.750E+00 5.978E-05 4.606E-02 1.644E-05 4.624E-04 0.000E+00 4.660E-02 4.654E-02
       2.000E+00 4.579E-05 4.274E-02 1.329E-05 7.863E-04 0.000E+00 4.358E-02 4.353E-02
       2.250E+00 3.620E-05 3.994E-02 1.110E-05 1.141E-03 2.449E-07 4.113E-02 4.110E-02
       2.500E+00 2.932E-05 3.755E-02 9.492E-06 1.505E-03 2.035E-06 3.910E-02 3.907E-02
       2.750E+00 2.423E-05 3.547E-02 8.277E-06 1.869E-03 5.926E-06 3.738E-02 3.735E-02
       3.000E+00 2.036E-05 3.364E-02 7.328E-06 2.230E-03 1.177E-05 3.591E-02 3.589E-02
       3.500E+00 1.495E-05 3.055E-02 5.945E-06 2.933E-03 2.788E-05 3.354E-02 3.352E-02
       4.000E+00 1.145E-05 2.806E-02 4.989E-06 3.601E-03 4.804E-05 3.172E-02 3.171E-02
       4.500E+00 9.047E-06 2.598E-02 4.291E-06 4.227E-03 7.101E-05 3.029E-02 3.028E-02
       5.000E+00 7.328E-06 2.423E-02 3.760E-06 4.818E-03 9.574E-05 2.915E-02 2.914E-02
       5.500E+00 6.056E-06 2.272E-02 3.345E-06 5.379E-03 1.213E-04 2.823E-02 2.822E-02
       6.000E+00 5.088E-06 2.141E-02 3.012E-06 5.909E-03 1.470E-04 2.747E-02 2.747E-02
       6.500E+00 4.336E-06 2.026E-02 2.738E-06 6.406E-03 1.727E-04 2.685E-02 2.684E-02
       7.000E+00 3.739E-06 1.925E-02 2.508E-06 6.877E-03 1.981E-04 2.633E-02 2.632E-02
       7.500E+00 3.257E-06 1.834E-02 2.313E-06 7.325E-03 2.232E-04 2.589E-02 2.589E-02
       8.000E+00 2.862E-06 1.752E-02 2.146E-06 7.752E-03 2.479E-04 2.552E-02 2.552E-02
       8.500E+00 2.535E-06 1.678E-02 2.002E-06 8.157E-03 2.720E-04 2.521E-02 2.521E-02
       9.000E+00 2.261E-06 1.610E-02 1.876E-06 8.543E-03 2.955E-04 2.495E-02 2.494E-02
       9.500E+00 2.030E-06 1.549E-02 1.764E-06 8.911E-03 3.185E-04 2.472E-02 2.472E-02
       1.000E+01 1.832E-06 1.492E-02 1.665E-06 9.261E-03 3.408E-04 2.452E-02 2.452E-02