       1.000E-03 2.947E+00 1.011E-02 2.426E+03 0.000E+00 0.000E+00 2.429E+03 2.426E+03
       1.500E-03 2.695E+00 1.951E-02 8.314E+02 0.000E+00 0.000E+00 8.341E+02 8.314E+02
       2.000E-03 2.426E+00 2.917E-02 3.827E+02 0.000E+00 0.000E+00 3.852E+02 3.828E+02
       3.000E-03 1.949E+00 4.637E-02 1.337E+03 0.000E+00 0.000E+00 1.339E+03 1.337E+03
       4.000E-03 1.600E+00 6.002E-02 6.321E+02 0.000E+00 0.000E+00 6.338E+02 6.322E+02
       5.000E-03 1.353E+00 7.073E-02 3.473E+02 0.000E+00 0.000E+00 3.487E+02 3.473E+02
       6.000E-03 1.172E+00 7.946E-02 2.103E+02 0.000E+00 0.000E+00 2.116E+02 2.104E+02
       7.000E-03 1.029E+00 8.695E-02 1.367E+02 0.000E+00 0.000E+00 1.378E+02 1.368E+02
       8.000E-03 9.109E-01 9.358E-02 9.364E+01 0.000E+00 0.000E+00 9.464E+01 9.373E+01
       9.000E-03 8.101E-01 9.958E-02 6.684E+01 0.000E+00 0.000E+00 6.775E+01 6.694E+01
       1.000E-02 7.229E-01 1.050E-01 4.930E+01 0.000E+00 0.000E+00 5.013E+01 4.940E+01
       1.500E-02 4.301E-01 1.254E-01 1.495E+01 0.000E+00 0.000E+00 1.550E+01 1.507E+01
       2.000E-02 2.821E-01 1.372E-01 6.290E+00 0.000E+00 0.000E+00 6.709E+00 6.427E+00
       2.500E-02 2.008E-01 1.439E-01 3.182E+00 0.000E+00 0.000E+00 3.527E+00 3.326E+00
       3.000E-02 1.512E-01 1.479E-01 1.814E+00 0.000E+00 0.000E+00 2.113E+00 1.962E+00
       3.500E-02 1.184E-01 1.502E-01 1.124E+00 0.000E+00 0.000E+00 1.392E+00 1.274E+00
       4.000E-02 9.544E-02 1.515E-01 7.403E-01 0.000E+00 0.000E+00 9.872E-01 8.918E-01
       4.500E-02 7.858E-02 1.520E-01 5.115E-01 0.000E+00 0.000E+00 7.421E-01 6.635E-01
       5.000E-02 6.579E-02 1.521E-01 3.670E-01 0.000E+00 0.000E+00 5.849E-01 5.191E-01
       5.500E-02 5.584E-02 1.518E-01 2.715E-01 0.000E+00 0.000E+00 4.791E-01 4.233E-01
       6.000E-02 4.797E-02 1.512E-01 2.060E-01 0.000E+00 0.000E+00 4.052E-01 3.573E-01
       6.500E-02 4.162E-02 1.505E-01 1.598E-01 0.000E+00 0.000E+00 3.519E-01 3.103E-01
       7.000E-02 3.645E-02 1.495E-01 1.263E-01 0.000E+00 0.000E+00 3.123E-01 2.758E-01
       7.500E-02 3.217E-02 1.485E-01 1.014E-01 0.000E+00 0.000E+00 2.821E-01 2.499E-01
       8.000E-02 2.860E-02 1.474E-01 8.256E-02 0.000E+00 0.000E+00 2.586E-01 2.299E-01
       8.500E-02 2.559E-02 1.462E-01 6.805E-02 0.000E+00 0.000E+00 2.399E-01 2.143E-01
       9.000E-02 2.304E-02 1.450E-01 5.670E-02 0.000E+00 0.000E+00 2.248E-01 2.017E-01
       9.500E-02 2.084E-02 1.438E-01 4.772E-02 0.000E+00 0.000E+00 2.123E-01 1.915E-01
       1.000E-01 1.895E-02 1.425E-01 4.051E-02 0.000E+00 0.000E+00 2.020E-01 1.831E-01
       1.130E-01 1.508E-02 1.393E-01 2.743E-02 0.000E+00 0.000E+00 1.818E-01 1.668E-01
       1.250E-01 1.247E-02 1.364E-01 1.989E-02 0.000E+00 0.000E+00 1.688E-01 1.563E-01
       1.500E-01 8.823E-03 1.306E-01 1.114E-02 0.000E+00 0.000E+00 1.506E-01 1.418E-01
       1.750E-01 6.564E-03 1.254E-01 6.849E-03 0.000E+00 0.000E+00 1.388E-01 1.322E-01
       2.000E-01 5.071E-03 1.206E-01 4.507E-03 0.000E+00 0.000E+00 1.302E-01 1.251E-01
       2.250E-01 4.033E-03 1.163E-01 3.127E-03 0.000E+00 0.000E+00 1.234E-01 1.194E-01
       2.500E-01 3.283E-03 1.123E-01 2.263E-03 0.000E+00 0.000E+00 1.179E-01 1.146E-01
       2.750E-01 2.723E-03 1.088E-01 1.695E-03 0.000E+00 0.000E+00 1.132E-01 1.105E-01
       3.000E-01 2.295E-03 1.055E-01 1.306E-03 0.000E+00 0.000E+00 1.091E-01 1.068E-01
       3.500E-01 1.693E-03 9.974E-02 8.306E-04 0.000E+00 0.000E+00 1.023E-01 1.006E-01
       4.000E-01 1.300E-03 9.478E-02 5.672E-04 0.000E+00 0.000E+00 9.665E-02 9.535E-02
       4.500E-01 1.030E-03 9.047E-02 4.090E-04 0.000E+00 0.000E+00 9.191E-02 9.088E-02
       5.000E-01 8.352E-04 8.667E-02 3.082E-04 0.000E+00 0.000E+00 8.782E-02 8.698E-02
       5.500E-01 6.909E-04 8.329E-02 2.406E-04 0.000E+00 0.000E+00 8.422E-02 8.353E-02
       6.000E-01 5.811E-04 8.025E-02 1.929E-04 0.000E+00 0.000E+00 8.102E-02 8.044E-02
       6.500E-01 4.955E-04 7.749E-02 1.578E-04 0.000E+00 0.000E+00 7.815E-02 7.765E-02
       7.000E-01 4.276E-04 7.498E-02 1.318E-04 0.000E+00 0.000E+00 7.554E-02 7.511E-02
       7.500E-01 3.726E-04 7.268E-02 1.124E-04 0.000E+00 0.000E+00 7.316E-02 7.279E-02
       8.000E-01 3.275E-04 7.056E-02 9.777E-05 0.000E+00 0.000E+00 7.098E-02 7.066E-02
       8.500E-01 2.901E-04 6.860E-02 8.659E-05 0.000E+00 0.000E+00 6.897E-02 6.868E-02
       9.000E-01 2.587E-04 6.677E-02 7.725E-05 0.000E+00 0.000E+00 6.711E-02 6.685E-02
       9.500E-01 2.322E-04 6.506E-02 6.880E-05 0.000E+00 0.000E+00 6.536E-02 6.513E-02
       1.000E+00 2.098E-04 6.346E-02 6.077E-05 0.000E+00 0.000E+00 6.373E-02 6.352E-02
       1.130E+00 1.645E-04 5.973E-02 4.626E-05 5.979E-06 0.000E+00 5.995E-02 5.978E-02
       1.250E+00 1.343E-04 5.675E-02 3.889E-05 4.109E-05 0.000E+00 5.697E-02 5.683E-02
       1.500E+00 9.332E-05 5.159E-02 2.815E-05 2.210E-04 0.000E+00 5.193E-02 5.184E-02
       1.750E+00 6.858E-05 4.746E-02 2.168E-05 5.098E-04 0.000E+00 4.806E-02 4.799E-02
       2.000E+00 5.251E-05 4.404E-02 1.751E-05 8.665E-04 0.000E+00 4.498E-02 4.492E-02
       2.250E+00 4.150E-05 4.115E-02 1.462E-05 1.258E-03 2.523E-07 4.246E-02 4.242E-02
       2.500E+00 3.362E-05 3.868E-02 1.250E-05 1.659E-03 2.097E-06 4.039E-02 4.035E-02
       2.750E+00 2.778E-05 3.653E-02 1.089E-05 2.059E-03 6.106E-06 3.864E-02 3.861E-02
       3.000E+00 2.334E-05 3.465E-02 9.640E-06 2.455E-03 1.212E-05 3.715E-02 3.713E-02
       3.500E+00 1.715E-05 3.148E-02 7.814E-06 3.226E-03 2.873E-05 3.476E-02 3.474E-02
       4.000E+00 1.313E-05 2.890E-02 6.554E-06 3.959E-03 4.951E-05 3.293E-02 3.292E-02
       4.500E+00 1.038E-05 2.676E-02 5.637E-06 4.646E-03 7.317E-05 3.150E-02 3.149E-02
       5.000E+00 8.404E-06 2.496E-02 4.939E-06 5.294E-03 9.863E-05 3.037E-02 3.036E-02
       5.500E+00 6.946E-06 2.341E-02 4.391E-06 5.909E-03 1.249E-04 2.946E-02 2.945E-02
       6.000E+00 5.837E-06 2.207E-02 3.951E-06 6.491E-03 1.515E-04 2.872E-02 2.871E-02
       6.500E+00 4.973E-06 2.088E-02 3.591E-06 7.038E-03 1.779E-04 2.811E-02 2.810E-02
       7.000E+00 4.288E-06 1.983E-02 3.290E-06 7.555E-03 2.041E-04 2.760E-02 2.759E-02
       7.500E+00 3.735E-06 1.889E-02 3.034E-06 8.046E-03 2.300E-04 2.718E-02 2.717E-02
       8.000E+00 3.283E-06 1.805E-02 2.815E-06 8.513E-03 2.554E-04 2.682E-02 2.682E-02
       8.500E+00 2.908E-06 1.728E-02 2.626E-06 8.958E-03 2.802E-04 2.653E-02 2.653E-02
       9.000E+00 2.594E-06 1.659E-02 2.460E-06 9.381E-03 3.044E-04 2.628E-02 2.628E-02
       9.500E+00 2.328E-06 1.596E-02 2.313E-06 9.784E-03 3.281E-04 2.607E-02 2.607E-02
       1.000E+01 2.102E-06 1.537E-02 2.182E-06 1.017E-02 3.512E-04 2.590E-02 2.589E-02