       1.000E-03 3.034E+00 8.556E-03 2.828E+03 0.000E+00 0.000E+00 2.831E+03 2.828E+03
       1.500E-03 2.796E+00 1.691E-02 9.743E+02 0.000E+00 0.000E+00 9.772E+02 9.744E+02
       2.000E-03 2.531E+00 2.585E-02 4.495E+02 0.000E+00 0.000E+00 4.520E+02 4.495E+02
       3.000E-03 2.038E+00 4.248E-02 1.471E+03 0.000E+00 0.000E+00 1.473E+03 1.471E+03
       4.000E-03 1.662E+00 5.621E-02 7.020E+02 0.000E+00 0.000E+00 7.038E+02 7.021E+02
       5.000E-03 1.392E+00 6.710E-02 3.886E+02 0.000E+00 0.000E+00 3.901E+02 3.887E+02
       6.000E-03 1.196E+00 7.581E-02 2.371E+02 0.000E+00 0.000E+00 2.384E+02 2.372E+02
       7.000E-03 1.047E+00 8.307E-02 1.548E+02 0.000E+00 0.000E+00 1.559E+02 1.549E+02
       8.000E-03 9.275E-01 8.935E-02 1.065E+02 0.000E+00 0.000E+00 1.075E+02 1.066E+02
       9.000E-03 8.275E-01 9.495E-02 7.627E+01 0.000E+00 0.000E+00 7.719E+01 7.636E+01
       1.000E-02 7.415E-01 1.000E-01 5.641E+01 0.000E+00 0.000E+00 5.725E+01 5.651E+01
       1.500E-02 4.486E-01 1.191E-01 1.728E+01 0.000E+00 0.000E+00 1.784E+01 1.739E+01
       2.000E-02 2.956E-01 1.305E-01 7.314E+00 0.000E+00 0.000E+00 7.740E+00 7.445E+00
       2.500E-02 2.103E-01 1.372E-01 3.719E+00 0.000E+00 0.000E+00 4.066E+00 3.856E+00
       3.000E-02 1.583E-01 1.411E-01 2.127E+00 0.000E+00 0.000E+00 2.426E+00 2.268E+00
       3.500E-02 1.240E-01 1.434E-01 1.321E+00 0.000E+00 0.000E+00 1.588E+00 1.464E+00
       4.000E-02 1.000E-01 1.446E-01 8.719E-01 0.000E+00 0.000E+00 1.117E+00 1.017E+00
       4.500E-02 8.245E-02 1.453E-01 6.036E-01 0.000E+00 0.000E+00 8.313E-01 7.489E-01
       5.000E-02 6.912E-02 1.454E-01 4.338E-01 0.000E+00 0.000E+00 6.483E-01 5.792E-01
       5.500E-02 5.875E-02 1.452E-01 3.214E-01 0.000E+00 0.000E+00 5.253E-01 4.666E-01
       6.000E-02 5.052E-02 1.447E-01 2.443E-01 0.000E+00 0.000E+00 4.394E-01 3.889E-01
       6.500E-02 4.388E-02 1.440E-01 1.897E-01 0.000E+00 0.000E+00 3.775E-01 3.336E-01
       7.000E-02 3.846E-02 1.431E-01 1.500E-01 0.000E+00 0.000E+00 3.316E-01 2.931E-01
       7.500E-02 3.397E-02 1.422E-01 1.206E-01 0.000E+00 0.000E+00 2.967E-01 2.627E-01
       8.000E-02 3.022E-02 1.411E-01 9.825E-02 0.000E+00 0.000E+00 2.696E-01 2.394E-01
       8.500E-02 2.705E-02 1.401E-01 8.104E-02 0.000E+00 0.000E+00 2.482E-01 2.211E-01
       9.000E-02 2.436E-02 1.389E-01 6.758E-02 0.000E+00 0.000E+00 2.309E-01 2.065E-01
       9.500E-02 2.204E-02 1.378E-01 5.691E-02 0.000E+00 0.000E+00 2.167E-01 1.947E-01
       1.000E-01 2.004E-02 1.366E-01 4.834E-02 0.000E+00 0.000E+00 2.050E-01 1.850E-01
       1.130E-01 1.596E-02 1.336E-01 3.278E-02 0.000E+00 0.000E+00 1.823E-01 1.664E-01
       1.250E-01 1.320E-02 1.308E-01 2.379E-02 0.000E+00 0.000E+00 1.678E-01 1.546E-01
       1.500E-01 9.344E-03 1.253E-01 1.336E-02 0.000E+00 0.000E+00 1.480E-01 1.387E-01
       1.750E-01 6.957E-03 1.203E-01 8.224E-03 0.000E+00 0.000E+00 1.355E-01 1.286E-01
       2.000E-01 5.378E-03 1.158E-01 5.419E-03 0.000E+00 0.000E+00 1.266E-01 1.212E-01
       2.250E-01 4.279E-03 1.117E-01 3.763E-03 0.000E+00 0.000E+00 1.197E-01 1.154E-01
       2.500E-01 3.485E-03 1.079E-01 2.725E-03 0.000E+00 0.000E+00 1.141E-01 1.106E-01
       2.750E-01 2.892E-03 1.045E-01 2.043E-03 0.000E+00 0.000E+00 1.094E-01 1.065E-01
       3.000E-01 2.438E-03 1.013E-01 1.575E-03 0.000E+00 0.000E+00 1.054E-01 1.029E-01
       3.500E-01 1.799E-03 9.580E-02 1.003E-03 0.000E+00 0.000E+00 9.860E-02 9.680E-02
       4.000E-01 1.382E-03 9.105E-02 6.852E-04 0.000E+00 0.000E+00 9.311E-02 9.173E-02
       4.500E-01 1.094E-03 8.691E-02 4.944E-04 0.000E+00 0.000E+00 8.850E-02 8.741E-02
       5.000E-01 8.875E-04 8.327E-02 3.727E-04 0.000E+00 0.000E+00 8.453E-02 8.364E-02
       5.500E-01 7.344E-04 8.002E-02 2.911E-04 0.000E+00 0.000E+00 8.105E-02 8.031E-02
       6.000E-01 6.176E-04 7.710E-02 2.334E-04 0.000E+00 0.000E+00 7.795E-02 7.733E-02
       6.500E-01 5.266E-04 7.446E-02 1.910E-04 0.000E+00 0.000E+00 7.517E-02 7.465E-02
       7.000E-01 4.544E-04 7.204E-02 1.595E-04 0.000E+00 0.000E+00 7.266E-02 7.220E-02
       7.500E-01 3.960E-04 6.983E-02 1.360E-04 0.000E+00 0.000E+00 7.036E-02 6.997E-02
       8.000E-01 3.482E-04 6.779E-02 1.183E-04 0.000E+00 0.000E+00 6.826E-02 6.791E-02
       8.500E-01 3.086E-04 6.591E-02 1.047E-04 0.000E+00 0.000E+00 6.632E-02 6.601E-02
       9.000E-01 2.753E-04 6.415E-02 9.335E-05 0.000E+00 0.000E+00 6.452E-02 6.425E-02
       9.500E-01 2.471E-04 6.252E-02 8.317E-05 0.000E+00 0.000E+00 6.285E-02 6.260E-02
       1.000E+00 2.230E-04 6.098E-02 7.357E-05 0.000E+00 0.000E+00 6.128E-02 6.105E-02
       1.130E+00 1.747E-04 5.740E-02 5.611E-05 6.195E-06 0.000E+00 5.764E-02 5.747E-02
       1.250E+00 1.429E-04 5.454E-02 4.712E-05 4.242E-05 0.000E+00 5.478E-02 5.463E-02
       1.500E+00 9.923E-05 4.958E-02 3.407E-05 2.271E-04 0.000E+00 4.994E-02 4.984E-02
       1.750E+00 7.292E-05 4.558E-02 2.624E-05 5.229E-04 0.000E+00 4.620E-02 4.612E-02
       2.000E+00 5.583E-05 4.231E-02 2.118E-05 8.879E-04 0.000E+00 4.328E-02 4.322E-02
       2.250E+00 4.412E-05 3.958E-02 1.765E-05 1.287E-03 2.424E-07 4.093E-02 4.089E-02
       2.500E+00 3.574E-05 3.720E-02 1.509E-05 1.696E-03 2.015E-06 3.895E-02 3.891E-02
       2.750E+00 2.953E-05 3.512E-02 1.316E-05 2.105E-03 5.867E-06 3.727E-02 3.724E-02
       3.000E+00 2.482E-05 3.329E-02 1.164E-05 2.509E-03 1.165E-05 3.585E-02 3.583E-02
       3.500E+00 1.824E-05 3.024E-02 9.433E-06 3.295E-03 2.761E-05 3.359E-02 3.357E-02
       4.000E+00 1.396E-05 2.777E-02 7.907E-06 4.043E-03 4.758E-05 3.188E-02 3.187E-02
       4.500E+00 1.103E-05 2.572E-02 6.797E-06 4.745E-03 7.032E-05 3.056E-02 3.054E-02
       5.000E+00 8.938E-06 2.398E-02 5.954E-06 5.407E-03 9.478E-05 2.950E-02 2.949E-02
       5.500E+00 7.387E-06 2.249E-02 5.292E-06 6.033E-03 1.200E-04 2.866E-02 2.865E-02
       6.000E+00 6.207E-06 2.120E-02 4.761E-06 6.625E-03 1.456E-04 2.798E-02 2.797E-02
       6.500E+00 5.289E-06 2.007E-02 4.326E-06 7.183E-03 1.710E-04 2.743E-02 2.742E-02
       7.000E+00 4.561E-06 1.906E-02 3.963E-06 7.710E-03 1.962E-04 2.697E-02 2.697E-02
       7.500E+00 3.972E-06 1.816E-02 3.655E-06 8.210E-03 2.211E-04 2.659E-02 2.659E-02
       8.000E+00 3.491E-06 1.734E-02 3.390E-06 8.685E-03 2.455E-04 2.628E-02 2.628E-02
       8.500E+00 3.092E-06 1.661E-02 3.161E-06 9.138E-03 2.693E-04 2.602E-02 2.602E-02
       9.000E+00 2.759E-06 1.594E-02 2.961E-06 9.570E-03 2.925E-04 2.581E-02 2.581E-02
       9.500E+00 2.475E-06 1.533E-02 2.784E-06 9.981E-03 3.152E-04 2.563E-02 2.563E-02
       1.000E+01 2.234E-06 1.477E-02 2.628E-06 1.037E-02 3.373E-04 2.549E-02 2.548E-02