       1.000E-03 3.042E+00 7.079E-03 3.181E+03 0.000E+00 0.000E+00 3.184E+03 3.181E+03
       1.500E-03 2.822E+00 1.420E-02 1.102E+03 0.000E+00 0.000E+00 1.105E+03 1.102E+03
       2.000E-03 2.570E+00 2.204E-02 5.094E+02 0.000E+00 0.000E+00 5.120E+02 5.094E+02
       3.000E-03 2.083E+00 3.717E-02 1.682E+02 0.000E+00 0.000E+00 1.704E+02 1.683E+02
       4.000E-03 1.694E+00 5.023E-02 7.554E+02 0.000E+00 0.000E+00 7.571E+02 7.555E+02
       5.000E-03 1.409E+00 6.099E-02 4.210E+02 0.000E+00 0.000E+00 4.225E+02 4.211E+02
       6.000E-03 1.201E+00 6.971E-02 2.581E+02 0.000E+00 0.000E+00 2.594E+02 2.582E+02
       7.000E-03 1.046E+00 7.687E-02 1.694E+02 0.000E+00 0.000E+00 1.706E+02 1.695E+02
       8.000E-03 9.245E-01 8.293E-02 1.170E+02 0.000E+00 0.000E+00 1.180E+02 1.171E+02
       9.000E-03 8.252E-01 8.819E-02 8.403E+01 0.000E+00 0.000E+00 8.494E+01 8.412E+01
       1.000E-02 7.411E-01 9.288E-02 6.232E+01 0.000E+00 0.000E+00 6.315E+01 6.241E+01
       1.500E-02 4.556E-01 1.105E-01 1.927E+01 0.000E+00 0.000E+00 1.983E+01 1.938E+01
       2.000E-02 3.016E-01 1.213E-01 8.207E+00 0.000E+00 0.000E+00 8.630E+00 8.328E+00
       2.500E-02 2.148E-01 1.277E-01 4.188E+00 0.000E+00 0.000E+00 4.531E+00 4.316E+00
       3.000E-02 1.616E-01 1.316E-01 2.403E+00 0.000E+00 0.000E+00 2.696E+00 2.535E+00
       3.500E-02 1.266E-01 1.338E-01 1.497E+00 0.000E+00 0.000E+00 1.757E+00 1.631E+00
       4.000E-02 1.021E-01 1.351E-01 9.909E-01 0.000E+00 0.000E+00 1.228E+00 1.126E+00
       4.500E-02 8.425E-02 1.357E-01 6.871E-01 0.000E+00 0.000E+00 9.071E-01 8.229E-01
       5.000E-02 7.070E-02 1.359E-01 4.946E-01 0.000E+00 0.000E+00 7.012E-01 6.305E-01
       5.500E-02 6.016E-02 1.357E-01 3.670E-01 0.000E+00 0.000E+00 5.629E-01 5.028E-01
       6.000E-02 5.178E-02 1.353E-01 2.793E-01 0.000E+00 0.000E+00 4.664E-01 4.146E-01
       6.500E-02 4.502E-02 1.347E-01 2.171E-01 0.000E+00 0.000E+00 3.969E-01 3.518E-01
       7.000E-02 3.949E-02 1.339E-01 1.719E-01 0.000E+00 0.000E+00 3.453E-01 3.059E-01
       7.500E-02 3.491E-02 1.331E-01 1.383E-01 0.000E+00 0.000E+00 3.063E-01 2.713E-01
       8.000E-02 3.107E-02 1.322E-01 1.127E-01 0.000E+00 0.000E+00 2.760E-01 2.449E-01
       8.500E-02 2.783E-02 1.312E-01 9.307E-02 0.000E+00 0.000E+00 2.521E-01 2.243E-01
       9.000E-02 2.506E-02 1.302E-01 7.767E-02 0.000E+00 0.000E+00 2.329E-01 2.078E-01
       9.500E-02 2.269E-02 1.291E-01 6.546E-02 0.000E+00 0.000E+00 2.172E-01 1.946E-01
       1.000E-01 2.064E-02 1.280E-01 5.564E-02 0.000E+00 0.000E+00 2.043E-01 1.837E-01
       1.130E-01 1.644E-02 1.252E-01 3.778E-02 0.000E+00 0.000E+00 1.794E-01 1.630E-01
       1.250E-01 1.360E-02 1.227E-01 2.745E-02 0.000E+00 0.000E+00 1.637E-01 1.501E-01
       1.500E-01 9.633E-03 1.176E-01 1.544E-02 0.000E+00 0.000E+00 1.427E-01 1.330E-01
       1.750E-01 7.175E-03 1.129E-01 9.517E-03 0.000E+00 0.000E+00 1.296E-01 1.224E-01
       2.000E-01 5.549E-03 1.087E-01 6.280E-03 0.000E+00 0.000E+00 1.205E-01 1.150E-01
       2.250E-01 4.418E-03 1.048E-01 4.367E-03 0.000E+00 0.000E+00 1.136E-01 1.092E-01
       2.500E-01 3.599E-03 1.013E-01 3.166E-03 0.000E+00 0.000E+00 1.081E-01 1.045E-01
       2.750E-01 2.988E-03 9.812E-02 2.374E-03 0.000E+00 0.000E+00 1.035E-01 1.005E-01
       3.000E-01 2.519E-03 9.518E-02 1.832E-03 0.000E+00 0.000E+00 9.953E-02 9.701E-02
       3.500E-01 1.860E-03 8.999E-02 1.167E-03 0.000E+00 0.000E+00 9.302E-02 9.116E-02
       4.000E-01 1.428E-03 8.554E-02 7.979E-04 0.000E+00 0.000E+00 8.776E-02 8.633E-02
       4.500E-01 1.131E-03 8.165E-02 5.761E-04 0.000E+00 0.000E+00 8.336E-02 8.223E-02
       5.000E-01 9.179E-04 7.822E-02 4.345E-04 0.000E+00 0.000E+00 7.958E-02 7.866E-02
       5.500E-01 7.596E-04 7.518E-02 3.393E-04 0.000E+00 0.000E+00 7.627E-02 7.551E-02
       6.000E-01 6.389E-04 7.244E-02 2.721E-04 0.000E+00 0.000E+00 7.335E-02 7.271E-02
       6.500E-01 5.448E-04 6.995E-02 2.228E-04 0.000E+00 0.000E+00 7.072E-02 7.017E-02
       7.000E-01 4.700E-04 6.769E-02 1.862E-04 0.000E+00 0.000E+00 6.834E-02 6.787E-02
       7.500E-01 4.096E-04 6.561E-02 1.587E-04 0.000E+00 0.000E+00 6.618E-02 6.577E-02
       8.000E-01 3.601E-04 6.369E-02 1.381E-04 0.000E+00 0.000E+00 6.419E-02 6.383E-02
       8.500E-01 3.191E-04 6.192E-02 1.221E-04 0.000E+00 0.000E+00 6.236E-02 6.204E-02
       9.000E-01 2.847E-04 6.027E-02 1.089E-04 0.000E+00 0.000E+00 6.066E-02 6.038E-02
       9.500E-01 2.556E-04 5.874E-02 9.699E-05 0.000E+00 0.000E+00 5.909E-02 5.883E-02
       1.000E+00 2.308E-04 5.730E-02 8.587E-05 0.000E+00 0.000E+00 5.762E-02 5.739E-02
       1.130E+00 1.808E-04 5.395E-02 6.559E-05 6.243E-06 0.000E+00 5.420E-02 5.402E-02
       1.250E+00 1.478E-04 5.125E-02 5.504E-05 4.260E-05 0.000E+00 5.150E-02 5.135E-02
       1.500E+00 1.027E-04 4.658E-02 3.978E-05 2.272E-04 0.000E+00 4.695E-02 4.685E-02
       1.750E+00 7.549E-05 4.287E-02 3.061E-05 5.222E-04 0.000E+00 4.349E-02 4.342E-02
       2.000E+00 5.778E-05 3.977E-02 2.471E-05 8.864E-04 0.000E+00 4.074E-02 4.068E-02
       2.250E+00 4.563E-05 3.714E-02 2.060E-05 1.285E-03 2.279E-07 3.849E-02 3.845E-02
       2.500E+00 3.696E-05 3.492E-02 1.760E-05 1.692E-03 1.894E-06 3.666E-02 3.663E-02
       2.750E+00 3.056E-05 3.299E-02 1.533E-05 2.098E-03 5.514E-06 3.514E-02 3.511E-02
       3.000E+00 2.569E-05 3.130E-02 1.355E-05 2.499E-03 1.095E-05 3.385E-02 3.382E-02
       3.500E+00 1.887E-05 2.843E-02 1.097E-05 3.282E-03 2.594E-05 3.176E-02 3.175E-02
       4.000E+00 1.445E-05 2.609E-02 9.197E-06 4.025E-03 4.470E-05 3.019E-02 3.017E-02
       4.500E+00 1.142E-05 2.416E-02 7.902E-06 4.722E-03 6.607E-05 2.897E-02 2.896E-02
       5.000E+00 9.248E-06 2.254E-02 6.919E-06 5.379E-03 8.906E-05 2.802E-02 2.801E-02
       5.500E+00 7.643E-06 2.114E-02 6.149E-06 6.001E-03 1.128E-04 2.727E-02 2.726E-02
       6.000E+00 6.422E-06 1.993E-02 5.531E-06 6.589E-03 1.368E-04 2.667E-02 2.666E-02
       6.500E+00 5.472E-06 1.886E-02 5.024E-06 7.143E-03 1.607E-04 2.617E-02 2.617E-02
       7.000E+00 4.718E-06 1.791E-02 4.601E-06 7.667E-03 1.844E-04 2.577E-02 2.577E-02
       7.500E+00 4.111E-06 1.706E-02 4.242E-06 8.164E-03 2.077E-04 2.544E-02 2.544E-02
       8.000E+00 3.613E-06 1.630E-02 3.935E-06 8.636E-03 2.306E-04 2.517E-02 2.517E-02
       8.500E+00 3.201E-06 1.561E-02 3.668E-06 9.086E-03 2.530E-04 2.495E-02 2.495E-02
       9.000E+00 2.855E-06 1.498E-02 3.436E-06 9.514E-03 2.748E-04 2.478E-02 2.477E-02
       9.500E+00 2.562E-06 1.441E-02 3.230E-06 9.922E-03 2.962E-04 2.463E-02 2.463E-02
       1.000E+01 2.312E-06 1.388E-02 3.048E-06 1.031E-02 3.170E-04 2.451E-02 2.451E-02