       1.000E-03 3.347E+00 1.216E-02 4.054E+03 0.000E+00 0.000E+00 4.057E+03 4.054E+03
       1.500E-03 3.079E+00 1.958E-02 1.415E+03 0.000E+00 0.000E+00 1.418E+03 1.415E+03
       2.000E-03 2.817E+00 2.703E-02 6.565E+02 0.000E+00 0.000E+00 6.593E+02 6.565E+02
       3.000E-03 2.327E+00 4.162E-02 2.175E+02 0.000E+00 0.000E+00 2.199E+02 2.175E+02
       4.000E-03 1.916E+00 5.463E-02 9.235E+02 0.000E+00 0.000E+00 9.255E+02 9.236E+02
       5.000E-03 1.599E+00 6.577E-02 5.172E+02 0.000E+00 0.000E+00 5.189E+02 5.173E+02
       6.000E-03 1.360E+00 7.507E-02 3.190E+02 0.000E+00 0.000E+00 3.204E+02 3.191E+02
       7.000E-03 1.181E+00 8.280E-02 2.103E+02 0.000E+00 0.000E+00 2.116E+02 2.104E+02
       8.000E-03 1.042E+00 8.932E-02 1.458E+02 0.000E+00 0.000E+00 1.469E+02 1.458E+02
       9.000E-03 9.296E-01 9.492E-02 1.051E+02 0.000E+00 0.000E+00 1.061E+02 1.051E+02
       1.000E-02 8.362E-01 9.984E-02 7.814E+01 0.000E+00 0.000E+00 7.907E+01 7.824E+01
       1.500E-02 5.226E-01 1.182E-01 2.438E+01 0.000E+00 0.000E+00 2.502E+01 2.450E+01
       2.000E-02 3.490E-01 1.297E-01 1.045E+01 0.000E+00 0.000E+00 1.093E+01 1.058E+01
       2.500E-02 2.490E-01 1.367E-01 5.358E+00 0.000E+00 0.000E+00 5.743E+00 5.495E+00
       3.000E-02 1.873E-01 1.410E-01 3.084E+00 0.000E+00 0.000E+00 3.412E+00 3.225E+00
       3.500E-02 1.468E-01 1.435E-01 1.926E+00 0.000E+00 0.000E+00 2.216E+00 2.069E+00
       4.000E-02 1.185E-01 1.449E-01 1.277E+00 0.000E+00 0.000E+00 1.541E+00 1.422E+00
       4.500E-02 9.779E-02 1.456E-01 8.875E-01 0.000E+00 0.000E+00 1.131E+00 1.033E+00
       5.000E-02 8.214E-02 1.458E-01 6.398E-01 0.000E+00 0.000E+00 8.678E-01 7.857E-01
       5.500E-02 6.997E-02 1.457E-01 4.754E-01 0.000E+00 0.000E+00 6.911E-01 6.211E-01
       6.000E-02 6.030E-02 1.453E-01 3.623E-01 0.000E+00 0.000E+00 5.678E-01 5.075E-01
       6.500E-02 5.248E-02 1.447E-01 2.819E-01 0.000E+00 0.000E+00 4.791E-01 4.266E-01
       7.000E-02 4.607E-02 1.439E-01 2.234E-01 0.000E+00 0.000E+00 4.134E-01 3.673E-01
       7.500E-02 4.075E-02 1.430E-01 1.799E-01 0.000E+00 0.000E+00 3.636E-01 3.229E-01
       8.000E-02 3.629E-02 1.421E-01 1.468E-01 0.000E+00 0.000E+00 3.251E-01 2.889E-01
       8.500E-02 3.251E-02 1.410E-01 1.213E-01 0.000E+00 0.000E+00 2.948E-01 2.623E-01
       9.000E-02 2.930E-02 1.399E-01 1.013E-01 0.000E+00 0.000E+00 2.705E-01 2.412E-01
       9.500E-02 2.653E-02 1.388E-01 8.540E-02 0.000E+00 0.000E+00 2.508E-01 2.242E-01
       1.000E-01 2.414E-02 1.377E-01 7.264E-02 0.000E+00 0.000E+00 2.345E-01 2.104E-01
       1.130E-01 1.924E-02 1.348E-01 4.940E-02 0.000E+00 0.000E+00 2.034E-01 1.841E-01
       1.250E-01 1.593E-02 1.320E-01 3.594E-02 0.000E+00 0.000E+00 1.839E-01 1.680E-01
       1.500E-01 1.129E-02 1.266E-01 2.025E-02 0.000E+00 0.000E+00 1.582E-01 1.469E-01
       1.750E-01 8.415E-03 1.216E-01 1.250E-02 0.000E+00 0.000E+00 1.426E-01 1.341E-01
       2.000E-01 6.511E-03 1.171E-01 8.256E-03 0.000E+00 0.000E+00 1.319E-01 1.253E-01
       2.250E-01 5.185E-03 1.130E-01 5.745E-03 0.000E+00 0.000E+00 1.239E-01 1.187E-01
       2.500E-01 4.225E-03 1.092E-01 4.168E-03 0.000E+00 0.000E+00 1.176E-01 1.134E-01
       2.750E-01 3.508E-03 1.057E-01 3.128E-03 0.000E+00 0.000E+00 1.124E-01 1.089E-01
       3.000E-01 2.959E-03 1.026E-01 2.415E-03 0.000E+00 0.000E+00 1.080E-01 1.050E-01
       3.500E-01 2.185E-03 9.701E-02 1.540E-03 0.000E+00 0.000E+00 1.007E-01 9.855E-02
       4.000E-01 1.679E-03 9.222E-02 1.054E-03 0.000E+00 0.000E+00 9.495E-02 9.327E-02
       4.500E-01 1.330E-03 8.803E-02 7.617E-04 0.000E+00 0.000E+00 9.012E-02 8.879E-02
       5.000E-01 1.079E-03 8.434E-02 5.747E-04 0.000E+00 0.000E+00 8.600E-02 8.492E-02
       5.500E-01 8.934E-04 8.106E-02 4.489E-04 0.000E+00 0.000E+00 8.240E-02 8.151E-02
       6.000E-01 7.515E-04 7.811E-02 3.601E-04 0.000E+00 0.000E+00 7.922E-02 7.847E-02
       6.500E-01 6.408E-04 7.543E-02 2.950E-04 0.000E+00 0.000E+00 7.637E-02 7.573E-02
       7.000E-01 5.529E-04 7.299E-02 2.466E-04 0.000E+00 0.000E+00 7.379E-02 7.324E-02
       7.500E-01 4.819E-04 7.075E-02 2.103E-04 0.000E+00 0.000E+00 7.144E-02 7.096E-02
       8.000E-01 4.237E-04 6.868E-02 1.828E-04 0.000E+00 0.000E+00 6.929E-02 6.886E-02
       8.500E-01 3.755E-04 6.676E-02 1.616E-04 0.000E+00 0.000E+00 6.730E-02 6.692E-02
       9.000E-01 3.351E-04 6.498E-02 1.440E-04 0.000E+00 0.000E+00 6.546E-02 6.512E-02
       9.500E-01 3.008E-04 6.332E-02 1.283E-04 0.000E+00 0.000E+00 6.375E-02 6.345E-02
       1.000E+00 2.715E-04 6.178E-02 1.137E-04 0.000E+00 0.000E+00 6.216E-02 6.189E-02
       1.130E+00 2.127E-04 5.817E-02 8.694E-05 7.223E-06 0.000E+00 5.848E-02 5.827E-02
       1.250E+00 1.739E-04 5.526E-02 7.287E-05 4.906E-05 0.000E+00 5.556E-02 5.539E-02
       1.500E+00 1.208E-04 5.024E-02 5.266E-05 2.601E-04 0.000E+00 5.068E-02 5.056E-02
       1.750E+00 8.879E-05 4.620E-02 4.049E-05 5.971E-04 0.000E+00 4.693E-02 4.684E-02
       2.000E+00 6.799E-05 4.288E-02 3.267E-05 1.013E-03 0.000E+00 4.399E-02 4.393E-02
       2.250E+00 5.372E-05 4.009E-02 2.724E-05 1.467E-03 2.457E-07 4.164E-02 4.158E-02
       2.500E+00 4.351E-05 3.768E-02 2.326E-05 1.931E-03 2.042E-06 3.968E-02 3.964E-02
       2.750E+00 3.596E-05 3.559E-02 2.025E-05 2.393E-03 5.946E-06 3.804E-02 3.801E-02
       3.000E+00 3.022E-05 3.375E-02 1.790E-05 2.849E-03 1.181E-05 3.666E-02 3.663E-02
       3.500E+00 2.221E-05 3.066E-02 1.448E-05 3.740E-03 2.798E-05 3.447E-02 3.444E-02
       4.000E+00 1.700E-05 2.816E-02 1.213E-05 4.585E-03 4.821E-05 3.282E-02 3.280E-02
       4.500E+00 1.344E-05 2.607E-02 1.042E-05 5.378E-03 7.126E-05 3.154E-02 3.153E-02
       5.000E+00 1.088E-05 2.431E-02 9.123E-06 6.124E-03 9.605E-05 3.055E-02 3.053E-02
       5.500E+00 8.995E-06 2.280E-02 8.105E-06 6.831E-03 1.216E-04 2.977E-02 2.976E-02
       6.000E+00 7.558E-06 2.149E-02 7.288E-06 7.500E-03 1.475E-04 2.915E-02 2.914E-02
       6.500E+00 6.440E-06 2.034E-02 6.619E-06 8.128E-03 1.733E-04 2.865E-02 2.865E-02
       7.000E+00 5.553E-06 1.931E-02 6.061E-06 8.722E-03 1.988E-04 2.825E-02 2.824E-02
       7.500E+00 4.837E-06 1.840E-02 5.587E-06 9.287E-03 2.240E-04 2.792E-02 2.791E-02
       8.000E+00 4.251E-06 1.757E-02 5.181E-06 9.824E-03 2.486E-04 2.766E-02 2.765E-02
       8.500E+00 3.766E-06 1.683E-02 4.831E-06 1.033E-02 2.727E-04 2.745E-02 2.744E-02
       9.000E+00 3.359E-06 1.616E-02 4.524E-06 1.082E-02 2.963E-04 2.728E-02 2.728E-02
       9.500E+00 3.015E-06 1.554E-02 4.253E-06 1.128E-02 3.194E-04 2.715E-02 2.715E-02
       1.000E+01 2.722E-06 1.497E-02 4.012E-06 1.172E-02 3.418E-04 2.704E-02 2.704E-02