       1.000E-03 3.582E+00 1.494E-02 4.862E+03 0.000E+00 0.000E+00 4.866E+03 4.862E+03
       1.500E-03 3.259E+00 2.356E-02 1.710E+03 0.000E+00 0.000E+00 1.713E+03 1.710E+03
       2.000E-03 2.963E+00 3.100E-02 7.968E+02 0.000E+00 0.000E+00 7.998E+02 7.969E+02
       3.000E-03 2.463E+00 4.481E-02 2.651E+02 0.000E+00 0.000E+00 2.676E+02 2.651E+02
       4.000E-03 2.051E+00 5.716E-02 1.197E+02 0.000E+00 0.000E+00 1.218E+02 1.198E+02
       5.000E-03 1.720E+00 6.795E-02 6.007E+02 0.000E+00 0.000E+00 6.025E+02 6.008E+02
       6.000E-03 1.465E+00 7.722E-02 3.716E+02 0.000E+00 0.000E+00 3.731E+02 3.717E+02
       7.000E-03 1.268E+00 8.507E-02 2.460E+02 0.000E+00 0.000E+00 2.474E+02 2.461E+02
       8.000E-03 1.116E+00 9.173E-02 1.714E+02 0.000E+00 0.000E+00 1.727E+02 1.715E+02
       9.000E-03 9.951E-01 9.743E-02 1.240E+02 0.000E+00 0.000E+00 1.251E+02 1.241E+02
       1.000E-02 8.954E-01 1.024E-01 9.241E+01 0.000E+00 0.000E+00 9.341E+01 9.251E+01
       1.500E-02 5.671E-01 1.206E-01 2.911E+01 0.000E+00 0.000E+00 2.979E+01 2.923E+01
       2.000E-02 3.823E-01 1.322E-01 1.255E+01 0.000E+00 0.000E+00 1.306E+01 1.268E+01
       2.500E-02 2.735E-01 1.395E-01 6.458E+00 0.000E+00 0.000E+00 6.871E+00 6.597E+00
       3.000E-02 2.059E-01 1.439E-01 3.729E+00 0.000E+00 0.000E+00 4.079E+00 3.873E+00
       3.500E-02 1.613E-01 1.465E-01 2.335E+00 0.000E+00 0.000E+00 2.643E+00 2.482E+00
       4.000E-02 1.302E-01 1.481E-01 1.552E+00 0.000E+00 0.000E+00 1.830E+00 1.700E+00
       4.500E-02 1.075E-01 1.488E-01 1.080E+00 0.000E+00 0.000E+00 1.337E+00 1.229E+00
       5.000E-02 9.040E-02 1.491E-01 7.800E-01 0.000E+00 0.000E+00 1.019E+00 9.291E-01
       5.500E-02 7.707E-02 1.490E-01 5.804E-01 0.000E+00 0.000E+00 8.065E-01 7.294E-01
       6.000E-02 6.648E-02 1.486E-01 4.428E-01 0.000E+00 0.000E+00 6.579E-01 5.914E-01
       6.500E-02 5.790E-02 1.480E-01 3.450E-01 0.000E+00 0.000E+00 5.509E-01 4.930E-01
       7.000E-02 5.086E-02 1.472E-01 2.736E-01 0.000E+00 0.000E+00 4.717E-01 4.208E-01
       7.500E-02 4.502E-02 1.464E-01 2.204E-01 0.000E+00 0.000E+00 4.118E-01 3.668E-01
       8.000E-02 4.012E-02 1.454E-01 1.800E-01 0.000E+00 0.000E+00 3.655E-01 3.254E-01
       8.500E-02 3.597E-02 1.444E-01 1.488E-01 0.000E+00 0.000E+00 3.292E-01 2.932E-01
       9.000E-02 3.242E-02 1.433E-01 1.244E-01 0.000E+00 0.000E+00 3.001E-01 2.677E-01
       9.500E-02 2.937E-02 1.422E-01 1.049E-01 0.000E+00 0.000E+00 2.765E-01 2.471E-01
       1.000E-01 2.673E-02 1.411E-01 8.931E-02 0.000E+00 0.000E+00 2.571E-01 2.304E-01
       1.130E-01 2.132E-02 1.381E-01 6.082E-02 0.000E+00 0.000E+00 2.202E-01 1.989E-01
       1.250E-01 1.766E-02 1.353E-01 4.429E-02 0.000E+00 0.000E+00 1.973E-01 1.796E-01
       1.500E-01 1.252E-02 1.298E-01 2.500E-02 0.000E+00 0.000E+00 1.674E-01 1.548E-01
       1.750E-01 9.338E-03 1.248E-01 1.546E-02 0.000E+00 0.000E+00 1.496E-01 1.402E-01
       2.000E-01 7.228E-03 1.201E-01 1.022E-02 0.000E+00 0.000E+00 1.376E-01 1.303E-01
       2.250E-01 5.757E-03 1.159E-01 7.120E-03 0.000E+00 0.000E+00 1.288E-01 1.230E-01
       2.500E-01 4.693E-03 1.120E-01 5.170E-03 0.000E+00 0.000E+00 1.219E-01 1.172E-01
       2.750E-01 3.897E-03 1.085E-01 3.883E-03 0.000E+00 0.000E+00 1.163E-01 1.124E-01
       3.000E-01 3.288E-03 1.053E-01 2.999E-03 0.000E+00 0.000E+00 1.116E-01 1.083E-01
       3.500E-01 2.430E-03 9.957E-02 1.915E-03 0.000E+00 0.000E+00 1.039E-01 1.015E-01
       4.000E-01 1.868E-03 9.465E-02 1.312E-03 0.000E+00 0.000E+00 9.783E-02 9.596E-02
       4.500E-01 1.480E-03 9.037E-02 9.482E-04 0.000E+00 0.000E+00 9.280E-02 9.132E-02
       5.000E-01 1.201E-03 8.660E-02 7.157E-04 0.000E+00 0.000E+00 8.851E-02 8.731E-02
       5.500E-01 9.938E-04 8.323E-02 5.593E-04 0.000E+00 0.000E+00 8.478E-02 8.378E-02
       6.000E-01 8.360E-04 8.019E-02 4.488E-04 0.000E+00 0.000E+00 8.148E-02 8.064E-02
       6.500E-01 7.131E-04 7.745E-02 3.678E-04 0.000E+00 0.000E+00 7.853E-02 7.782E-02
       7.000E-01 6.153E-04 7.494E-02 3.075E-04 0.000E+00 0.000E+00 7.587E-02 7.525E-02
       7.500E-01 5.363E-04 7.264E-02 2.622E-04 0.000E+00 0.000E+00 7.344E-02 7.290E-02
       8.000E-01 4.715E-04 7.052E-02 2.279E-04 0.000E+00 0.000E+00 7.122E-02 7.075E-02
       8.500E-01 4.177E-04 6.855E-02 2.014E-04 0.000E+00 0.000E+00 6.917E-02 6.875E-02
       9.000E-01 3.727E-04 6.672E-02 1.794E-04 0.000E+00 0.000E+00 6.727E-02 6.690E-02
       9.500E-01 3.346E-04 6.502E-02 1.599E-04 0.000E+00 0.000E+00 6.551E-02 6.518E-02
       1.000E+00 3.022E-04 6.344E-02 1.417E-04 0.000E+00 0.000E+00 6.388E-02 6.358E-02
       1.130E+00 2.369E-04 5.974E-02 1.085E-04 7.956E-06 0.000E+00 6.010E-02 5.986E-02
       1.250E+00 1.935E-04 5.675E-02 9.086E-05 5.363E-05 0.000E+00 5.709E-02 5.690E-02
       1.500E+00 1.345E-04 5.158E-02 6.565E-05 2.822E-04 0.000E+00 5.207E-02 5.193E-02
       1.750E+00 9.881E-05 4.744E-02 5.046E-05 6.476E-04 0.000E+00 4.824E-02 4.814E-02
       2.000E+00 7.567E-05 4.403E-02 4.069E-05 1.100E-03 0.000E+00 4.524E-02 4.517E-02
       2.250E+00 5.981E-05 4.115E-02 3.391E-05 1.594E-03 2.523E-07 4.284E-02 4.278E-02
       2.500E+00 4.845E-05 3.868E-02 2.896E-05 2.095E-03 2.097E-06 4.086E-02 4.081E-02
       2.750E+00 4.004E-05 3.653E-02 2.520E-05 2.594E-03 6.106E-06 3.920E-02 3.916E-02
       3.000E+00 3.364E-05 3.465E-02 2.227E-05 3.085E-03 1.213E-05 3.780E-02 3.777E-02
       3.500E+00 2.472E-05 3.148E-02 1.800E-05 4.045E-03 2.873E-05 3.560E-02 3.558E-02
       4.000E+00 1.893E-05 2.891E-02 1.507E-05 4.959E-03 4.951E-05 3.395E-02 3.393E-02
       4.500E+00 1.496E-05 2.677E-02 1.294E-05 5.814E-03 7.317E-05 3.268E-02 3.267E-02
       5.000E+00 1.211E-05 2.496E-02 1.133E-05 6.619E-03 9.863E-05 3.170E-02 3.169E-02
       5.500E+00 1.001E-05 2.342E-02 1.006E-05 7.382E-03 1.249E-04 3.094E-02 3.093E-02
       6.000E+00 8.413E-06 2.207E-02 9.047E-06 8.104E-03 1.515E-04 3.035E-02 3.034E-02
       6.500E+00 7.168E-06 2.089E-02 8.214E-06 8.782E-03 1.780E-04 2.986E-02 2.986E-02
       7.000E+00 6.180E-06 1.983E-02 7.519E-06 9.423E-03 2.042E-04 2.948E-02 2.947E-02
       7.500E+00 5.384E-06 1.889E-02 6.932E-06 1.003E-02 2.300E-04 2.917E-02 2.916E-02
       8.000E+00 4.732E-06 1.805E-02 6.428E-06 1.061E-02 2.553E-04 2.892E-02 2.892E-02
       8.500E+00 4.191E-06 1.728E-02 5.991E-06 1.116E-02 2.801E-04 2.873E-02 2.873E-02
       9.000E+00 3.738E-06 1.659E-02 5.609E-06 1.169E-02 3.043E-04 2.859E-02 2.858E-02
       9.500E+00 3.356E-06 1.595E-02 5.272E-06 1.219E-02 3.279E-04 2.848E-02 2.847E-02
       1.000E+01 3.029E-06 1.537E-02 4.974E-06 1.266E-02 3.509E-04 2.839E-02 2.839E-02