       1.000E-03 3.553E+00 1.301E-02 5.234E+03 0.000E+00 0.000E+00 5.237E+03 5.234E+03
       1.500E-03 3.244E+00 2.103E-02 1.854E+03 0.000E+00 0.000E+00 1.857E+03 1.854E+03
       2.000E-03 2.952E+00 2.796E-02 8.675E+02 0.000E+00 0.000E+00 8.705E+02 8.675E+02
       3.000E-03 2.455E+00 4.062E-02 2.897E+02 0.000E+00 0.000E+00 2.922E+02 2.898E+02
       4.000E-03 2.050E+00 5.199E-02 1.311E+02 0.000E+00 0.000E+00 1.332E+02 1.312E+02
       5.000E-03 1.720E+00 6.198E-02 6.288E+02 0.000E+00 0.000E+00 6.306E+02 6.289E+02
       6.000E-03 1.463E+00 7.069E-02 3.918E+02 0.000E+00 0.000E+00 3.934E+02 3.919E+02
       7.000E-03 1.263E+00 7.818E-02 2.600E+02 0.000E+00 0.000E+00 2.613E+02 2.601E+02
       8.000E-03 1.107E+00 8.458E-02 1.816E+02 0.000E+00 0.000E+00 1.828E+02 1.817E+02
       9.000E-03 9.841E-01 9.005E-02 1.318E+02 0.000E+00 0.000E+00 1.329E+02 1.319E+02
       1.000E-02 8.837E-01 9.480E-02 9.854E+01 0.000E+00 0.000E+00 9.952E+01 9.863E+01
       1.500E-02 5.622E-01 1.119E-01 3.135E+01 0.000E+00 0.000E+00 3.202E+01 3.146E+01
       2.000E-02 3.820E-01 1.227E-01 1.358E+01 0.000E+00 0.000E+00 1.409E+01 1.371E+01
       2.500E-02 2.740E-01 1.296E-01 7.021E+00 0.000E+00 0.000E+00 7.425E+00 7.150E+00
       3.000E-02 2.063E-01 1.338E-01 4.068E+00 0.000E+00 0.000E+00 4.408E+00 4.202E+00
       3.500E-02 1.616E-01 1.364E-01 2.554E+00 0.000E+00 0.000E+00 2.852E+00 2.690E+00
       4.000E-02 1.304E-01 1.378E-01 1.701E+00 0.000E+00 0.000E+00 1.970E+00 1.839E+00
       4.500E-02 1.077E-01 1.386E-01 1.186E+00 0.000E+00 0.000E+00 1.432E+00 1.325E+00
       5.000E-02 9.062E-02 1.389E-01 8.577E-01 0.000E+00 0.000E+00 1.087E+00 9.966E-01
       5.500E-02 7.732E-02 1.388E-01 6.390E-01 0.000E+00 0.000E+00 8.552E-01 7.779E-01
       6.000E-02 6.675E-02 1.385E-01 4.880E-01 0.000E+00 0.000E+00 6.933E-01 6.265E-01
       6.500E-02 5.819E-02 1.380E-01 3.805E-01 0.000E+00 0.000E+00 5.767E-01 5.185E-01
       7.000E-02 5.117E-02 1.373E-01 3.020E-01 0.000E+00 0.000E+00 4.905E-01 4.394E-01
       7.500E-02 4.532E-02 1.366E-01 2.435E-01 0.000E+00 0.000E+00 4.254E-01 3.801E-01
       8.000E-02 4.041E-02 1.357E-01 1.991E-01 0.000E+00 0.000E+00 3.752E-01 3.348E-01
       8.500E-02 3.625E-02 1.348E-01 1.647E-01 0.000E+00 0.000E+00 3.357E-01 2.995E-01
       9.000E-02 3.269E-02 1.338E-01 1.377E-01 0.000E+00 0.000E+00 3.042E-01 2.715E-01
       9.500E-02 2.962E-02 1.328E-01 1.163E-01 0.000E+00 0.000E+00 2.787E-01 2.491E-01
       1.000E-01 2.697E-02 1.317E-01 9.906E-02 0.000E+00 0.000E+00 2.577E-01 2.308E-01
       1.130E-01 2.152E-02 1.290E-01 6.755E-02 0.000E+00 0.000E+00 2.180E-01 1.965E-01
       1.250E-01 1.783E-02 1.264E-01 4.924E-02 0.000E+00 0.000E+00 1.935E-01 1.757E-01
       1.500E-01 1.266E-02 1.214E-01 2.785E-02 0.000E+00 0.000E+00 1.619E-01 1.492E-01
       1.750E-01 9.445E-03 1.166E-01 1.724E-02 0.000E+00 0.000E+00 1.433E-01 1.339E-01
       2.000E-01 7.314E-03 1.123E-01 1.141E-02 0.000E+00 0.000E+00 1.311E-01 1.237E-01
       2.250E-01 5.829E-03 1.084E-01 7.959E-03 0.000E+00 0.000E+00 1.222E-01 1.163E-01
       2.500E-01 4.753E-03 1.048E-01 5.784E-03 0.000E+00 0.000E+00 1.153E-01 1.106E-01
       2.750E-01 3.949E-03 1.015E-01 4.347E-03 0.000E+00 0.000E+00 1.098E-01 1.059E-01
       3.000E-01 3.331E-03 9.850E-02 3.360E-03 0.000E+00 0.000E+00 1.052E-01 1.019E-01
       3.500E-01 2.462E-03 9.316E-02 2.146E-03 0.000E+00 0.000E+00 9.777E-02 9.531E-02
       4.000E-01 1.893E-03 8.857E-02 1.471E-03 0.000E+00 0.000E+00 9.194E-02 9.004E-02
       4.500E-01 1.500E-03 8.457E-02 1.064E-03 0.000E+00 0.000E+00 8.713E-02 8.563E-02
       5.000E-01 1.218E-03 8.103E-02 8.037E-04 0.000E+00 0.000E+00 8.305E-02 8.183E-02
       5.500E-01 1.008E-03 7.788E-02 6.284E-04 0.000E+00 0.000E+00 7.951E-02 7.851E-02
       6.000E-01 8.481E-04 7.504E-02 5.043E-04 0.000E+00 0.000E+00 7.639E-02 7.555E-02
       6.500E-01 7.233E-04 7.248E-02 4.133E-04 0.000E+00 0.000E+00 7.361E-02 7.289E-02
       7.000E-01 6.242E-04 7.014E-02 3.456E-04 0.000E+00 0.000E+00 7.111E-02 7.048E-02
       7.500E-01 5.440E-04 6.799E-02 2.948E-04 0.000E+00 0.000E+00 6.883E-02 6.829E-02
       8.000E-01 4.784E-04 6.601E-02 2.563E-04 0.000E+00 0.000E+00 6.675E-02 6.627E-02
       8.500E-01 4.239E-04 6.418E-02 2.265E-04 0.000E+00 0.000E+00 6.483E-02 6.441E-02
       9.000E-01 3.782E-04 6.247E-02 2.018E-04 0.000E+00 0.000E+00 6.305E-02 6.268E-02
       9.500E-01 3.396E-04 6.088E-02 1.798E-04 0.000E+00 0.000E+00 6.140E-02 6.106E-02
       1.000E+00 3.066E-04 5.938E-02 1.594E-04 0.000E+00 0.000E+00 5.985E-02 5.954E-02
       1.130E+00 2.403E-04 5.590E-02 1.220E-04 7.958E-06 0.000E+00 5.627E-02 5.603E-02
       1.250E+00 1.964E-04 5.311E-02 1.022E-04 5.335E-05 0.000E+00 5.347E-02 5.327E-02
       1.500E+00 1.365E-04 4.829E-02 7.382E-05 2.790E-04 0.000E+00 4.878E-02 4.864E-02
       1.750E+00 1.003E-04 4.442E-02 5.676E-05 6.392E-04 0.000E+00 4.522E-02 4.512E-02
       2.000E+00 7.680E-05 4.122E-02 4.572E-05 1.086E-03 0.000E+00 4.243E-02 4.235E-02
       2.250E+00 6.069E-05 3.851E-02 3.804E-05 1.573E-03 2.363E-07 4.019E-02 4.013E-02
       2.500E+00 4.917E-05 3.620E-02 3.247E-05 2.066E-03 1.963E-06 3.835E-02 3.830E-02
       2.750E+00 4.063E-05 3.419E-02 2.826E-05 2.555E-03 5.716E-06 3.682E-02 3.678E-02
       3.000E+00 3.415E-05 3.243E-02 2.497E-05 3.037E-03 1.135E-05 3.554E-02 3.550E-02
       3.500E+00 2.509E-05 2.947E-02 2.018E-05 3.979E-03 2.689E-05 3.352E-02 3.349E-02
       4.000E+00 1.921E-05 2.706E-02 1.689E-05 4.876E-03 4.634E-05 3.202E-02 3.200E-02
       4.500E+00 1.518E-05 2.505E-02 1.450E-05 5.716E-03 6.849E-05 3.087E-02 3.085E-02
       5.000E+00 1.229E-05 2.336E-02 1.269E-05 6.506E-03 9.232E-05 2.999E-02 2.997E-02
       5.500E+00 1.016E-05 2.191E-02 1.127E-05 7.255E-03 1.169E-04 2.931E-02 2.930E-02
       6.000E+00 8.537E-06 2.066E-02 1.013E-05 7.962E-03 1.417E-04 2.878E-02 2.877E-02
       6.500E+00 7.275E-06 1.955E-02 9.194E-06 8.628E-03 1.666E-04 2.836E-02 2.835E-02
       7.000E+00 6.273E-06 1.857E-02 8.415E-06 9.256E-03 1.912E-04 2.803E-02 2.802E-02
       7.500E+00 5.464E-06 1.768E-02 7.756E-06 9.854E-03 2.153E-04 2.777E-02 2.776E-02
       8.000E+00 4.802E-06 1.689E-02 7.191E-06 1.042E-02 2.390E-04 2.756E-02 2.756E-02
       8.500E+00 4.254E-06 1.618E-02 6.702E-06 1.096E-02 2.621E-04 2.741E-02 2.741E-02
       9.000E+00 3.795E-06 1.553E-02 6.275E-06 1.148E-02 2.848E-04 2.730E-02 2.729E-02
       9.500E+00 3.405E-06 1.493E-02 5.898E-06 1.197E-02 3.069E-04 2.721E-02 2.721E-02
       1.000E+01 3.073E-06 1.439E-02 5.563E-06 1.243E-02 3.285E-04 2.716E-02 2.715E-02