       1.000E-03 3.692E+00 1.182E-02 5.865E+03 0.000E+00 0.000E+00 5.869E+03 5.865E+03
       1.500E-03 3.387E+00 1.950E-02 2.093E+03 0.000E+00 0.000E+00 2.096E+03 2.093E+03
       2.000E-03 3.093E+00 2.619E-02 9.829E+02 0.000E+00 0.000E+00 9.861E+02 9.830E+02
       3.000E-03 2.581E+00 3.837E-02 3.297E+02 0.000E+00 0.000E+00 3.323E+02 3.297E+02
       4.000E-03 2.157E+00 4.940E-02 1.495E+02 0.000E+00 0.000E+00 1.518E+02 1.496E+02
       5.000E-03 1.814E+00 5.914E-02 6.820E+02 0.000E+00 0.000E+00 6.838E+02 6.820E+02
       6.000E-03 1.541E+00 6.769E-02 4.308E+02 0.000E+00 0.000E+00 4.324E+02 4.308E+02
       7.000E-03 1.327E+00 7.515E-02 2.816E+02 0.000E+00 0.000E+00 2.830E+02 2.817E+02
       8.000E-03 1.160E+00 8.158E-02 2.011E+02 0.000E+00 0.000E+00 2.024E+02 2.012E+02
       9.000E-03 1.028E+00 8.712E-02 1.469E+02 0.000E+00 0.000E+00 1.480E+02 1.470E+02
       1.000E-02 9.203E-01 9.193E-02 1.097E+02 0.000E+00 0.000E+00 1.107E+02 1.098E+02
       1.500E-02 5.854E-01 1.090E-01 3.518E+01 0.000E+00 0.000E+00 3.587E+01 3.529E+01
       2.000E-02 4.006E-01 1.196E-01 1.533E+01 0.000E+00 0.000E+00 1.585E+01 1.545E+01
       2.500E-02 2.881E-01 1.265E-01 7.956E+00 0.000E+00 0.000E+00 8.371E+00 8.082E+00
       3.000E-02 2.170E-01 1.308E-01 4.624E+00 0.000E+00 0.000E+00 4.971E+00 4.754E+00
       3.500E-02 1.699E-01 1.334E-01 2.908E+00 0.000E+00 0.000E+00 3.212E+00 3.042E+00
       4.000E-02 1.371E-01 1.350E-01 1.941E+00 0.000E+00 0.000E+00 2.213E+00 2.076E+00
       4.500E-02 1.133E-01 1.358E-01 1.356E+00 0.000E+00 0.000E+00 1.605E+00 1.492E+00
       5.000E-02 9.528E-02 1.361E-01 9.821E-01 0.000E+00 0.000E+00 1.213E+00 1.118E+00
       5.500E-02 8.133E-02 1.360E-01 7.326E-01 0.000E+00 0.000E+00 9.499E-01 8.686E-01
       6.000E-02 7.025E-02 1.357E-01 5.601E-01 0.000E+00 0.000E+00 7.660E-01 6.958E-01
       6.500E-02 6.128E-02 1.352E-01 4.373E-01 0.000E+00 0.000E+00 6.338E-01 5.725E-01
       7.000E-02 5.391E-02 1.346E-01 3.476E-01 0.000E+00 0.000E+00 5.361E-01 4.822E-01
       7.500E-02 4.779E-02 1.339E-01 2.806E-01 0.000E+00 0.000E+00 4.623E-01 4.145E-01
       8.000E-02 4.264E-02 1.331E-01 2.295E-01 0.000E+00 0.000E+00 4.052E-01 3.626E-01
       8.500E-02 3.826E-02 1.322E-01 1.900E-01 0.000E+00 0.000E+00 3.605E-01 3.222E-01
       9.000E-02 3.452E-02 1.312E-01 1.590E-01 0.000E+00 0.000E+00 3.247E-01 2.902E-01
       9.500E-02 3.130E-02 1.302E-01 1.343E-01 0.000E+00 0.000E+00 2.958E-01 2.645E-01
       1.000E-01 2.850E-02 1.292E-01 1.144E-01 0.000E+00 0.000E+00 2.721E-01 2.436E-01
       1.130E-01 2.276E-02 1.265E-01 7.809E-02 0.000E+00 0.000E+00 2.274E-01 2.046E-01
       1.250E-01 1.886E-02 1.241E-01 5.698E-02 0.000E+00 0.000E+00 1.999E-01 1.811E-01
       1.500E-01 1.340E-02 1.192E-01 3.229E-02 0.000E+00 0.000E+00 1.649E-01 1.515E-01
       1.750E-01 1.000E-02 1.146E-01 2.002E-02 0.000E+00 0.000E+00 1.446E-01 1.346E-01
       2.000E-01 7.749E-03 1.104E-01 1.327E-02 0.000E+00 0.000E+00 1.314E-01 1.236E-01
       2.250E-01 6.178E-03 1.065E-01 9.261E-03 0.000E+00 0.000E+00 1.220E-01 1.158E-01
       2.500E-01 5.039E-03 1.030E-01 6.735E-03 0.000E+00 0.000E+00 1.148E-01 1.097E-01
       2.750E-01 4.188E-03 9.979E-02 5.066E-03 0.000E+00 0.000E+00 1.090E-01 1.049E-01
       3.000E-01 3.534E-03 9.683E-02 3.918E-03 0.000E+00 0.000E+00 1.043E-01 1.008E-01
       3.500E-01 2.614E-03 9.160E-02 2.506E-03 0.000E+00 0.000E+00 9.672E-02 9.410E-02
       4.000E-01 2.010E-03 8.709E-02 1.719E-03 0.000E+00 0.000E+00 9.082E-02 8.881E-02
       4.500E-01 1.593E-03 8.315E-02 1.244E-03 0.000E+00 0.000E+00 8.599E-02 8.439E-02
       5.000E-01 1.293E-03 7.968E-02 9.398E-04 0.000E+00 0.000E+00 8.191E-02 8.062E-02
       5.500E-01 1.070E-03 7.659E-02 7.349E-04 0.000E+00 0.000E+00 7.839E-02 7.732E-02
       6.000E-01 9.007E-04 7.381E-02 5.901E-04 0.000E+00 0.000E+00 7.530E-02 7.440E-02
       6.500E-01 7.683E-04 7.128E-02 4.839E-04 0.000E+00 0.000E+00 7.253E-02 7.177E-02
       7.000E-01 6.630E-04 6.898E-02 4.048E-04 0.000E+00 0.000E+00 7.004E-02 6.938E-02
       7.500E-01 5.780E-04 6.686E-02 3.453E-04 0.000E+00 0.000E+00 6.779E-02 6.721E-02
       8.000E-01 5.083E-04 6.491E-02 3.000E-04 0.000E+00 0.000E+00 6.572E-02 6.521E-02
       8.500E-01 4.504E-04 6.311E-02 2.648E-04 0.000E+00 0.000E+00 6.382E-02 6.337E-02
       9.000E-01 4.019E-04 6.143E-02 2.357E-04 0.000E+00 0.000E+00 6.207E-02 6.167E-02
       9.500E-01 3.608E-04 5.986E-02 2.101E-04 0.000E+00 0.000E+00 6.043E-02 6.007E-02
       1.000E+00 3.258E-04 5.840E-02 1.865E-04 0.000E+00 0.000E+00 5.891E-02 5.858E-02
       1.130E+00 2.553E-04 5.498E-02 1.431E-04 8.343E-06 0.000E+00 5.539E-02 5.513E-02
       1.250E+00 2.087E-04 5.225E-02 1.197E-04 5.568E-05 0.000E+00 5.263E-02 5.242E-02
       1.500E+00 1.450E-04 4.749E-02 8.642E-05 2.895E-04 0.000E+00 4.801E-02 4.787E-02
       1.750E+00 1.066E-04 4.366E-02 6.639E-05 6.619E-04 0.000E+00 4.450E-02 4.439E-02
       2.000E+00 8.160E-05 4.054E-02 5.347E-05 1.124E-03 0.000E+00 4.180E-02 4.171E-02
       2.250E+00 6.450E-05 3.792E-02 4.450E-05 1.626E-03 2.323E-07 3.965E-02 3.959E-02
       2.500E+00 5.225E-05 3.564E-02 3.797E-05 2.135E-03 1.931E-06 3.787E-02 3.782E-02
       2.750E+00 4.318E-05 3.366E-02 3.303E-05 2.638E-03 5.622E-06 3.638E-02 3.633E-02
       3.000E+00 3.629E-05 3.191E-02 2.918E-05 3.134E-03 1.116E-05 3.512E-02 3.508E-02
       3.500E+00 2.666E-05 2.898E-02 2.357E-05 4.105E-03 2.645E-05 3.316E-02 3.313E-02
       4.000E+00 2.041E-05 2.661E-02 1.972E-05 5.029E-03 4.558E-05 3.173E-02 3.171E-02
       4.500E+00 1.613E-05 2.465E-02 1.692E-05 5.893E-03 6.736E-05 3.065E-02 3.063E-02
       5.000E+00 1.307E-05 2.299E-02 1.480E-05 6.705E-03 9.081E-05 2.982E-02 2.980E-02
       5.500E+00 1.080E-05 2.156E-02 1.314E-05 7.475E-03 1.150E-04 2.917E-02 2.916E-02
       6.000E+00 9.073E-06 2.031E-02 1.181E-05 8.203E-03 1.395E-04 2.868E-02 2.867E-02
       6.500E+00 7.731E-06 1.923E-02 1.072E-05 8.888E-03 1.638E-04 2.830E-02 2.829E-02
       7.000E+00 6.666E-06 1.826E-02 9.807E-06 9.534E-03 1.879E-04 2.800E-02 2.799E-02
       7.500E+00 5.807E-06 1.739E-02 9.037E-06 1.015E-02 2.116E-04 2.777E-02 2.776E-02
       8.000E+00 5.104E-06 1.661E-02 8.378E-06 1.073E-02 2.349E-04 2.759E-02 2.759E-02
       8.500E+00 4.521E-06 1.592E-02 7.807E-06 1.129E-02 2.578E-04 2.748E-02 2.747E-02
       9.000E+00 4.032E-06 1.528E-02 7.308E-06 1.182E-02 2.801E-04 2.739E-02 2.738E-02
       9.500E+00 3.619E-06 1.469E-02 6.869E-06 1.232E-02 3.018E-04 2.732E-02 2.731E-02
       1.000E+01 3.266E-06 1.415E-02 6.479E-06 1.279E-02 3.230E-04 2.727E-02 2.727E-02