       1.000E-03 3.822E+00 1.071E-02 6.491E+03 0.000E+00 0.000E+00 6.495E+03 6.491E+03
       1.500E-03 3.524E+00 1.797E-02 2.338E+03 0.000E+00 0.000E+00 2.342E+03 2.338E+03
       2.000E-03 3.230E+00 2.434E-02 1.103E+03 0.000E+00 0.000E+00 1.106E+03 1.103E+03
       3.000E-03 2.706E+00 3.595E-02 3.716E+02 0.000E+00 0.000E+00 3.743E+02 3.716E+02
       4.000E-03 2.270E+00 4.653E-02 1.689E+02 0.000E+00 0.000E+00 1.712E+02 1.690E+02
       5.000E-03 1.912E+00 5.596E-02 9.094E+01 0.000E+00 0.000E+00 9.291E+01 9.100E+01
       6.000E-03 1.624E+00 6.433E-02 4.671E+02 0.000E+00 0.000E+00 4.688E+02 4.671E+02
       7.000E-03 1.397E+00 7.170E-02 3.147E+02 0.000E+00 0.000E+00 3.162E+02 3.148E+02
       8.000E-03 1.218E+00 7.814E-02 2.204E+02 0.000E+00 0.000E+00 2.217E+02 2.204E+02
       9.000E-03 1.075E+00 8.374E-02 1.605E+02 0.000E+00 0.000E+00 1.617E+02 1.606E+02
       1.000E-02 9.606E-01 8.863E-02 1.207E+02 0.000E+00 0.000E+00 1.217E+02 1.208E+02
       1.500E-02 6.088E-01 1.058E-01 3.911E+01 0.000E+00 0.000E+00 3.982E+01 3.921E+01
       2.000E-02 4.190E-01 1.164E-01 1.714E+01 0.000E+00 0.000E+00 1.768E+01 1.726E+01
       2.500E-02 3.023E-01 1.233E-01 8.934E+00 0.000E+00 0.000E+00 9.360E+00 9.057E+00
       3.000E-02 2.278E-01 1.277E-01 5.209E+00 0.000E+00 0.000E+00 5.564E+00 5.336E+00
       3.500E-02 1.784E-01 1.304E-01 3.285E+00 0.000E+00 0.000E+00 3.594E+00 3.415E+00
       4.000E-02 1.439E-01 1.319E-01 2.196E+00 0.000E+00 0.000E+00 2.472E+00 2.328E+00
       4.500E-02 1.188E-01 1.328E-01 1.537E+00 0.000E+00 0.000E+00 1.788E+00 1.669E+00
       5.000E-02 9.993E-02 1.331E-01 1.114E+00 0.000E+00 0.000E+00 1.347E+00 1.248E+00
       5.500E-02 8.531E-02 1.331E-01 8.324E-01 0.000E+00 0.000E+00 1.051E+00 9.656E-01
       6.000E-02 7.372E-02 1.329E-01 6.372E-01 0.000E+00 0.000E+00 8.438E-01 7.701E-01
       6.500E-02 6.434E-02 1.324E-01 4.979E-01 0.000E+00 0.000E+00 6.947E-01 6.303E-01
       7.000E-02 5.664E-02 1.319E-01 3.960E-01 0.000E+00 0.000E+00 5.845E-01 5.278E-01
       7.500E-02 5.023E-02 1.312E-01 3.198E-01 0.000E+00 0.000E+00 5.012E-01 4.510E-01
       8.000E-02 4.484E-02 1.304E-01 2.619E-01 0.000E+00 0.000E+00 4.371E-01 3.922E-01
       8.500E-02 4.026E-02 1.295E-01 2.170E-01 0.000E+00 0.000E+00 3.868E-01 3.465E-01
       9.000E-02 3.633E-02 1.286E-01 1.817E-01 0.000E+00 0.000E+00 3.467E-01 3.103E-01
       9.500E-02 3.295E-02 1.277E-01 1.536E-01 0.000E+00 0.000E+00 3.143E-01 2.813E-01
       1.000E-01 3.002E-02 1.267E-01 1.310E-01 0.000E+00 0.000E+00 2.877E-01 2.577E-01
       1.130E-01 2.399E-02 1.241E-01 8.955E-02 0.000E+00 0.000E+00 2.377E-01 2.137E-01
       1.250E-01 1.990E-02 1.218E-01 6.540E-02 0.000E+00 0.000E+00 2.071E-01 1.872E-01
       1.500E-01 1.414E-02 1.169E-01 3.711E-02 0.000E+00 0.000E+00 1.682E-01 1.540E-01
       1.750E-01 1.056E-02 1.124E-01 2.304E-02 0.000E+00 0.000E+00 1.460E-01 1.355E-01
       2.000E-01 8.179E-03 1.083E-01 1.529E-02 0.000E+00 0.000E+00 1.318E-01 1.236E-01
       2.250E-01 6.523E-03 1.046E-01 1.068E-02 0.000E+00 0.000E+00 1.218E-01 1.153E-01
       2.500E-01 5.322E-03 1.011E-01 7.772E-03 0.000E+00 0.000E+00 1.142E-01 1.089E-01
       2.750E-01 4.424E-03 9.799E-02 5.849E-03 0.000E+00 0.000E+00 1.083E-01 1.038E-01
       3.000E-01 3.734E-03 9.509E-02 4.527E-03 0.000E+00 0.000E+00 1.034E-01 9.962E-02
       3.500E-01 2.762E-03 8.996E-02 2.898E-03 0.000E+00 0.000E+00 9.562E-02 9.286E-02
       4.000E-01 2.124E-03 8.554E-02 1.990E-03 0.000E+00 0.000E+00 8.966E-02 8.753E-02
       4.500E-01 1.684E-03 8.169E-02 1.441E-03 0.000E+00 0.000E+00 8.481E-02 8.313E-02
       5.000E-01 1.368E-03 7.828E-02 1.089E-03 0.000E+00 0.000E+00 8.074E-02 7.937E-02
       5.500E-01 1.132E-03 7.524E-02 8.518E-04 0.000E+00 0.000E+00 7.722E-02 7.609E-02
       6.000E-01 9.527E-04 7.250E-02 6.841E-04 0.000E+00 0.000E+00 7.414E-02 7.319E-02
       6.500E-01 8.126E-04 7.002E-02 5.612E-04 0.000E+00 0.000E+00 7.140E-02 7.059E-02
       7.000E-01 7.013E-04 6.776E-02 4.696E-04 0.000E+00 0.000E+00 6.894E-02 6.823E-02
       7.500E-01 6.113E-04 6.569E-02 4.005E-04 0.000E+00 0.000E+00 6.670E-02 6.609E-02
       8.000E-01 5.376E-04 6.378E-02 3.479E-04 0.000E+00 0.000E+00 6.466E-02 6.413E-02
       8.500E-01 4.765E-04 6.200E-02 3.070E-04 0.000E+00 0.000E+00 6.279E-02 6.231E-02
       9.000E-01 4.253E-04 6.036E-02 2.731E-04 0.000E+00 0.000E+00 6.105E-02 6.063E-02
       9.500E-01 3.819E-04 5.882E-02 2.434E-04 0.000E+00 0.000E+00 5.944E-02 5.906E-02
       1.000E+00 3.447E-04 5.738E-02 2.163E-04 0.000E+00 0.000E+00 5.794E-02 5.760E-02
       1.130E+00 2.701E-04 5.403E-02 1.663E-04 8.721E-06 0.000E+00 5.447E-02 5.420E-02
       1.250E+00 2.208E-04 5.133E-02 1.389E-04 5.795E-05 0.000E+00 5.175E-02 5.153E-02
       1.500E+00 1.534E-04 4.667E-02 1.002E-04 2.997E-04 0.000E+00 4.723E-02 4.707E-02
       1.750E+00 1.128E-04 4.294E-02 7.694E-05 6.837E-04 0.000E+00 4.382E-02 4.370E-02
       2.000E+00 8.636E-05 3.984E-02 6.196E-05 1.159E-03 0.000E+00 4.115E-02 4.106E-02
       2.250E+00 6.824E-05 3.721E-02 5.157E-05 1.675E-03 2.284E-07 3.901E-02 3.894E-02
       2.500E+00 5.528E-05 3.498E-02 4.399E-05 2.197E-03 1.898E-06 3.728E-02 3.723E-02
       2.750E+00 4.569E-05 3.305E-02 3.824E-05 2.715E-03 5.525E-06 3.586E-02 3.581E-02
       3.000E+00 3.840E-05 3.135E-02 3.376E-05 3.225E-03 1.097E-05 3.466E-02 3.462E-02
       3.500E+00 2.821E-05 2.848E-02 2.727E-05 4.221E-03 2.599E-05 3.278E-02 3.275E-02
       4.000E+00 2.160E-05 2.615E-02 2.280E-05 5.170E-03 4.478E-05 3.141E-02 3.139E-02
       4.500E+00 1.706E-05 2.422E-02 1.955E-05 6.057E-03 6.618E-05 3.038E-02 3.036E-02
       5.000E+00 1.382E-05 2.259E-02 1.709E-05 6.890E-03 8.922E-05 2.960E-02 2.959E-02
       5.500E+00 1.142E-05 2.119E-02 1.518E-05 7.679E-03 1.130E-04 2.901E-02 2.899E-02
       6.000E+00 9.602E-06 1.997E-02 1.364E-05 8.424E-03 1.370E-04 2.855E-02 2.854E-02
       6.500E+00 8.181E-06 1.890E-02 1.238E-05 9.126E-03 1.610E-04 2.820E-02 2.820E-02
       7.000E+00 7.054E-06 1.795E-02 1.132E-05 9.788E-03 1.847E-04 2.794E-02 2.793E-02
       7.500E+00 6.145E-06 1.709E-02 1.043E-05 1.042E-02 2.080E-04 2.773E-02 2.773E-02
       8.000E+00 5.401E-06 1.633E-02 9.670E-06 1.102E-02 2.309E-04 2.759E-02 2.758E-02
       8.500E+00 4.785E-06 1.564E-02 9.010E-06 1.159E-02 2.533E-04 2.749E-02 2.749E-02
       9.000E+00 4.268E-06 1.501E-02 8.434E-06 1.213E-02 2.752E-04 2.743E-02 2.743E-02
       9.500E+00 3.830E-06 1.444E-02 7.926E-06 1.264E-02 2.965E-04 2.740E-02 2.739E-02
       1.000E+01 3.457E-06 1.391E-02 7.475E-06 1.313E-02 3.173E-04 2.738E-02 2.737E-02