       1.000E-03 4.141E+00 8.544E-03 7.401E+03 0.000E+00 0.000E+00 7.405E+03 7.401E+03
       1.500E-03 3.864E+00 1.491E-02 2.690E+03 0.000E+00 0.000E+00 2.694E+03 2.690E+03
       2.000E-03 3.573E+00 2.106E-02 1.274E+03 0.000E+00 0.000E+00 1.278E+03 1.274E+03
       3.000E-03 3.018E+00 3.280E-02 4.308E+02 0.000E+00 0.000E+00 4.339E+02 4.309E+02
       4.000E-03 2.532E+00 4.357E-02 1.962E+02 0.000E+00 0.000E+00 1.988E+02 1.962E+02
       5.000E-03 2.129E+00 5.328E-02 1.058E+02 0.000E+00 0.000E+00 1.080E+02 1.058E+02
       6.000E-03 1.804E+00 6.197E-02 5.142E+02 0.000E+00 0.000E+00 5.161E+02 5.143E+02
       7.000E-03 1.541E+00 6.983E-02 3.936E+02 0.000E+00 0.000E+00 3.953E+02 3.937E+02
       8.000E-03 1.346E+00 7.658E-02 2.499E+02 0.000E+00 0.000E+00 2.514E+02 2.500E+02
       9.000E-03 1.186E+00 8.256E-02 1.788E+02 0.000E+00 0.000E+00 1.800E+02 1.788E+02
       1.000E-02 1.055E+00 8.785E-02 1.376E+02 0.000E+00 0.000E+00 1.387E+02 1.377E+02
       1.500E-02 6.628E-01 1.063E-01 4.495E+01 0.000E+00 0.000E+00 4.572E+01 4.506E+01
       2.000E-02 4.573E-01 1.174E-01 1.981E+01 0.000E+00 0.000E+00 2.038E+01 1.992E+01
       2.500E-02 3.306E-01 1.247E-01 1.037E+01 0.000E+00 0.000E+00 1.082E+01 1.049E+01
       3.000E-02 2.494E-01 1.294E-01 6.055E+00 0.000E+00 0.000E+00 6.434E+00 6.184E+00
       3.500E-02 1.951E-01 1.323E-01 3.826E+00 0.000E+00 0.000E+00 4.154E+00 3.959E+00
       4.000E-02 1.573E-01 1.341E-01 2.564E+00 0.000E+00 0.000E+00 2.856E+00 2.698E+00
       4.500E-02 1.298E-01 1.351E-01 1.798E+00 0.000E+00 0.000E+00 2.063E+00 1.933E+00
       5.000E-02 1.092E-01 1.355E-01 1.306E+00 0.000E+00 0.000E+00 1.551E+00 1.442E+00
       5.500E-02 9.319E-02 1.355E-01 9.768E-01 0.000E+00 0.000E+00 1.205E+00 1.112E+00
       6.000E-02 8.053E-02 1.353E-01 7.482E-01 0.000E+00 0.000E+00 9.640E-01 8.835E-01
       6.500E-02 7.030E-02 1.349E-01 5.851E-01 0.000E+00 0.000E+00 7.903E-01 7.200E-01
       7.000E-02 6.191E-02 1.343E-01 4.658E-01 0.000E+00 0.000E+00 6.620E-01 6.001E-01
       7.500E-02 5.493E-02 1.336E-01 3.766E-01 0.000E+00 0.000E+00 5.651E-01 5.102E-01
       8.000E-02 4.905E-02 1.328E-01 3.085E-01 0.000E+00 0.000E+00 4.904E-01 4.414E-01
       8.500E-02 4.406E-02 1.320E-01 2.558E-01 0.000E+00 0.000E+00 4.319E-01 3.878E-01
       9.000E-02 3.978E-02 1.311E-01 2.143E-01 0.000E+00 0.000E+00 3.852E-01 3.454E-01
       9.500E-02 3.609E-02 1.301E-01 1.813E-01 0.000E+00 0.000E+00 3.475E-01 3.114E-01
       1.000E-01 3.288E-02 1.291E-01 1.546E-01 0.000E+00 0.000E+00 3.166E-01 2.838E-01
       1.130E-01 2.629E-02 1.265E-01 1.058E-01 0.000E+00 0.000E+00 2.586E-01 2.324E-01
       1.250E-01 2.180E-02 1.241E-01 7.737E-02 0.000E+00 0.000E+00 2.233E-01 2.015E-01
       1.500E-01 1.550E-02 1.193E-01 4.399E-02 0.000E+00 0.000E+00 1.788E-01 1.633E-01
       1.750E-01 1.158E-02 1.148E-01 2.735E-02 0.000E+00 0.000E+00 1.537E-01 1.421E-01
       2.000E-01 8.976E-03 1.106E-01 1.817E-02 0.000E+00 0.000E+00 1.378E-01 1.288E-01
       2.250E-01 7.161E-03 1.068E-01 1.271E-02 0.000E+00 0.000E+00 1.267E-01 1.195E-01
       2.500E-01 5.844E-03 1.033E-01 9.254E-03 0.000E+00 0.000E+00 1.184E-01 1.126E-01
       2.750E-01 4.858E-03 1.001E-01 6.969E-03 0.000E+00 0.000E+00 1.119E-01 1.071E-01
       3.000E-01 4.101E-03 9.716E-02 5.396E-03 0.000E+00 0.000E+00 1.067E-01 1.026E-01
       3.500E-01 3.034E-03 9.193E-02 3.458E-03 0.000E+00 0.000E+00 9.842E-02 9.539E-02
       4.000E-01 2.334E-03 8.742E-02 2.375E-03 0.000E+00 0.000E+00 9.213E-02 8.980E-02
       4.500E-01 1.851E-03 8.348E-02 1.720E-03 0.000E+00 0.000E+00 8.706E-02 8.520E-02
       5.000E-01 1.503E-03 8.001E-02 1.301E-03 0.000E+00 0.000E+00 8.281E-02 8.131E-02
       5.500E-01 1.245E-03 7.691E-02 1.018E-03 0.000E+00 0.000E+00 7.917E-02 7.792E-02
       6.000E-01 1.047E-03 7.411E-02 8.184E-04 0.000E+00 0.000E+00 7.598E-02 7.493E-02
       6.500E-01 8.933E-04 7.158E-02 6.715E-04 0.000E+00 0.000E+00 7.314E-02 7.225E-02
       7.000E-01 7.710E-04 6.926E-02 5.620E-04 0.000E+00 0.000E+00 7.060E-02 6.983E-02
       7.500E-01 6.721E-04 6.714E-02 4.793E-04 0.000E+00 0.000E+00 6.830E-02 6.762E-02
       8.000E-01 5.911E-04 6.519E-02 4.164E-04 0.000E+00 0.000E+00 6.620E-02 6.561E-02
       8.500E-01 5.239E-04 6.339E-02 3.674E-04 0.000E+00 0.000E+00 6.428E-02 6.376E-02
       9.000E-01 4.675E-04 6.171E-02 3.269E-04 0.000E+00 0.000E+00 6.251E-02 6.204E-02
       9.500E-01 4.198E-04 6.014E-02 2.914E-04 0.000E+00 0.000E+00 6.085E-02 6.043E-02
       1.000E+00 3.790E-04 5.866E-02 2.590E-04 0.000E+00 0.000E+00 5.930E-02 5.892E-02
       1.130E+00 2.970E-04 5.522E-02 1.989E-04 9.468E-06 0.000E+00 5.572E-02 5.543E-02
       1.250E+00 2.429E-04 5.248E-02 1.662E-04 6.265E-05 0.000E+00 5.295E-02 5.271E-02
       1.500E+00 1.687E-04 4.771E-02 1.200E-04 3.222E-04 0.000E+00 4.832E-02 4.815E-02
       1.750E+00 1.240E-04 4.387E-02 9.208E-05 7.339E-04 0.000E+00 4.482E-02 4.470E-02
       2.000E+00 9.497E-05 4.072E-02 7.409E-05 1.242E-03 0.000E+00 4.213E-02 4.204E-02
       2.250E+00 7.505E-05 3.807E-02 6.163E-05 1.790E-03 2.334E-07 4.000E-02 3.992E-02
       2.500E+00 6.080E-05 3.579E-02 5.255E-05 2.348E-03 1.940E-06 3.825E-02 3.819E-02
       2.750E+00 5.025E-05 3.380E-02 4.568E-05 2.901E-03 5.648E-06 3.680E-02 3.675E-02
       3.000E+00 4.223E-05 3.205E-02 4.032E-05 3.447E-03 1.121E-05 3.559E-02 3.555E-02
       3.500E+00 3.102E-05 2.911E-02 3.254E-05 4.510E-03 2.657E-05 3.371E-02 3.368E-02
       4.000E+00 2.375E-05 2.673E-02 2.721E-05 5.519E-03 4.578E-05 3.235E-02 3.232E-02
       4.500E+00 1.877E-05 2.476E-02 2.333E-05 6.463E-03 6.767E-05 3.134E-02 3.132E-02
       5.000E+00 1.521E-05 2.309E-02 2.040E-05 7.350E-03 9.121E-05 3.057E-02 3.056E-02
       5.500E+00 1.257E-05 2.166E-02 1.809E-05 8.190E-03 1.155E-04 2.999E-02 2.998E-02
       6.000E+00 1.056E-05 2.041E-02 1.625E-05 8.983E-03 1.400E-04 2.956E-02 2.955E-02
       6.500E+00 8.997E-06 1.932E-02 1.475E-05 9.729E-03 1.645E-04 2.923E-02 2.922E-02
       7.000E+00 7.758E-06 1.835E-02 1.349E-05 1.044E-02 1.888E-04 2.899E-02 2.898E-02
       7.500E+00 6.758E-06 1.747E-02 1.243E-05 1.111E-02 2.127E-04 2.881E-02 2.880E-02
       8.000E+00 5.940E-06 1.669E-02 1.152E-05 1.174E-02 2.360E-04 2.869E-02 2.868E-02
       8.500E+00 5.262E-06 1.598E-02 1.073E-05 1.235E-02 2.589E-04 2.861E-02 2.860E-02
       9.000E+00 4.693E-06 1.535E-02 1.004E-05 1.293E-02 2.812E-04 2.857E-02 2.856E-02
       9.500E+00 4.212E-06 1.476E-02 9.437E-06 1.347E-02 3.030E-04 2.855E-02 2.855E-02
       1.000E+01 3.801E-06 1.422E-02 8.900E-06 1.399E-02 3.243E-04 2.855E-02 2.855E-02