       1.000E-03 4.240E+00 9.236E-03 8.089E+03 0.000E+00 0.000E+00 8.093E+03 8.089E+03
       1.500E-03 3.948E+00 1.591E-02 2.979E+03 0.000E+00 0.000E+00 2.983E+03 2.979E+03
       2.000E-03 3.646E+00 2.190E-02 1.417E+03 0.000E+00 0.000E+00 1.421E+03 1.417E+03
       3.000E-03 3.091E+00 3.276E-02 4.820E+02 0.000E+00 0.000E+00 4.851E+02 4.820E+02
       4.000E-03 2.613E+00 4.279E-02 2.202E+02 0.000E+00 0.000E+00 2.229E+02 2.203E+02
       5.000E-03 2.213E+00 5.191E-02 1.189E+02 0.000E+00 0.000E+00 1.212E+02 1.190E+02
       6.000E-03 1.884E+00 6.014E-02 7.156E+01 0.000E+00 0.000E+00 7.350E+01 7.162E+01
       7.000E-03 1.620E+00 6.751E-02 3.806E+02 0.000E+00 0.000E+00 3.823E+02 3.806E+02
       8.000E-03 1.407E+00 7.414E-02 2.720E+02 0.000E+00 0.000E+00 2.734E+02 2.720E+02
       9.000E-03 1.237E+00 8.003E-02 1.995E+02 0.000E+00 0.000E+00 2.008E+02 1.996E+02
       1.000E-02 1.099E+00 8.523E-02 1.502E+02 0.000E+00 0.000E+00 1.514E+02 1.503E+02
       1.500E-02 6.878E-01 1.036E-01 4.948E+01 0.000E+00 0.000E+00 5.027E+01 4.958E+01
       2.000E-02 4.764E-01 1.148E-01 2.193E+01 0.000E+00 0.000E+00 2.253E+01 2.205E+01
       2.500E-02 3.459E-01 1.220E-01 1.152E+01 0.000E+00 0.000E+00 1.198E+01 1.164E+01
       3.000E-02 2.613E-01 1.267E-01 6.753E+00 0.000E+00 0.000E+00 7.142E+00 6.880E+00
       3.500E-02 2.045E-01 1.297E-01 4.280E+00 0.000E+00 0.000E+00 4.614E+00 4.410E+00
       4.000E-02 1.648E-01 1.315E-01 2.873E+00 0.000E+00 0.000E+00 3.169E+00 3.005E+00
       4.500E-02 1.360E-01 1.325E-01 2.017E+00 0.000E+00 0.000E+00 2.285E+00 2.149E+00
       5.000E-02 1.143E-01 1.330E-01 1.467E+00 0.000E+00 0.000E+00 1.714E+00 1.600E+00
       5.500E-02 9.760E-02 1.331E-01 1.098E+00 0.000E+00 0.000E+00 1.329E+00 1.231E+00
       6.000E-02 8.435E-02 1.330E-01 8.424E-01 0.000E+00 0.000E+00 1.060E+00 9.754E-01
       6.500E-02 7.366E-02 1.326E-01 6.596E-01 0.000E+00 0.000E+00 8.658E-01 7.921E-01
       7.000E-02 6.489E-02 1.320E-01 5.255E-01 0.000E+00 0.000E+00 7.224E-01 6.576E-01
       7.500E-02 5.759E-02 1.313E-01 4.252E-01 0.000E+00 0.000E+00 6.141E-01 5.565E-01
       8.000E-02 5.145E-02 1.306E-01 3.486E-01 0.000E+00 0.000E+00 5.306E-01 4.791E-01
       8.500E-02 4.623E-02 1.297E-01 2.892E-01 0.000E+00 0.000E+00 4.651E-01 4.189E-01
       9.000E-02 4.176E-02 1.289E-01 2.424E-01 0.000E+00 0.000E+00 4.130E-01 3.713E-01
       9.500E-02 3.790E-02 1.280E-01 2.051E-01 0.000E+00 0.000E+00 3.710E-01 3.331E-01
       1.000E-01 3.454E-02 1.270E-01 1.751E-01 0.000E+00 0.000E+00 3.366E-01 3.021E-01
       1.130E-01 2.763E-02 1.246E-01 1.200E-01 0.000E+00 0.000E+00 2.722E-01 2.445E-01
       1.250E-01 2.293E-02 1.222E-01 8.781E-02 0.000E+00 0.000E+00 2.330E-01 2.101E-01
       1.500E-01 1.631E-02 1.175E-01 5.002E-02 0.000E+00 0.000E+00 1.838E-01 1.675E-01
       1.750E-01 1.219E-02 1.131E-01 3.114E-02 0.000E+00 0.000E+00 1.564E-01 1.442E-01
       2.000E-01 9.452E-03 1.090E-01 2.071E-02 0.000E+00 0.000E+00 1.391E-01 1.297E-01
       2.250E-01 7.541E-03 1.052E-01 1.449E-02 0.000E+00 0.000E+00 1.272E-01 1.197E-01
       2.500E-01 6.155E-03 1.018E-01 1.056E-02 0.000E+00 0.000E+00 1.185E-01 1.123E-01
       2.750E-01 5.118E-03 9.862E-02 7.961E-03 0.000E+00 0.000E+00 1.117E-01 1.066E-01
       3.000E-01 4.322E-03 9.573E-02 6.167E-03 0.000E+00 0.000E+00 1.062E-01 1.019E-01
       3.500E-01 3.199E-03 9.059E-02 3.956E-03 0.000E+00 0.000E+00 9.774E-02 9.454E-02
       4.000E-01 2.462E-03 8.615E-02 2.720E-03 0.000E+00 0.000E+00 9.133E-02 8.887E-02
       4.500E-01 1.952E-03 8.227E-02 1.972E-03 0.000E+00 0.000E+00 8.620E-02 8.424E-02
       5.000E-01 1.585E-03 7.885E-02 1.492E-03 0.000E+00 0.000E+00 8.192E-02 8.034E-02
       5.500E-01 1.313E-03 7.579E-02 1.168E-03 0.000E+00 0.000E+00 7.828E-02 7.696E-02
       6.000E-01 1.105E-03 7.305E-02 9.385E-04 0.000E+00 0.000E+00 7.509E-02 7.399E-02
       6.500E-01 9.427E-04 7.056E-02 7.702E-04 0.000E+00 0.000E+00 7.227E-02 7.133E-02
       7.000E-01 8.137E-04 6.829E-02 6.447E-04 0.000E+00 0.000E+00 6.975E-02 6.893E-02
       7.500E-01 7.094E-04 6.620E-02 5.500E-04 0.000E+00 0.000E+00 6.746E-02 6.675E-02
       8.000E-01 6.239E-04 6.427E-02 4.778E-04 0.000E+00 0.000E+00 6.537E-02 6.475E-02
       8.500E-01 5.530E-04 6.248E-02 4.216E-04 0.000E+00 0.000E+00 6.345E-02 6.290E-02
       9.000E-01 4.935E-04 6.081E-02 3.752E-04 0.000E+00 0.000E+00 6.168E-02 6.119E-02
       9.500E-01 4.432E-04 5.926E-02 3.344E-04 0.000E+00 0.000E+00 6.004E-02 5.960E-02
       1.000E+00 4.001E-04 5.782E-02 2.973E-04 0.000E+00 0.000E+00 5.852E-02 5.812E-02
       1.130E+00 3.136E-04 5.445E-02 2.285E-04 9.886E-06 0.000E+00 5.501E-02 5.469E-02
       1.250E+00 2.564E-04 5.173E-02 1.907E-04 6.519E-05 0.000E+00 5.224E-02 5.198E-02
       1.500E+00 1.781E-04 4.704E-02 1.376E-04 3.336E-04 0.000E+00 4.769E-02 4.751E-02
       1.750E+00 1.309E-04 4.329E-02 1.056E-04 7.570E-04 0.000E+00 4.428E-02 4.415E-02
       2.000E+00 1.003E-04 4.015E-02 8.493E-05 1.278E-03 0.000E+00 4.162E-02 4.152E-02
       2.250E+00 7.924E-05 3.749E-02 7.060E-05 1.842E-03 2.303E-07 3.948E-02 3.940E-02
       2.500E+00 6.419E-05 3.524E-02 6.018E-05 2.415E-03 1.914E-06 3.778E-02 3.772E-02
       2.750E+00 5.305E-05 3.330E-02 5.230E-05 2.985E-03 5.571E-06 3.640E-02 3.634E-02
       3.000E+00 4.458E-05 3.159E-02 4.616E-05 3.546E-03 1.106E-05 3.524E-02 3.519E-02
       3.500E+00 3.276E-05 2.871E-02 3.724E-05 4.637E-03 2.620E-05 3.344E-02 3.341E-02
       4.000E+00 2.508E-05 2.636E-02 3.112E-05 5.670E-03 4.514E-05 3.213E-02 3.211E-02
       4.500E+00 1.981E-05 2.441E-02 2.668E-05 6.639E-03 6.671E-05 3.117E-02 3.115E-02
       5.000E+00 1.605E-05 2.277E-02 2.332E-05 7.549E-03 8.992E-05 3.045E-02 3.043E-02
       5.500E+00 1.326E-05 2.135E-02 2.069E-05 8.410E-03 1.138E-04 2.991E-02 2.990E-02
       6.000E+00 1.115E-05 2.013E-02 1.858E-05 9.223E-03 1.380E-04 2.952E-02 2.951E-02
       6.500E+00 9.499E-06 1.905E-02 1.685E-05 9.988E-03 1.621E-04 2.922E-02 2.921E-02
       7.000E+00 8.191E-06 1.809E-02 1.541E-05 1.071E-02 1.860E-04 2.901E-02 2.900E-02
       7.500E+00 7.135E-06 1.723E-02 1.420E-05 1.139E-02 2.095E-04 2.885E-02 2.884E-02
       8.000E+00 6.271E-06 1.645E-02 1.315E-05 1.205E-02 2.326E-04 2.875E-02 2.875E-02
       8.500E+00 5.555E-06 1.576E-02 1.225E-05 1.267E-02 2.552E-04 2.870E-02 2.870E-02
       9.000E+00 4.955E-06 1.513E-02 1.147E-05 1.326E-02 2.772E-04 2.868E-02 2.868E-02
       9.500E+00 4.447E-06 1.455E-02 1.077E-05 1.383E-02 2.987E-04 2.869E-02 2.869E-02
       1.000E+01 4.013E-06 1.402E-02 1.016E-05 1.436E-02 3.196E-04 2.871E-02 2.871E-02