       1.000E-03 4.537E+00 8.777E-03 9.081E+03 0.000E+00 0.000E+00 9.085E+03 9.081E+03
       1.500E-03 4.241E+00 1.530E-02 3.396E+03 0.000E+00 0.000E+00 3.400E+03 3.396E+03
       2.000E-03 3.933E+00 2.124E-02 1.623E+03 0.000E+00 0.000E+00 1.627E+03 1.623E+03
       3.000E-03 3.354E+00 3.206E-02 5.543E+02 0.000E+00 0.000E+00 5.576E+02 5.543E+02
       4.000E-03 2.849E+00 4.212E-02 2.538E+02 0.000E+00 0.000E+00 2.567E+02 2.539E+02
       5.000E-03 2.421E+00 5.133E-02 1.374E+02 0.000E+00 0.000E+00 1.399E+02 1.374E+02
       6.000E-03 2.065E+00 5.966E-02 8.272E+01 0.000E+00 0.000E+00 8.484E+01 8.278E+01
       7.000E-03 1.773E+00 6.721E-02 5.372E+01 0.000E+00 0.000E+00 5.556E+01 5.379E+01
       8.000E-03 1.542E+00 7.395E-02 3.040E+02 0.000E+00 0.000E+00 3.056E+02 3.041E+02
       9.000E-03 1.354E+00 8.001E-02 2.243E+02 0.000E+00 0.000E+00 2.257E+02 2.244E+02
       1.000E-02 1.201E+00 8.541E-02 1.694E+02 0.000E+00 0.000E+00 1.707E+02 1.695E+02
       1.500E-02 7.458E-01 1.047E-01 5.623E+01 0.000E+00 0.000E+00 5.709E+01 5.634E+01
       2.000E-02 5.170E-01 1.162E-01 2.505E+01 0.000E+00 0.000E+00 2.568E+01 2.517E+01
       2.500E-02 3.764E-01 1.237E-01 1.320E+01 0.000E+00 0.000E+00 1.370E+01 1.332E+01
       3.000E-02 2.849E-01 1.286E-01 7.763E+00 0.000E+00 0.000E+00 8.176E+00 7.892E+00
       3.500E-02 2.230E-01 1.318E-01 4.931E+00 0.000E+00 0.000E+00 5.285E+00 5.063E+00
       4.000E-02 1.795E-01 1.338E-01 3.316E+00 0.000E+00 0.000E+00 3.629E+00 3.450E+00
       4.500E-02 1.481E-01 1.350E-01 2.331E+00 0.000E+00 0.000E+00 2.614E+00 2.466E+00
       5.000E-02 1.244E-01 1.355E-01 1.697E+00 0.000E+00 0.000E+00 1.957E+00 1.833E+00
       5.500E-02 1.062E-01 1.357E-01 1.273E+00 0.000E+00 0.000E+00 1.515E+00 1.408E+00
       6.000E-02 9.178E-02 1.355E-01 9.776E-01 0.000E+00 0.000E+00 1.205E+00 1.113E+00
       6.500E-02 8.015E-02 1.352E-01 7.663E-01 0.000E+00 0.000E+00 9.816E-01 9.014E-01
       7.000E-02 7.062E-02 1.346E-01 6.111E-01 0.000E+00 0.000E+00 8.164E-01 7.457E-01
       7.500E-02 6.270E-02 1.339E-01 4.948E-01 0.000E+00 0.000E+00 6.915E-01 6.287E-01
       8.000E-02 5.604E-02 1.332E-01 4.060E-01 0.000E+00 0.000E+00 5.952E-01 5.392E-01
       8.500E-02 5.038E-02 1.323E-01 3.371E-01 0.000E+00 0.000E+00 5.198E-01 4.694E-01
       9.000E-02 4.552E-02 1.315E-01 2.828E-01 0.000E+00 0.000E+00 4.597E-01 4.142E-01
       9.500E-02 4.132E-02 1.306E-01 2.394E-01 0.000E+00 0.000E+00 4.113E-01 3.700E-01
       1.000E-01 3.768E-02 1.296E-01 2.045E-01 0.000E+00 0.000E+00 3.717E-01 3.341E-01
       1.130E-01 3.016E-02 1.271E-01 1.403E-01 0.000E+00 0.000E+00 2.975E-01 2.674E-01
       1.250E-01 2.504E-02 1.248E-01 1.028E-01 0.000E+00 0.000E+00 2.526E-01 2.275E-01
       1.500E-01 1.781E-02 1.200E-01 5.861E-02 0.000E+00 0.000E+00 1.964E-01 1.786E-01
       1.750E-01 1.332E-02 1.155E-01 3.654E-02 0.000E+00 0.000E+00 1.654E-01 1.521E-01
       2.000E-01 1.033E-02 1.114E-01 2.433E-02 0.000E+00 0.000E+00 1.460E-01 1.357E-01
       2.250E-01 8.245E-03 1.076E-01 1.704E-02 0.000E+00 0.000E+00 1.329E-01 1.246E-01
       2.500E-01 6.732E-03 1.041E-01 1.243E-02 0.000E+00 0.000E+00 1.232E-01 1.165E-01
       2.750E-01 5.599E-03 1.008E-01 9.374E-03 0.000E+00 0.000E+00 1.158E-01 1.102E-01
       3.000E-01 4.728E-03 9.788E-02 7.266E-03 0.000E+00 0.000E+00 1.099E-01 1.051E-01
       3.500E-01 3.500E-03 9.263E-02 4.665E-03 0.000E+00 0.000E+00 1.008E-01 9.729E-02
       4.000E-01 2.694E-03 8.810E-02 3.209E-03 0.000E+00 0.000E+00 9.400E-02 9.131E-02
       4.500E-01 2.137E-03 8.414E-02 2.328E-03 0.000E+00 0.000E+00 8.861E-02 8.647E-02
       5.000E-01 1.736E-03 8.065E-02 1.762E-03 0.000E+00 0.000E+00 8.415E-02 8.241E-02
       5.500E-01 1.438E-03 7.753E-02 1.380E-03 0.000E+00 0.000E+00 8.034E-02 7.891E-02
       6.000E-01 1.210E-03 7.472E-02 1.110E-03 0.000E+00 0.000E+00 7.704E-02 7.583E-02
       6.500E-01 1.032E-03 7.217E-02 9.109E-04 0.000E+00 0.000E+00 7.411E-02 7.308E-02
       7.000E-01 8.911E-04 6.985E-02 7.626E-04 0.000E+00 0.000E+00 7.150E-02 7.061E-02
       7.500E-01 7.770E-04 6.771E-02 6.506E-04 0.000E+00 0.000E+00 6.914E-02 6.836E-02
       8.000E-01 6.833E-04 6.575E-02 5.650E-04 0.000E+00 0.000E+00 6.699E-02 6.631E-02
       8.500E-01 6.056E-04 6.392E-02 4.984E-04 0.000E+00 0.000E+00 6.503E-02 6.442E-02
       9.000E-01 5.404E-04 6.223E-02 4.433E-04 0.000E+00 0.000E+00 6.321E-02 6.267E-02
       9.500E-01 4.852E-04 6.064E-02 3.952E-04 0.000E+00 0.000E+00 6.152E-02 6.104E-02
       1.000E+00 4.381E-04 5.916E-02 3.514E-04 0.000E+00 0.000E+00 5.995E-02 5.951E-02
       1.130E+00 3.435E-04 5.570E-02 2.703E-04 1.070E-05 0.000E+00 5.632E-02 5.598E-02
       1.250E+00 2.808E-04 5.292E-02 2.256E-04 7.031E-05 0.000E+00 5.350E-02 5.322E-02
       1.500E+00 1.951E-04 4.811E-02 1.627E-04 3.580E-04 0.000E+00 4.883E-02 4.864E-02
       1.750E+00 1.436E-04 4.426E-02 1.248E-04 8.099E-04 0.000E+00 4.534E-02 4.520E-02
       2.000E+00 1.099E-04 4.107E-02 1.003E-04 1.364E-03 0.000E+00 4.265E-02 4.254E-02
       2.250E+00 8.670E-05 3.838E-02 8.338E-05 1.963E-03 2.355E-07 4.051E-02 4.043E-02
       2.500E+00 7.024E-05 3.608E-02 7.105E-05 2.574E-03 1.957E-06 3.879E-02 3.872E-02
       2.750E+00 5.809E-05 3.407E-02 6.174E-05 3.182E-03 5.697E-06 3.738E-02 3.732E-02
       3.000E+00 4.884E-05 3.232E-02 5.448E-05 3.781E-03 1.131E-05 3.621E-02 3.616E-02
       3.500E+00 3.589E-05 2.936E-02 4.394E-05 4.941E-03 2.680E-05 3.441E-02 3.438E-02
       4.000E+00 2.748E-05 2.697E-02 3.670E-05 6.039E-03 4.617E-05 3.312E-02 3.309E-02
       4.500E+00 2.171E-05 2.498E-02 3.144E-05 7.066E-03 6.824E-05 3.217E-02 3.214E-02
       5.000E+00 1.759E-05 2.329E-02 2.747E-05 8.032E-03 9.198E-05 3.146E-02 3.144E-02
       5.500E+00 1.454E-05 2.184E-02 2.436E-05 8.947E-03 1.165E-04 3.095E-02 3.093E-02
       6.000E+00 1.222E-05 2.059E-02 2.188E-05 9.810E-03 1.413E-04 3.057E-02 3.056E-02
       6.500E+00 1.041E-05 1.948E-02 1.984E-05 1.062E-02 1.659E-04 3.030E-02 3.029E-02
       7.000E+00 8.973E-06 1.850E-02 1.815E-05 1.139E-02 1.903E-04 3.011E-02 3.010E-02
       7.500E+00 7.816E-06 1.763E-02 1.671E-05 1.212E-02 2.144E-04 2.999E-02 2.998E-02
       8.000E+00 6.870E-06 1.684E-02 1.548E-05 1.281E-02 2.380E-04 2.991E-02 2.991E-02
       8.500E+00 6.086E-06 1.613E-02 1.443E-05 1.347E-02 2.611E-04 2.988E-02 2.987E-02
       9.000E+00 5.428E-06 1.547E-02 1.350E-05 1.409E-02 2.836E-04 2.987E-02 2.986E-02
       9.500E+00 4.872E-06 1.488E-02 1.268E-05 1.469E-02 3.056E-04 2.990E-02 2.989E-02
       1.000E+01 4.396E-06 1.434E-02 1.196E-05 1.526E-02 3.269E-04 2.994E-02 2.994E-02