       1.000E-03 4.659E+00 8.041E-03 9.790E+03 0.000E+00 0.000E+00 9.795E+03 9.790E+03
       1.500E-03 4.374E+00 1.417E-02 3.692E+03 0.000E+00 0.000E+00 3.696E+03 3.692E+03
       2.000E-03 4.070E+00 1.983E-02 1.775E+03 0.000E+00 0.000E+00 1.779E+03 1.775E+03
       3.000E-03 3.492E+00 3.020E-02 6.093E+02 0.000E+00 0.000E+00 6.129E+02 6.094E+02
       4.000E-03 2.981E+00 3.988E-02 2.800E+02 0.000E+00 0.000E+00 2.830E+02 2.800E+02
       5.000E-03 2.541E+00 4.881E-02 1.517E+02 0.000E+00 0.000E+00 1.543E+02 1.518E+02
       6.000E-03 2.173E+00 5.693E-02 9.149E+01 0.000E+00 0.000E+00 9.372E+01 9.154E+01
       7.000E-03 1.870E+00 6.429E-02 5.941E+01 0.000E+00 0.000E+00 6.135E+01 5.948E+01
       8.000E-03 1.626E+00 7.093E-02 3.231E+02 0.000E+00 0.000E+00 3.248E+02 3.232E+02
       9.000E-03 1.427E+00 7.691E-02 2.403E+02 0.000E+00 0.000E+00 2.418E+02 2.404E+02
       1.000E-02 1.263E+00 8.228E-02 1.828E+02 0.000E+00 0.000E+00 1.842E+02 1.829E+02
       1.500E-02 7.783E-01 1.016E-01 6.113E+01 0.000E+00 0.000E+00 6.201E+01 6.123E+01
       2.000E-02 5.391E-01 1.132E-01 2.738E+01 0.000E+00 0.000E+00 2.803E+01 2.749E+01
       2.500E-02 3.934E-01 1.207E-01 1.448E+01 0.000E+00 0.000E+00 1.500E+01 1.460E+01
       3.000E-02 2.983E-01 1.257E-01 8.538E+00 0.000E+00 0.000E+00 8.962E+00 8.663E+00
       3.500E-02 2.336E-01 1.289E-01 5.433E+00 0.000E+00 0.000E+00 5.796E+00 5.562E+00
       4.000E-02 1.880E-01 1.310E-01 3.661E+00 0.000E+00 0.000E+00 3.980E+00 3.792E+00
       4.500E-02 1.550E-01 1.322E-01 2.579E+00 0.000E+00 0.000E+00 2.866E+00 2.711E+00
       5.000E-02 1.302E-01 1.328E-01 1.881E+00 0.000E+00 0.000E+00 2.144E+00 2.014E+00
       5.500E-02 1.111E-01 1.330E-01 1.412E+00 0.000E+00 0.000E+00 1.656E+00 1.545E+00
       6.000E-02 9.597E-02 1.328E-01 1.085E+00 0.000E+00 0.000E+00 1.314E+00 1.218E+00
       6.500E-02 8.381E-02 1.325E-01 8.512E-01 0.000E+00 0.000E+00 1.068E+00 9.837E-01
       7.000E-02 7.386E-02 1.320E-01 6.794E-01 0.000E+00 0.000E+00 8.853E-01 8.114E-01
       7.500E-02 6.558E-02 1.314E-01 5.506E-01 0.000E+00 0.000E+00 7.475E-01 6.820E-01
       8.000E-02 5.862E-02 1.307E-01 4.521E-01 0.000E+00 0.000E+00 6.414E-01 5.828E-01
       8.500E-02 5.271E-02 1.299E-01 3.756E-01 0.000E+00 0.000E+00 5.582E-01 5.055E-01
       9.000E-02 4.764E-02 1.291E-01 3.152E-01 0.000E+00 0.000E+00 4.920E-01 4.443E-01
       9.500E-02 4.326E-02 1.282E-01 2.671E-01 0.000E+00 0.000E+00 4.386E-01 3.953E-01
       1.000E-01 3.945E-02 1.273E-01 2.282E-01 0.000E+00 0.000E+00 3.950E-01 3.555E-01
       1.130E-01 3.160E-02 1.249E-01 1.568E-01 0.000E+00 0.000E+00 3.132E-01 2.816E-01
       1.250E-01 2.625E-02 1.226E-01 1.149E-01 0.000E+00 0.000E+00 2.638E-01 2.375E-01
       1.500E-01 1.869E-02 1.179E-01 6.567E-02 0.000E+00 0.000E+00 2.023E-01 1.836E-01
       1.750E-01 1.398E-02 1.135E-01 4.099E-02 0.000E+00 0.000E+00 1.685E-01 1.545E-01
       2.000E-01 1.084E-02 1.094E-01 2.731E-02 0.000E+00 0.000E+00 1.476E-01 1.368E-01
       2.250E-01 8.655E-03 1.057E-01 1.915E-02 0.000E+00 0.000E+00 1.335E-01 1.249E-01
       2.500E-01 7.068E-03 1.023E-01 1.398E-02 0.000E+00 0.000E+00 1.233E-01 1.163E-01
       2.750E-01 5.879E-03 9.915E-02 1.055E-02 0.000E+00 0.000E+00 1.156E-01 1.097E-01
       3.000E-01 4.966E-03 9.626E-02 8.184E-03 0.000E+00 0.000E+00 1.094E-01 1.044E-01
       3.500E-01 3.677E-03 9.111E-02 5.260E-03 0.000E+00 0.000E+00 1.000E-01 9.637E-02
       4.000E-01 2.831E-03 8.666E-02 3.621E-03 0.000E+00 0.000E+00 9.312E-02 9.029E-02
       4.500E-01 2.245E-03 8.277E-02 2.629E-03 0.000E+00 0.000E+00 8.765E-02 8.540E-02
       5.000E-01 1.824E-03 7.934E-02 1.991E-03 0.000E+00 0.000E+00 8.315E-02 8.133E-02
       5.500E-01 1.511E-03 7.627E-02 1.559E-03 0.000E+00 0.000E+00 7.934E-02 7.783E-02
       6.000E-01 1.272E-03 7.351E-02 1.254E-03 0.000E+00 0.000E+00 7.604E-02 7.477E-02
       6.500E-01 1.086E-03 7.101E-02 1.030E-03 0.000E+00 0.000E+00 7.312E-02 7.204E-02
       7.000E-01 9.370E-04 6.872E-02 8.621E-04 0.000E+00 0.000E+00 7.052E-02 6.958E-02
       7.500E-01 8.169E-04 6.662E-02 7.356E-04 0.000E+00 0.000E+00 6.817E-02 6.736E-02
       8.000E-01 7.186E-04 6.468E-02 6.389E-04 0.000E+00 0.000E+00 6.604E-02 6.532E-02
       8.500E-01 6.370E-04 6.289E-02 5.634E-04 0.000E+00 0.000E+00 6.409E-02 6.345E-02
       9.000E-01 5.686E-04 6.122E-02 5.011E-04 0.000E+00 0.000E+00 6.229E-02 6.172E-02
       9.500E-01 5.105E-04 5.966E-02 4.468E-04 0.000E+00 0.000E+00 6.062E-02 6.011E-02
       1.000E+00 4.609E-04 5.821E-02 3.975E-04 0.000E+00 0.000E+00 5.906E-02 5.860E-02
       1.130E+00 3.611E-04 5.480E-02 3.059E-04 1.112E-05 0.000E+00 5.548E-02 5.512E-02
       1.250E+00 2.953E-04 5.207E-02 2.552E-04 7.286E-05 0.000E+00 5.270E-02 5.240E-02
       1.500E+00 2.052E-04 4.734E-02 1.839E-04 3.692E-04 0.000E+00 4.810E-02 4.790E-02
       1.750E+00 1.511E-04 4.353E-02 1.408E-04 8.318E-04 0.000E+00 4.466E-02 4.451E-02
       2.000E+00 1.156E-04 4.041E-02 1.133E-04 1.399E-03 0.000E+00 4.204E-02 4.193E-02
       2.250E+00 9.108E-05 3.779E-02 9.443E-05 2.013E-03 2.315E-07 3.999E-02 3.990E-02
       2.500E+00 7.379E-05 3.553E-02 8.043E-05 2.639E-03 1.924E-06 3.832E-02 3.825E-02
       2.750E+00 6.106E-05 3.355E-02 6.977E-05 3.260E-03 5.604E-06 3.695E-02 3.688E-02
       3.000E+00 5.137E-05 3.181E-02 6.147E-05 3.871E-03 1.113E-05 3.581E-02 3.575E-02
       3.500E+00 3.776E-05 2.890E-02 4.954E-05 5.055E-03 2.637E-05 3.406E-02 3.403E-02
       4.000E+00 2.890E-05 2.654E-02 4.138E-05 6.175E-03 4.544E-05 3.283E-02 3.280E-02
       4.500E+00 2.283E-05 2.458E-02 3.544E-05 7.224E-03 6.716E-05 3.193E-02 3.191E-02
       5.000E+00 1.850E-05 2.292E-02 3.095E-05 8.210E-03 9.052E-05 3.127E-02 3.125E-02
       5.500E+00 1.529E-05 2.149E-02 2.745E-05 9.142E-03 1.146E-04 3.079E-02 3.078E-02
       6.000E+00 1.284E-05 2.025E-02 2.465E-05 1.002E-02 1.390E-04 3.045E-02 3.044E-02
       6.500E+00 1.095E-05 1.917E-02 2.235E-05 1.085E-02 1.633E-04 3.021E-02 3.020E-02
       7.000E+00 9.439E-06 1.821E-02 2.044E-05 1.163E-02 1.873E-04 3.006E-02 3.005E-02
       7.500E+00 8.222E-06 1.735E-02 1.882E-05 1.237E-02 2.109E-04 2.996E-02 2.995E-02
       8.000E+00 7.227E-06 1.657E-02 1.743E-05 1.308E-02 2.341E-04 2.991E-02 2.991E-02
       8.500E+00 6.402E-06 1.587E-02 1.624E-05 1.375E-02 2.568E-04 2.990E-02 2.990E-02
       9.000E+00 5.710E-06 1.524E-02 1.520E-05 1.439E-02 2.790E-04 2.992E-02 2.992E-02
       9.500E+00 5.125E-06 1.465E-02 1.428E-05 1.499E-02 3.006E-04 2.996E-02 2.996E-02
       1.000E+01 4.625E-06 1.411E-02 1.346E-05 1.557E-02 3.217E-04 3.002E-02 3.002E-02