       1.000E-03 5.052E+00 7.812E-03 9.850E+03 0.000E+00 0.000E+00 9.856E+03 9.850E+03
       1.500E-03 4.761E+00 1.390E-02 4.230E+03 0.000E+00 0.000E+00 4.234E+03 4.230E+03
       2.000E-03 4.447E+00 1.960E-02 2.044E+03 0.000E+00 0.000E+00 2.048E+03 2.044E+03
       3.000E-03 3.838E+00 3.003E-02 7.056E+02 0.000E+00 0.000E+00 7.095E+02 7.057E+02
       4.000E-03 3.293E+00 3.984E-02 3.249E+02 0.000E+00 0.000E+00 3.282E+02 3.249E+02
       5.000E-03 2.819E+00 4.895E-02 1.764E+02 0.000E+00 0.000E+00 1.793E+02 1.764E+02
       6.000E-03 2.417E+00 5.727E-02 1.065E+02 0.000E+00 0.000E+00 1.090E+02 1.066E+02
       7.000E-03 2.082E+00 6.485E-02 6.921E+01 0.000E+00 0.000E+00 7.136E+01 6.927E+01
       8.000E-03 1.811E+00 7.172E-02 4.764E+01 0.000E+00 0.000E+00 4.952E+01 4.771E+01
       9.000E-03 1.590E+00 7.795E-02 2.706E+02 0.000E+00 0.000E+00 2.722E+02 2.706E+02
       1.000E-02 1.406E+00 8.359E-02 2.075E+02 0.000E+00 0.000E+00 2.090E+02 2.076E+02
       1.500E-02 8.601E-01 1.041E-01 6.985E+01 0.000E+00 0.000E+00 7.081E+01 6.995E+01
       2.000E-02 5.947E-01 1.165E-01 3.149E+01 0.000E+00 0.000E+00 3.220E+01 3.161E+01
       2.500E-02 4.348E-01 1.245E-01 1.673E+01 0.000E+00 0.000E+00 1.729E+01 1.685E+01
       3.000E-02 3.303E-01 1.299E-01 9.883E+00 0.000E+00 0.000E+00 1.034E+01 1.001E+01
       3.500E-02 2.587E-01 1.334E-01 6.304E+00 0.000E+00 0.000E+00 6.696E+00 6.437E+00
       4.000E-02 2.082E-01 1.356E-01 4.256E+00 0.000E+00 0.000E+00 4.600E+00 4.392E+00
       4.500E-02 1.715E-01 1.370E-01 3.002E+00 0.000E+00 0.000E+00 3.311E+00 3.140E+00
       5.000E-02 1.440E-01 1.377E-01 2.193E+00 0.000E+00 0.000E+00 2.474E+00 2.330E+00
       5.500E-02 1.228E-01 1.379E-01 1.647E+00 0.000E+00 0.000E+00 1.908E+00 1.785E+00
       6.000E-02 1.061E-01 1.378E-01 1.267E+00 0.000E+00 0.000E+00 1.511E+00 1.405E+00
       6.500E-02 9.266E-02 1.375E-01 9.951E-01 0.000E+00 0.000E+00 1.225E+00 1.133E+00
       7.000E-02 8.165E-02 1.370E-01 7.951E-01 0.000E+00 0.000E+00 1.014E+00 9.321E-01
       7.500E-02 7.251E-02 1.365E-01 6.449E-01 0.000E+00 0.000E+00 8.539E-01 7.814E-01
       8.000E-02 6.483E-02 1.358E-01 5.300E-01 0.000E+00 0.000E+00 7.306E-01 6.657E-01
       8.500E-02 5.830E-02 1.350E-01 4.405E-01 0.000E+00 0.000E+00 6.338E-01 5.755E-01
       9.000E-02 5.271E-02 1.341E-01 3.700E-01 0.000E+00 0.000E+00 5.568E-01 5.041E-01
       9.500E-02 4.787E-02 1.332E-01 3.136E-01 0.000E+00 0.000E+00 4.947E-01 4.468E-01
       1.000E-01 4.367E-02 1.323E-01 2.680E-01 0.000E+00 0.000E+00 4.439E-01 4.003E-01
       1.130E-01 3.500E-02 1.298E-01 1.843E-01 0.000E+00 0.000E+00 3.491E-01 3.141E-01
       1.250E-01 2.908E-02 1.274E-01 1.353E-01 0.000E+00 0.000E+00 2.918E-01 2.627E-01
       1.500E-01 2.072E-02 1.226E-01 7.746E-02 0.000E+00 0.000E+00 2.208E-01 2.001E-01
       1.750E-01 1.550E-02 1.181E-01 4.841E-02 0.000E+00 0.000E+00 1.820E-01 1.665E-01
       2.000E-01 1.203E-02 1.139E-01 3.229E-02 0.000E+00 0.000E+00 1.582E-01 1.462E-01
       2.250E-01 9.601E-03 1.100E-01 2.266E-02 0.000E+00 0.000E+00 1.423E-01 1.327E-01
       2.500E-01 7.840E-03 1.065E-01 1.656E-02 0.000E+00 0.000E+00 1.309E-01 1.230E-01
       2.750E-01 6.522E-03 1.032E-01 1.250E-02 0.000E+00 0.000E+00 1.222E-01 1.157E-01
       3.000E-01 5.510E-03 1.002E-01 9.702E-03 0.000E+00 0.000E+00 1.154E-01 1.099E-01
       3.500E-01 4.081E-03 9.483E-02 6.240E-03 0.000E+00 0.000E+00 1.051E-01 1.011E-01
       4.000E-01 3.143E-03 9.020E-02 4.299E-03 0.000E+00 0.000E+00 9.765E-02 9.450E-02
       4.500E-01 2.494E-03 8.616E-02 3.122E-03 0.000E+00 0.000E+00 9.178E-02 8.928E-02
       5.000E-01 2.027E-03 8.259E-02 2.365E-03 0.000E+00 0.000E+00 8.698E-02 8.496E-02
       5.500E-01 1.679E-03 7.941E-02 1.853E-03 0.000E+00 0.000E+00 8.294E-02 8.126E-02
       6.000E-01 1.413E-03 7.654E-02 1.491E-03 0.000E+00 0.000E+00 7.944E-02 7.803E-02
       6.500E-01 1.206E-03 7.393E-02 1.225E-03 0.000E+00 0.000E+00 7.636E-02 7.515E-02
       7.000E-01 1.041E-03 7.155E-02 1.026E-03 0.000E+00 0.000E+00 7.361E-02 7.257E-02
       7.500E-01 9.075E-04 6.936E-02 8.755E-04 0.000E+00 0.000E+00 7.115E-02 7.024E-02
       8.000E-01 7.983E-04 6.735E-02 7.603E-04 0.000E+00 0.000E+00 6.891E-02 6.811E-02
       8.500E-01 7.077E-04 6.549E-02 6.703E-04 0.000E+00 0.000E+00 6.687E-02 6.616E-02
       9.000E-01 6.316E-04 6.376E-02 5.960E-04 0.000E+00 0.000E+00 6.499E-02 6.436E-02
       9.500E-01 5.671E-04 6.214E-02 5.314E-04 0.000E+00 0.000E+00 6.324E-02 6.267E-02
       1.000E+00 5.120E-04 6.061E-02 4.730E-04 0.000E+00 0.000E+00 6.160E-02 6.108E-02
       1.130E+00 4.013E-04 5.706E-02 3.643E-04 1.222E-05 0.000E+00 5.783E-02 5.743E-02
       1.250E+00 3.281E-04 5.423E-02 3.037E-04 7.980E-05 0.000E+00 5.494E-02 5.461E-02
       1.500E+00 2.280E-04 4.930E-02 2.189E-04 4.023E-04 0.000E+00 5.015E-02 4.992E-02
       1.750E+00 1.675E-04 4.536E-02 1.678E-04 9.050E-04 0.000E+00 4.660E-02 4.644E-02
       2.000E+00 1.284E-04 4.209E-02 1.348E-04 1.518E-03 0.000E+00 4.387E-02 4.374E-02
       2.250E+00 1.015E-04 3.932E-02 1.120E-04 2.177E-03 2.415E-07 4.171E-02 4.161E-02
       2.500E+00 8.223E-05 3.696E-02 9.535E-05 2.852E-03 2.006E-06 3.999E-02 3.991E-02
       2.750E+00 6.794E-05 3.492E-02 8.279E-05 3.525E-03 5.840E-06 3.860E-02 3.853E-02
       3.000E+00 5.708E-05 3.312E-02 7.301E-05 4.189E-03 1.159E-05 3.745E-02 3.740E-02
       3.500E+00 4.194E-05 3.009E-02 5.882E-05 5.468E-03 2.746E-05 3.569E-02 3.565E-02
       4.000E+00 3.212E-05 2.763E-02 4.910E-05 6.675E-03 4.731E-05 3.444E-02 3.440E-02
       4.500E+00 2.538E-05 2.559E-02 4.205E-05 7.805E-03 6.992E-05 3.353E-02 3.351E-02
       5.000E+00 2.055E-05 2.387E-02 3.671E-05 8.867E-03 9.425E-05 3.289E-02 3.287E-02
       5.500E+00 1.699E-05 2.238E-02 3.255E-05 9.870E-03 1.193E-04 3.242E-02 3.241E-02
       6.000E+00 1.427E-05 2.110E-02 2.921E-05 1.082E-02 1.447E-04 3.210E-02 3.209E-02
       6.500E+00 1.216E-05 1.997E-02 2.649E-05 1.171E-02 1.699E-04 3.188E-02 3.187E-02
       7.000E+00 1.049E-05 1.896E-02 2.422E-05 1.255E-02 1.950E-04 3.174E-02 3.173E-02
       7.500E+00 9.136E-06 1.807E-02 2.230E-05 1.335E-02 2.196E-04 3.166E-02 3.166E-02
       8.000E+00 8.030E-06 1.726E-02 2.066E-05 1.411E-02 2.438E-04 3.164E-02 3.163E-02
       8.500E+00 7.114E-06 1.653E-02 1.924E-05 1.484E-02 2.674E-04 3.166E-02 3.165E-02
       9.000E+00 6.345E-06 1.586E-02 1.800E-05 1.552E-02 2.905E-04 3.170E-02 3.170E-02
       9.500E+00 5.695E-06 1.525E-02 1.691E-05 1.618E-02 3.130E-04 3.176E-02 3.176E-02
       1.000E+01 5.140E-06 1.469E-02 1.594E-05 1.680E-02 3.349E-04 3.185E-02 3.184E-02