       1.000E-03 5.054E+00 5.914E-03 1.057E+04 0.000E+00 0.000E+00 1.057E+04 1.057E+04
       1.500E-03 4.806E+00 1.086E-02 4.413E+03 0.000E+00 0.000E+00 4.418E+03 4.413E+03
       2.000E-03 4.525E+00 1.591E-02 2.149E+03 0.000E+00 0.000E+00 2.154E+03 2.149E+03
       3.000E-03 3.946E+00 2.587E-02 7.449E+02 0.000E+00 0.000E+00 7.488E+02 7.449E+02
       4.000E-03 3.399E+00 3.527E-02 3.439E+02 0.000E+00 0.000E+00 3.473E+02 3.439E+02
       5.000E-03 2.914E+00 4.391E-02 1.870E+02 0.000E+00 0.000E+00 1.899E+02 1.870E+02
       6.000E-03 2.500E+00 5.181E-02 1.131E+02 0.000E+00 0.000E+00 1.156E+02 1.131E+02
       7.000E-03 2.154E+00 5.906E-02 7.350E+01 0.000E+00 0.000E+00 7.571E+01 7.356E+01
       8.000E-03 1.872E+00 6.569E-02 5.062E+01 0.000E+00 0.000E+00 5.255E+01 5.068E+01
       9.000E-03 1.642E+00 7.174E-02 2.751E+02 0.000E+00 0.000E+00 2.768E+02 2.752E+02
       1.000E-02 1.450E+00 7.725E-02 2.145E+02 0.000E+00 0.000E+00 2.160E+02 2.145E+02
       1.500E-02 8.797E-01 9.761E-02 7.308E+01 0.000E+00 0.000E+00 7.405E+01 7.317E+01
       2.000E-02 6.059E-01 1.098E-01 3.308E+01 0.000E+00 0.000E+00 3.380E+01 3.319E+01
       2.500E-02 4.431E-01 1.178E-01 1.764E+01 0.000E+00 0.000E+00 1.820E+01 1.776E+01
       3.000E-02 3.369E-01 1.231E-01 1.045E+01 0.000E+00 0.000E+00 1.091E+01 1.058E+01
       3.500E-02 2.640E-01 1.266E-01 6.683E+00 0.000E+00 0.000E+00 7.074E+00 6.810E+00
       4.000E-02 2.124E-01 1.289E-01 4.520E+00 0.000E+00 0.000E+00 4.862E+00 4.649E+00
       4.500E-02 1.748E-01 1.303E-01 3.193E+00 0.000E+00 0.000E+00 3.498E+00 3.323E+00
       5.000E-02 1.467E-01 1.311E-01 2.335E+00 0.000E+00 0.000E+00 2.613E+00 2.466E+00
       5.500E-02 1.250E-01 1.314E-01 1.757E+00 0.000E+00 0.000E+00 2.013E+00 1.888E+00
       6.000E-02 1.079E-01 1.313E-01 1.353E+00 0.000E+00 0.000E+00 1.593E+00 1.485E+00
       6.500E-02 9.424E-02 1.311E-01 1.064E+00 0.000E+00 0.000E+00 1.289E+00 1.195E+00
       7.000E-02 8.304E-02 1.307E-01 8.505E-01 0.000E+00 0.000E+00 1.064E+00 9.811E-01
       7.500E-02 7.375E-02 1.301E-01 6.902E-01 0.000E+00 0.000E+00 8.941E-01 8.203E-01
       8.000E-02 6.595E-02 1.295E-01 5.676E-01 0.000E+00 0.000E+00 7.630E-01 6.970E-01
       8.500E-02 5.932E-02 1.287E-01 4.721E-01 0.000E+00 0.000E+00 6.602E-01 6.008E-01
       9.000E-02 5.364E-02 1.279E-01 3.968E-01 0.000E+00 0.000E+00 5.783E-01 5.247E-01
       9.500E-02 4.873E-02 1.271E-01 3.365E-01 0.000E+00 0.000E+00 5.124E-01 4.636E-01
       1.000E-01 4.446E-02 1.262E-01 2.878E-01 0.000E+00 0.000E+00 4.585E-01 4.140E-01
       1.130E-01 3.564E-02 1.239E-01 1.982E-01 0.000E+00 0.000E+00 3.577E-01 3.221E-01
       1.250E-01 2.962E-02 1.217E-01 1.456E-01 0.000E+00 0.000E+00 2.969E-01 2.673E-01
       1.500E-01 2.111E-02 1.171E-01 8.345E-02 0.000E+00 0.000E+00 2.217E-01 2.006E-01
       1.750E-01 1.580E-02 1.128E-01 5.222E-02 0.000E+00 0.000E+00 1.808E-01 1.650E-01
       2.000E-01 1.226E-02 1.088E-01 3.487E-02 0.000E+00 0.000E+00 1.559E-01 1.437E-01
       2.250E-01 9.791E-03 1.051E-01 2.450E-02 0.000E+00 0.000E+00 1.394E-01 1.296E-01
       2.500E-01 7.997E-03 1.018E-01 1.791E-02 0.000E+00 0.000E+00 1.277E-01 1.197E-01
       2.750E-01 6.653E-03 9.867E-02 1.354E-02 0.000E+00 0.000E+00 1.189E-01 1.122E-01
       3.000E-01 5.621E-03 9.581E-02 1.051E-02 0.000E+00 0.000E+00 1.119E-01 1.063E-01
       3.500E-01 4.164E-03 9.069E-02 6.765E-03 0.000E+00 0.000E+00 1.016E-01 9.745E-02
       4.000E-01 3.207E-03 8.626E-02 4.664E-03 0.000E+00 0.000E+00 9.413E-02 9.092E-02
       4.500E-01 2.545E-03 8.240E-02 3.389E-03 0.000E+00 0.000E+00 8.833E-02 8.579E-02
       5.000E-01 2.068E-03 7.899E-02 2.568E-03 0.000E+00 0.000E+00 8.363E-02 8.156E-02
       5.500E-01 1.713E-03 7.594E-02 2.014E-03 0.000E+00 0.000E+00 7.967E-02 7.795E-02
       6.000E-01 1.442E-03 7.319E-02 1.621E-03 0.000E+00 0.000E+00 7.625E-02 7.481E-02
       6.500E-01 1.231E-03 7.070E-02 1.331E-03 0.000E+00 0.000E+00 7.326E-02 7.203E-02
       7.000E-01 1.063E-03 6.842E-02 1.115E-03 0.000E+00 0.000E+00 7.060E-02 6.954E-02
       7.500E-01 9.267E-04 6.634E-02 9.518E-04 0.000E+00 0.000E+00 6.821E-02 6.729E-02
       8.000E-01 8.152E-04 6.441E-02 8.265E-04 0.000E+00 0.000E+00 6.606E-02 6.524E-02
       8.500E-01 7.226E-04 6.264E-02 7.285E-04 0.000E+00 0.000E+00 6.409E-02 6.336E-02
       9.000E-01 6.449E-04 6.098E-02 6.478E-04 0.000E+00 0.000E+00 6.227E-02 6.163E-02
       9.500E-01 5.791E-04 5.943E-02 5.776E-04 0.000E+00 0.000E+00 6.059E-02 6.001E-02
       1.000E+00 5.228E-04 5.797E-02 5.143E-04 0.000E+00 0.000E+00 5.901E-02 5.848E-02
       1.130E+00 4.098E-04 5.457E-02 3.963E-04 1.233E-05 0.000E+00 5.539E-02 5.498E-02
       1.250E+00 3.351E-04 5.187E-02 3.303E-04 8.020E-05 0.000E+00 5.261E-02 5.228E-02
       1.500E+00 2.329E-04 4.716E-02 2.380E-04 4.024E-04 0.000E+00 4.803E-02 4.780E-02
       1.750E+00 1.713E-04 4.337E-02 1.824E-04 9.027E-04 0.000E+00 4.463E-02 4.446E-02
       2.000E+00 1.312E-04 4.026E-02 1.464E-04 1.511E-03 0.000E+00 4.205E-02 4.191E-02
       2.250E+00 1.036E-04 3.763E-02 1.216E-04 2.164E-03 2.308E-07 4.002E-02 3.992E-02
       2.500E+00 8.394E-05 3.537E-02 1.035E-04 2.833E-03 1.918E-06 3.840E-02 3.831E-02
       2.750E+00 6.938E-05 3.341E-02 8.984E-05 3.501E-03 5.584E-06 3.707E-02 3.700E-02
       3.000E+00 5.830E-05 3.168E-02 7.922E-05 4.158E-03 1.109E-05 3.599E-02 3.593E-02
       3.500E+00 4.284E-05 2.878E-02 6.381E-05 5.425E-03 2.627E-05 3.434E-02 3.430E-02
       4.000E+00 3.280E-05 2.643E-02 5.324E-05 6.618E-03 4.526E-05 3.318E-02 3.315E-02
       4.500E+00 2.592E-05 2.448E-02 4.557E-05 7.735E-03 6.689E-05 3.235E-02 3.233E-02
       5.000E+00 2.100E-05 2.283E-02 3.978E-05 8.787E-03 9.014E-05 3.177E-02 3.175E-02
       5.500E+00 1.736E-05 2.141E-02 3.527E-05 9.781E-03 1.141E-04 3.136E-02 3.134E-02
       6.000E+00 1.458E-05 2.018E-02 3.165E-05 1.072E-02 1.384E-04 3.108E-02 3.106E-02
       6.500E+00 1.242E-05 1.910E-02 2.869E-05 1.160E-02 1.626E-04 3.090E-02 3.089E-02
       7.000E+00 1.071E-05 1.814E-02 2.622E-05 1.243E-02 1.865E-04 3.080E-02 3.078E-02
       7.500E+00 9.330E-06 1.728E-02 2.414E-05 1.322E-02 2.100E-04 3.075E-02 3.074E-02
       8.000E+00 8.202E-06 1.651E-02 2.237E-05 1.397E-02 2.331E-04 3.074E-02 3.073E-02
       8.500E+00 7.266E-06 1.581E-02 2.082E-05 1.468E-02 2.557E-04 3.077E-02 3.077E-02
       9.000E+00 6.481E-06 1.517E-02 1.947E-05 1.536E-02 2.778E-04 3.084E-02 3.083E-02
       9.500E+00 5.817E-06 1.459E-02 1.829E-05 1.601E-02 2.993E-04 3.093E-02 3.092E-02
       1.000E+01 5.249E-06 1.405E-02 1.725E-05 1.663E-02 3.202E-04 3.103E-02 3.102E-02