       1.000E-03 5.244E+00 6.580E-03 1.548E+03 0.000E+00 0.000E+00 1.553E+03 1.548E+03
       1.500E-03 4.975E+00 1.192E-02 4.819E+03 0.000E+00 0.000E+00 4.824E+03 4.819E+03
       2.000E-03 4.677E+00 1.700E-02 2.370E+03 0.000E+00 0.000E+00 2.374E+03 2.370E+03
       3.000E-03 4.084E+00 2.638E-02 8.270E+02 0.000E+00 0.000E+00 8.311E+02 8.270E+02
       4.000E-03 3.538E+00 3.523E-02 3.830E+02 0.000E+00 0.000E+00 3.866E+02 3.831E+02
       5.000E-03 3.054E+00 4.354E-02 2.087E+02 0.000E+00 0.000E+00 2.118E+02 2.087E+02
       6.000E-03 2.635E+00 5.122E-02 1.264E+02 0.000E+00 0.000E+00 1.290E+02 1.264E+02
       7.000E-03 2.282E+00 5.828E-02 8.223E+01 0.000E+00 0.000E+00 8.458E+01 8.229E+01
       8.000E-03 1.987E+00 6.476E-02 5.668E+01 0.000E+00 0.000E+00 5.874E+01 5.675E+01
       9.000E-03 1.742E+00 7.073E-02 4.071E+01 0.000E+00 0.000E+00 4.252E+01 4.078E+01
       1.000E-02 1.542E+00 7.614E-02 2.314E+02 0.000E+00 0.000E+00 2.331E+02 2.315E+02
       1.500E-02 9.329E-01 9.661E-02 8.014E+01 0.000E+00 0.000E+00 8.117E+01 8.024E+01
       2.000E-02 6.413E-01 1.091E-01 3.644E+01 0.000E+00 0.000E+00 3.719E+01 3.655E+01
       2.500E-02 4.697E-01 1.173E-01 1.949E+01 0.000E+00 0.000E+00 2.008E+01 1.961E+01
       3.000E-02 3.579E-01 1.228E-01 1.159E+01 0.000E+00 0.000E+00 1.207E+01 1.171E+01
       3.500E-02 2.807E-01 1.264E-01 7.423E+00 0.000E+00 0.000E+00 7.830E+00 7.550E+00
       4.000E-02 2.259E-01 1.288E-01 5.029E+00 0.000E+00 0.000E+00 5.384E+00 5.158E+00
       4.500E-02 1.859E-01 1.303E-01 3.558E+00 0.000E+00 0.000E+00 3.874E+00 3.688E+00
       5.000E-02 1.559E-01 1.311E-01 2.605E+00 0.000E+00 0.000E+00 2.892E+00 2.737E+00
       5.500E-02 1.329E-01 1.315E-01 1.963E+00 0.000E+00 0.000E+00 2.227E+00 2.094E+00
       6.000E-02 1.148E-01 1.315E-01 1.514E+00 0.000E+00 0.000E+00 1.760E+00 1.646E+00
       6.500E-02 1.002E-01 1.313E-01 1.191E+00 0.000E+00 0.000E+00 1.423E+00 1.322E+00
       7.000E-02 8.825E-02 1.309E-01 9.530E-01 0.000E+00 0.000E+00 1.172E+00 1.084E+00
       7.500E-02 7.836E-02 1.304E-01 7.738E-01 0.000E+00 0.000E+00 9.826E-01 9.042E-01
       8.000E-02 7.007E-02 1.298E-01 6.367E-01 0.000E+00 0.000E+00 8.365E-01 7.664E-01
       8.500E-02 6.303E-02 1.290E-01 5.299E-01 0.000E+00 0.000E+00 7.219E-01 6.589E-01
       9.000E-02 5.700E-02 1.282E-01 4.456E-01 0.000E+00 0.000E+00 6.308E-01 5.738E-01
       9.500E-02 5.180E-02 1.274E-01 3.781E-01 0.000E+00 0.000E+00 5.573E-01 5.055E-01
       1.000E-01 4.727E-02 1.265E-01 3.235E-01 0.000E+00 0.000E+00 4.973E-01 4.501E-01
       1.130E-01 3.792E-02 1.242E-01 2.230E-01 0.000E+00 0.000E+00 3.851E-01 3.472E-01
       1.250E-01 3.153E-02 1.220E-01 1.640E-01 0.000E+00 0.000E+00 3.175E-01 2.860E-01
       1.500E-01 2.248E-02 1.175E-01 9.412E-02 0.000E+00 0.000E+00 2.341E-01 2.116E-01
       1.750E-01 1.682E-02 1.132E-01 5.898E-02 0.000E+00 0.000E+00 1.890E-01 1.722E-01
       2.000E-01 1.306E-02 1.092E-01 3.944E-02 0.000E+00 0.000E+00 1.617E-01 1.487E-01
       2.250E-01 1.043E-02 1.056E-01 2.773E-02 0.000E+00 0.000E+00 1.437E-01 1.333E-01
       2.500E-01 8.521E-03 1.022E-01 2.029E-02 0.000E+00 0.000E+00 1.310E-01 1.225E-01
       2.750E-01 7.091E-03 9.911E-02 1.534E-02 0.000E+00 0.000E+00 1.215E-01 1.144E-01
       3.000E-01 5.993E-03 9.624E-02 1.192E-02 0.000E+00 0.000E+00 1.141E-01 1.082E-01
       3.500E-01 4.441E-03 9.111E-02 7.679E-03 0.000E+00 0.000E+00 1.032E-01 9.879E-02
       4.000E-01 3.421E-03 8.667E-02 5.298E-03 0.000E+00 0.000E+00 9.539E-02 9.197E-02
       4.500E-01 2.715E-03 8.280E-02 3.852E-03 0.000E+00 0.000E+00 8.937E-02 8.665E-02
       5.000E-01 2.207E-03 7.938E-02 2.920E-03 0.000E+00 0.000E+00 8.450E-02 8.230E-02
       5.500E-01 1.829E-03 7.632E-02 2.290E-03 0.000E+00 0.000E+00 8.044E-02 7.861E-02
       6.000E-01 1.540E-03 7.357E-02 1.843E-03 0.000E+00 0.000E+00 7.695E-02 7.541E-02
       6.500E-01 1.314E-03 7.107E-02 1.515E-03 0.000E+00 0.000E+00 7.389E-02 7.258E-02
       7.000E-01 1.134E-03 6.878E-02 1.270E-03 0.000E+00 0.000E+00 7.119E-02 7.005E-02
       7.500E-01 9.891E-04 6.669E-02 1.084E-03 0.000E+00 0.000E+00 6.876E-02 6.777E-02
       8.000E-01 8.700E-04 6.475E-02 9.412E-04 0.000E+00 0.000E+00 6.656E-02 6.569E-02
       8.500E-01 7.712E-04 6.296E-02 8.296E-04 0.000E+00 0.000E+00 6.456E-02 6.379E-02
       9.000E-01 6.883E-04 6.129E-02 7.375E-04 0.000E+00 0.000E+00 6.272E-02 6.203E-02
       9.500E-01 6.181E-04 5.973E-02 6.575E-04 0.000E+00 0.000E+00 6.101E-02 6.039E-02
       1.000E+00 5.581E-04 5.827E-02 5.855E-04 0.000E+00 0.000E+00 5.941E-02 5.885E-02
       1.130E+00 4.375E-04 5.486E-02 4.513E-04 1.303E-05 0.000E+00 5.576E-02 5.532E-02
       1.250E+00 3.578E-04 5.214E-02 3.760E-04 8.453E-05 0.000E+00 5.295E-02 5.260E-02
       1.500E+00 2.487E-04 4.740E-02 2.708E-04 4.224E-04 0.000E+00 4.834E-02 4.809E-02
       1.750E+00 1.829E-04 4.360E-02 2.074E-04 9.445E-04 0.000E+00 4.494E-02 4.475E-02
       2.000E+00 1.400E-04 4.047E-02 1.665E-04 1.579E-03 0.000E+00 4.235E-02 4.221E-02
       2.250E+00 1.105E-04 3.782E-02 1.382E-04 2.261E-03 2.319E-07 4.033E-02 4.022E-02
       2.500E+00 8.956E-05 3.555E-02 1.177E-04 2.957E-03 1.927E-06 3.872E-02 3.863E-02
       2.750E+00 7.405E-05 3.358E-02 1.021E-04 3.651E-03 5.612E-06 3.741E-02 3.734E-02
       3.000E+00 6.225E-05 3.185E-02 9.001E-05 4.334E-03 1.114E-05 3.634E-02 3.628E-02
       3.500E+00 4.574E-05 2.893E-02 7.247E-05 5.650E-03 2.641E-05 3.473E-02 3.468E-02
       4.000E+00 3.502E-05 2.657E-02 6.044E-05 6.889E-03 4.550E-05 3.360E-02 3.356E-02
       4.500E+00 2.767E-05 2.461E-02 5.173E-05 8.050E-03 6.723E-05 3.281E-02 3.278E-02
       5.000E+00 2.242E-05 2.295E-02 4.515E-05 9.140E-03 9.061E-05 3.225E-02 3.223E-02
       5.500E+00 1.852E-05 2.152E-02 4.001E-05 1.017E-02 1.148E-04 3.186E-02 3.184E-02
       6.000E+00 1.556E-05 2.028E-02 3.590E-05 1.113E-02 1.392E-04 3.160E-02 3.159E-02
       6.500E+00 1.326E-05 1.920E-02 3.254E-05 1.205E-02 1.634E-04 3.145E-02 3.144E-02
       7.000E+00 1.144E-05 1.823E-02 2.974E-05 1.291E-02 1.874E-04 3.138E-02 3.136E-02
       7.500E+00 9.964E-06 1.737E-02 2.738E-05 1.373E-02 2.111E-04 3.136E-02 3.135E-02
       8.000E+00 8.757E-06 1.660E-02 2.535E-05 1.451E-02 2.343E-04 3.138E-02 3.137E-02
       8.500E+00 7.758E-06 1.589E-02 2.360E-05 1.526E-02 2.570E-04 3.143E-02 3.143E-02
       9.000E+00 6.920E-06 1.525E-02 2.208E-05 1.596E-02 2.792E-04 3.152E-02 3.151E-02
       9.500E+00 6.211E-06 1.467E-02 2.073E-05 1.663E-02 3.008E-04 3.163E-02 3.162E-02
       1.000E+01 5.605E-06 1.414E-02 1.954E-05 1.727E-02 3.219E-04 3.175E-02 3.175E-02