       1.000E-03 5.223E+00 6.476E-03 1.692E+03 0.000E+00 0.000E+00 1.697E+03 1.692E+03
       1.500E-03 4.936E+00 1.176E-02 5.082E+03 0.000E+00 0.000E+00 5.087E+03 5.082E+03
       2.000E-03 4.631E+00 1.687E-02 2.511E+03 0.000E+00 0.000E+00 2.515E+03 2.511E+03
       3.000E-03 4.045E+00 2.602E-02 8.819E+02 0.000E+00 0.000E+00 8.859E+02 8.819E+02
       4.000E-03 3.521E+00 3.430E-02 4.094E+02 0.000E+00 0.000E+00 4.130E+02 4.094E+02
       5.000E-03 3.059E+00 4.202E-02 2.234E+02 0.000E+00 0.000E+00 2.265E+02 2.235E+02
       6.000E-03 2.657E+00 4.920E-02 1.355E+02 0.000E+00 0.000E+00 1.382E+02 1.356E+02
       7.000E-03 2.312E+00 5.581E-02 8.831E+01 0.000E+00 0.000E+00 9.068E+01 8.837E+01
       8.000E-03 2.020E+00 6.190E-02 6.094E+01 0.000E+00 0.000E+00 6.303E+01 6.101E+01
       9.000E-03 1.775E+00 6.752E-02 4.377E+01 0.000E+00 0.000E+00 4.561E+01 4.384E+01
       1.000E-02 1.573E+00 7.266E-02 3.255E+01 0.000E+00 0.000E+00 3.420E+01 3.263E+01
       1.500E-02 9.501E-01 9.242E-02 8.433E+01 0.000E+00 0.000E+00 8.537E+01 8.442E+01
       2.000E-02 6.520E-01 1.047E-01 3.852E+01 0.000E+00 0.000E+00 3.928E+01 3.863E+01
       2.500E-02 4.785E-01 1.127E-01 2.067E+01 0.000E+00 0.000E+00 2.126E+01 2.078E+01
       3.000E-02 3.653E-01 1.181E-01 1.233E+01 0.000E+00 0.000E+00 1.281E+01 1.244E+01
       3.500E-02 2.868E-01 1.217E-01 7.914E+00 0.000E+00 0.000E+00 8.323E+00 8.036E+00
       4.000E-02 2.310E-01 1.241E-01 5.371E+00 0.000E+00 0.000E+00 5.726E+00 5.495E+00
       4.500E-02 1.901E-01 1.257E-01 3.805E+00 0.000E+00 0.000E+00 4.121E+00 3.931E+00
       5.000E-02 1.594E-01 1.265E-01 2.790E+00 0.000E+00 0.000E+00 3.076E+00 2.916E+00
       5.500E-02 1.358E-01 1.269E-01 2.104E+00 0.000E+00 0.000E+00 2.366E+00 2.231E+00
       6.000E-02 1.172E-01 1.270E-01 1.624E+00 0.000E+00 0.000E+00 1.868E+00 1.751E+00
       6.500E-02 1.023E-01 1.268E-01 1.279E+00 0.000E+00 0.000E+00 1.508E+00 1.405E+00
       7.000E-02 9.012E-02 1.265E-01 1.024E+00 0.000E+00 0.000E+00 1.241E+00 1.150E+00
       7.500E-02 8.004E-02 1.260E-01 8.323E-01 0.000E+00 0.000E+00 1.038E+00 9.583E-01
       8.000E-02 7.159E-02 1.254E-01 6.853E-01 0.000E+00 0.000E+00 8.823E-01 8.107E-01
       8.500E-02 6.441E-02 1.247E-01 5.707E-01 0.000E+00 0.000E+00 7.599E-01 6.955E-01
       9.000E-02 5.826E-02 1.240E-01 4.802E-01 0.000E+00 0.000E+00 6.625E-01 6.042E-01
       9.500E-02 5.295E-02 1.232E-01 4.077E-01 0.000E+00 0.000E+00 5.839E-01 5.309E-01
       1.000E-01 4.833E-02 1.224E-01 3.490E-01 0.000E+00 0.000E+00 5.198E-01 4.714E-01
       1.130E-01 3.879E-02 1.202E-01 2.409E-01 0.000E+00 0.000E+00 3.998E-01 3.610E-01
       1.250E-01 3.227E-02 1.181E-01 1.773E-01 0.000E+00 0.000E+00 3.276E-01 2.953E-01
       1.500E-01 2.303E-02 1.138E-01 1.019E-01 0.000E+00 0.000E+00 2.387E-01 2.157E-01
       1.750E-01 1.724E-02 1.096E-01 6.395E-02 0.000E+00 0.000E+00 1.908E-01 1.735E-01
       2.000E-01 1.339E-02 1.057E-01 4.281E-02 0.000E+00 0.000E+00 1.619E-01 1.485E-01
       2.250E-01 1.069E-02 1.022E-01 3.012E-02 0.000E+00 0.000E+00 1.430E-01 1.323E-01
       2.500E-01 8.737E-03 9.894E-02 2.205E-02 0.000E+00 0.000E+00 1.297E-01 1.210E-01
       2.750E-01 7.272E-03 9.596E-02 1.668E-02 0.000E+00 0.000E+00 1.199E-01 1.126E-01
       3.000E-01 6.145E-03 9.320E-02 1.296E-02 0.000E+00 0.000E+00 1.123E-01 1.062E-01
       3.500E-01 4.555E-03 8.825E-02 8.363E-03 0.000E+00 0.000E+00 1.012E-01 9.661E-02
       4.000E-01 3.509E-03 8.396E-02 5.775E-03 0.000E+00 0.000E+00 9.325E-02 8.974E-02
       4.500E-01 2.786E-03 8.022E-02 4.201E-03 0.000E+00 0.000E+00 8.721E-02 8.442E-02
       5.000E-01 2.265E-03 7.691E-02 3.186E-03 0.000E+00 0.000E+00 8.236E-02 8.009E-02
       5.500E-01 1.876E-03 7.394E-02 2.499E-03 0.000E+00 0.000E+00 7.832E-02 7.644E-02
       6.000E-01 1.580E-03 7.127E-02 2.012E-03 0.000E+00 0.000E+00 7.487E-02 7.329E-02
       6.500E-01 1.348E-03 6.885E-02 1.654E-03 0.000E+00 0.000E+00 7.186E-02 7.051E-02
       7.000E-01 1.164E-03 6.664E-02 1.386E-03 0.000E+00 0.000E+00 6.919E-02 6.803E-02
       7.500E-01 1.015E-03 6.461E-02 1.183E-03 0.000E+00 0.000E+00 6.681E-02 6.580E-02
       8.000E-01 8.931E-04 6.274E-02 1.028E-03 0.000E+00 0.000E+00 6.466E-02 6.377E-02
       8.500E-01 7.918E-04 6.100E-02 9.061E-04 0.000E+00 0.000E+00 6.270E-02 6.191E-02
       9.000E-01 7.068E-04 5.939E-02 8.055E-04 0.000E+00 0.000E+00 6.090E-02 6.019E-02
       9.500E-01 6.348E-04 5.788E-02 7.183E-04 0.000E+00 0.000E+00 5.923E-02 5.860E-02
       1.000E+00 5.731E-04 5.646E-02 6.398E-04 0.000E+00 0.000E+00 5.767E-02 5.710E-02
       1.130E+00 4.492E-04 5.316E-02 4.932E-04 1.326E-05 0.000E+00 5.412E-02 5.367E-02
       1.250E+00 3.673E-04 5.053E-02 4.108E-04 8.581E-05 0.000E+00 5.139E-02 5.102E-02
       1.500E+00 2.553E-04 4.594E-02 2.957E-04 4.270E-04 0.000E+00 4.692E-02 4.666E-02
       1.750E+00 1.877E-04 4.224E-02 2.267E-04 9.534E-04 0.000E+00 4.361E-02 4.342E-02
       2.000E+00 1.437E-04 3.921E-02 1.818E-04 1.589E-03 0.000E+00 4.113E-02 4.098E-02
       2.250E+00 1.135E-04 3.667E-02 1.507E-04 2.269E-03 2.251E-07 3.921E-02 3.909E-02
       2.500E+00 9.199E-05 3.447E-02 1.282E-04 2.967E-03 1.870E-06 3.766E-02 3.757E-02
       2.750E+00 7.605E-05 3.255E-02 1.113E-04 3.664E-03 5.443E-06 3.641E-02 3.633E-02
       3.000E+00 6.392E-05 3.086E-02 9.812E-05 4.350E-03 1.081E-05 3.538E-02 3.532E-02
       3.500E+00 4.698E-05 2.803E-02 7.898E-05 5.667E-03 2.559E-05 3.385E-02 3.381E-02
       4.000E+00 3.597E-05 2.575E-02 6.585E-05 6.905E-03 4.408E-05 3.280E-02 3.276E-02
       4.500E+00 2.842E-05 2.385E-02 5.634E-05 8.066E-03 6.516E-05 3.206E-02 3.204E-02
       5.000E+00 2.302E-05 2.224E-02 4.916E-05 9.155E-03 8.784E-05 3.156E-02 3.153E-02
       5.500E+00 1.902E-05 2.086E-02 4.356E-05 1.018E-02 1.112E-04 3.121E-02 3.119E-02
       6.000E+00 1.599E-05 1.966E-02 3.907E-05 1.114E-02 1.348E-04 3.099E-02 3.097E-02
       6.500E+00 1.362E-05 1.861E-02 3.541E-05 1.206E-02 1.584E-04 3.087E-02 3.086E-02
       7.000E+00 1.175E-05 1.767E-02 3.236E-05 1.292E-02 1.816E-04 3.082E-02 3.081E-02
       7.500E+00 1.023E-05 1.684E-02 2.978E-05 1.374E-02 2.046E-04 3.082E-02 3.081E-02
       8.000E+00 8.991E-06 1.608E-02 2.758E-05 1.451E-02 2.271E-04 3.086E-02 3.085E-02
       8.500E+00 7.966E-06 1.540E-02 2.567E-05 1.525E-02 2.491E-04 3.094E-02 3.093E-02
       9.000E+00 7.107E-06 1.478E-02 2.401E-05 1.596E-02 2.705E-04 3.104E-02 3.103E-02
       9.500E+00 6.378E-06 1.422E-02 2.255E-05 1.663E-02 2.915E-04 3.117E-02 3.116E-02
       1.000E+01 5.756E-06 1.370E-02 2.125E-05 1.727E-02 3.119E-04 3.130E-02 3.130E-02