       1.000E-03 5.339E+00 6.186E-03 1.887E+03 0.000E+00 0.000E+00 1.892E+03 1.887E+03
       1.500E-03 5.036E+00 1.145E-02 5.470E+03 0.000E+00 0.000E+00 5.475E+03 5.470E+03
       2.000E-03 4.713E+00 1.665E-02 2.706E+03 0.000E+00 0.000E+00 2.711E+03 2.706E+03
       3.000E-03 4.104E+00 2.603E-02 9.571E+02 0.000E+00 0.000E+00 9.612E+02 9.571E+02
       4.000E-03 3.577E+00 3.422E-02 4.461E+02 0.000E+00 0.000E+00 4.497E+02 4.462E+02
       5.000E-03 3.123E+00 4.168E-02 2.441E+02 0.000E+00 0.000E+00 2.473E+02 2.441E+02
       6.000E-03 2.727E+00 4.857E-02 1.481E+02 0.000E+00 0.000E+00 1.509E+02 1.482E+02
       7.000E-03 2.385E+00 5.492E-02 9.663E+01 0.000E+00 0.000E+00 9.907E+01 9.669E+01
       8.000E-03 2.092E+00 6.078E-02 6.675E+01 0.000E+00 0.000E+00 6.890E+01 6.681E+01
       9.000E-03 1.843E+00 6.619E-02 4.798E+01 0.000E+00 0.000E+00 4.989E+01 4.805E+01
       1.000E-02 1.636E+00 7.115E-02 3.571E+01 0.000E+00 0.000E+00 3.742E+01 3.578E+01
       1.500E-02 9.878E-01 9.049E-02 9.040E+01 0.000E+00 0.000E+00 9.148E+01 9.049E+01
       2.000E-02 6.767E-01 1.027E-01 4.144E+01 0.000E+00 0.000E+00 4.222E+01 4.154E+01
       2.500E-02 4.972E-01 1.107E-01 2.231E+01 0.000E+00 0.000E+00 2.292E+01 2.242E+01
       3.000E-02 3.804E-01 1.161E-01 1.335E+01 0.000E+00 0.000E+00 1.385E+01 1.347E+01
       3.500E-02 2.992E-01 1.198E-01 8.595E+00 0.000E+00 0.000E+00 9.014E+00 8.714E+00
       4.000E-02 2.411E-01 1.223E-01 5.843E+00 0.000E+00 0.000E+00 6.206E+00 5.965E+00
       4.500E-02 1.984E-01 1.239E-01 4.146E+00 0.000E+00 0.000E+00 4.468E+00 4.270E+00
       5.000E-02 1.664E-01 1.248E-01 3.044E+00 0.000E+00 0.000E+00 3.335E+00 3.169E+00
       5.500E-02 1.417E-01 1.253E-01 2.297E+00 0.000E+00 0.000E+00 2.564E+00 2.423E+00
       6.000E-02 1.223E-01 1.254E-01 1.775E+00 0.000E+00 0.000E+00 2.023E+00 1.900E+00
       6.500E-02 1.068E-01 1.253E-01 1.399E+00 0.000E+00 0.000E+00 1.631E+00 1.524E+00
       7.000E-02 9.404E-02 1.249E-01 1.121E+00 0.000E+00 0.000E+00 1.340E+00 1.246E+00
       7.500E-02 8.351E-02 1.245E-01 9.121E-01 0.000E+00 0.000E+00 1.120E+00 1.037E+00
       8.000E-02 7.468E-02 1.239E-01 7.515E-01 0.000E+00 0.000E+00 9.501E-01 8.754E-01
       8.500E-02 6.719E-02 1.233E-01 6.262E-01 0.000E+00 0.000E+00 8.167E-01 7.495E-01
       9.000E-02 6.079E-02 1.226E-01 5.272E-01 0.000E+00 0.000E+00 7.105E-01 6.497E-01
       9.500E-02 5.526E-02 1.218E-01 4.478E-01 0.000E+00 0.000E+00 6.248E-01 5.696E-01
       1.000E-01 5.045E-02 1.210E-01 3.835E-01 0.000E+00 0.000E+00 5.550E-01 5.045E-01
       1.130E-01 4.051E-02 1.188E-01 2.650E-01 0.000E+00 0.000E+00 4.243E-01 3.838E-01
       1.250E-01 3.372E-02 1.168E-01 1.952E-01 0.000E+00 0.000E+00 3.457E-01 3.120E-01
       1.500E-01 2.408E-02 1.125E-01 1.125E-01 0.000E+00 0.000E+00 2.491E-01 2.250E-01
       1.750E-01 1.803E-02 1.085E-01 7.064E-02 0.000E+00 0.000E+00 1.972E-01 1.792E-01
       2.000E-01 1.400E-02 1.048E-01 4.732E-02 0.000E+00 0.000E+00 1.661E-01 1.521E-01
       2.250E-01 1.118E-02 1.013E-01 3.332E-02 0.000E+00 0.000E+00 1.458E-01 1.346E-01
       2.500E-01 9.141E-03 9.803E-02 2.442E-02 0.000E+00 0.000E+00 1.316E-01 1.224E-01
       2.750E-01 7.610E-03 9.506E-02 1.848E-02 0.000E+00 0.000E+00 1.211E-01 1.135E-01
       3.000E-01 6.433E-03 9.231E-02 1.437E-02 0.000E+00 0.000E+00 1.131E-01 1.067E-01
       3.500E-01 4.769E-03 8.742E-02 9.280E-03 0.000E+00 0.000E+00 1.015E-01 9.670E-02
       4.000E-01 3.675E-03 8.319E-02 6.412E-03 0.000E+00 0.000E+00 9.327E-02 8.960E-02
       4.500E-01 2.918E-03 7.948E-02 4.667E-03 0.000E+00 0.000E+00 8.707E-02 8.415E-02
       5.000E-01 2.372E-03 7.620E-02 3.541E-03 0.000E+00 0.000E+00 8.212E-02 7.974E-02
       5.500E-01 1.966E-03 7.327E-02 2.779E-03 0.000E+00 0.000E+00 7.802E-02 7.605E-02
       6.000E-01 1.655E-03 7.063E-02 2.238E-03 0.000E+00 0.000E+00 7.452E-02 7.287E-02
       6.500E-01 1.413E-03 6.823E-02 1.841E-03 0.000E+00 0.000E+00 7.149E-02 7.007E-02
       7.000E-01 1.220E-03 6.605E-02 1.543E-03 0.000E+00 0.000E+00 6.881E-02 6.759E-02
       7.500E-01 1.064E-03 6.403E-02 1.317E-03 0.000E+00 0.000E+00 6.642E-02 6.535E-02
       8.000E-01 9.364E-04 6.218E-02 1.144E-03 0.000E+00 0.000E+00 6.426E-02 6.332E-02
       8.500E-01 8.300E-04 6.046E-02 1.008E-03 0.000E+00 0.000E+00 6.230E-02 6.147E-02
       9.000E-01 7.408E-04 5.886E-02 8.961E-04 0.000E+00 0.000E+00 6.049E-02 5.975E-02
       9.500E-01 6.652E-04 5.736E-02 7.991E-04 0.000E+00 0.000E+00 5.882E-02 5.816E-02
       1.000E+00 6.006E-04 5.596E-02 7.120E-04 0.000E+00 0.000E+00 5.727E-02 5.667E-02
       1.130E+00 4.709E-04 5.270E-02 5.491E-04 1.379E-05 0.000E+00 5.373E-02 5.326E-02
       1.250E+00 3.851E-04 5.008E-02 4.572E-04 8.899E-05 0.000E+00 5.101E-02 5.062E-02
       1.500E+00 2.676E-04 4.553E-02 3.291E-04 4.412E-04 0.000E+00 4.657E-02 4.630E-02
       1.750E+00 1.967E-04 4.189E-02 2.520E-04 9.826E-04 0.000E+00 4.332E-02 4.313E-02
       2.000E+00 1.507E-04 3.887E-02 2.021E-04 1.635E-03 0.000E+00 4.086E-02 4.071E-02
       2.250E+00 1.192E-04 3.632E-02 1.676E-04 2.331E-03 2.229E-07 3.894E-02 3.882E-02
       2.500E+00 9.654E-05 3.415E-02 1.426E-04 3.045E-03 1.852E-06 3.743E-02 3.734E-02
       2.750E+00 7.977E-05 3.226E-02 1.237E-04 3.759E-03 5.392E-06 3.623E-02 3.615E-02
       3.000E+00 6.701E-05 3.060E-02 1.090E-04 4.460E-03 1.071E-05 3.524E-02 3.518E-02
       3.500E+00 4.924E-05 2.779E-02 8.768E-05 5.807E-03 2.537E-05 3.376E-02 3.371E-02
       4.000E+00 3.770E-05 2.552E-02 7.309E-05 7.071E-03 4.370E-05 3.275E-02 3.271E-02
       4.500E+00 2.979E-05 2.364E-02 6.252E-05 8.259E-03 6.456E-05 3.205E-02 3.202E-02
       5.000E+00 2.413E-05 2.204E-02 5.454E-05 9.372E-03 8.700E-05 3.158E-02 3.156E-02
       5.500E+00 1.995E-05 2.067E-02 4.832E-05 1.041E-02 1.102E-04 3.127E-02 3.125E-02
       6.000E+00 1.676E-05 1.948E-02 4.334E-05 1.140E-02 1.336E-04 3.107E-02 3.105E-02
       6.500E+00 1.428E-05 1.844E-02 3.926E-05 1.232E-02 1.569E-04 3.098E-02 3.096E-02
       7.000E+00 1.232E-05 1.752E-02 3.587E-05 1.320E-02 1.800E-04 3.095E-02 3.094E-02
       7.500E+00 1.073E-05 1.669E-02 3.301E-05 1.404E-02 2.027E-04 3.097E-02 3.096E-02
       8.000E+00 9.430E-06 1.594E-02 3.056E-05 1.483E-02 2.250E-04 3.104E-02 3.103E-02
       8.500E+00 8.352E-06 1.527E-02 2.845E-05 1.559E-02 2.468E-04 3.114E-02 3.113E-02
       9.000E+00 7.450E-06 1.466E-02 2.661E-05 1.631E-02 2.681E-04 3.126E-02 3.126E-02
       9.500E+00 6.686E-06 1.409E-02 2.498E-05 1.699E-02 2.888E-04 3.140E-02 3.140E-02
       1.000E+01 6.035E-06 1.358E-02 2.355E-05 1.764E-02 3.090E-04 3.156E-02 3.155E-02