       1.000E-03 5.509E+00 5.811E-03 2.116E+03 0.000E+00 0.000E+00 2.121E+03 2.116E+03
       1.500E-03 5.195E+00 1.090E-02 5.221E+03 0.000E+00 0.000E+00 5.226E+03 5.221E+03
       2.000E-03 4.853E+00 1.604E-02 2.927E+03 0.000E+00 0.000E+00 2.931E+03 2.927E+03
       3.000E-03 4.209E+00 2.561E-02 1.045E+03 0.000E+00 0.000E+00 1.049E+03 1.045E+03
       4.000E-03 3.665E+00 3.404E-02 4.884E+02 0.000E+00 0.000E+00 4.921E+02 4.884E+02
       5.000E-03 3.206E+00 4.152E-02 2.677E+02 0.000E+00 0.000E+00 2.709E+02 2.677E+02
       6.000E-03 2.812E+00 4.829E-02 1.628E+02 0.000E+00 0.000E+00 1.656E+02 1.628E+02
       7.000E-03 2.470E+00 5.451E-02 1.063E+02 0.000E+00 0.000E+00 1.088E+02 1.064E+02
       8.000E-03 2.176E+00 6.023E-02 7.349E+01 0.000E+00 0.000E+00 7.573E+01 7.355E+01
       9.000E-03 1.923E+00 6.551E-02 5.286E+01 0.000E+00 0.000E+00 5.485E+01 5.293E+01
       1.000E-02 1.710E+00 7.036E-02 3.937E+01 0.000E+00 0.000E+00 4.115E+01 3.944E+01
       1.500E-02 1.034E+00 8.938E-02 9.742E+01 0.000E+00 0.000E+00 9.854E+01 9.751E+01
       2.000E-02 7.069E-01 1.017E-01 4.484E+01 0.000E+00 0.000E+00 4.564E+01 4.494E+01
       2.500E-02 5.199E-01 1.098E-01 2.423E+01 0.000E+00 0.000E+00 2.486E+01 2.434E+01
       3.000E-02 3.984E-01 1.153E-01 1.454E+01 0.000E+00 0.000E+00 1.505E+01 1.466E+01
       3.500E-02 3.139E-01 1.190E-01 9.379E+00 0.000E+00 0.000E+00 9.812E+00 9.498E+00
       4.000E-02 2.532E-01 1.215E-01 6.386E+00 0.000E+00 0.000E+00 6.761E+00 6.508E+00
       4.500E-02 2.085E-01 1.232E-01 4.538E+00 0.000E+00 0.000E+00 4.869E+00 4.661E+00
       5.000E-02 1.748E-01 1.242E-01 3.336E+00 0.000E+00 0.000E+00 3.635E+00 3.460E+00
       5.500E-02 1.489E-01 1.247E-01 2.521E+00 0.000E+00 0.000E+00 2.795E+00 2.646E+00
       6.000E-02 1.284E-01 1.249E-01 1.950E+00 0.000E+00 0.000E+00 2.203E+00 2.075E+00
       6.500E-02 1.121E-01 1.248E-01 1.538E+00 0.000E+00 0.000E+00 1.775E+00 1.663E+00
       7.000E-02 9.872E-02 1.245E-01 1.234E+00 0.000E+00 0.000E+00 1.457E+00 1.358E+00
       7.500E-02 8.767E-02 1.241E-01 1.004E+00 0.000E+00 0.000E+00 1.216E+00 1.128E+00
       8.000E-02 7.841E-02 1.235E-01 8.279E-01 0.000E+00 0.000E+00 1.030E+00 9.514E-01
       8.500E-02 7.056E-02 1.229E-01 6.903E-01 0.000E+00 0.000E+00 8.838E-01 8.132E-01
       9.000E-02 6.384E-02 1.222E-01 5.814E-01 0.000E+00 0.000E+00 7.674E-01 7.036E-01
       9.500E-02 5.805E-02 1.214E-01 4.941E-01 0.000E+00 0.000E+00 6.736E-01 6.156E-01
       1.000E-01 5.300E-02 1.206E-01 4.234E-01 0.000E+00 0.000E+00 5.971E-01 5.441E-01
       1.130E-01 4.258E-02 1.185E-01 2.930E-01 0.000E+00 0.000E+00 4.540E-01 4.115E-01
       1.250E-01 3.545E-02 1.165E-01 2.161E-01 0.000E+00 0.000E+00 3.680E-01 3.325E-01
       1.500E-01 2.533E-02 1.123E-01 1.247E-01 0.000E+00 0.000E+00 2.623E-01 2.370E-01
       1.750E-01 1.898E-02 1.083E-01 7.838E-02 0.000E+00 0.000E+00 2.057E-01 1.867E-01
       2.000E-01 1.474E-02 1.046E-01 5.254E-02 0.000E+00 0.000E+00 1.719E-01 1.571E-01
       2.250E-01 1.178E-02 1.011E-01 3.702E-02 0.000E+00 0.000E+00 1.499E-01 1.381E-01
       2.500E-01 9.629E-03 9.789E-02 2.715E-02 0.000E+00 0.000E+00 1.347E-01 1.250E-01
       2.750E-01 8.017E-03 9.493E-02 2.056E-02 0.000E+00 0.000E+00 1.235E-01 1.155E-01
       3.000E-01 6.778E-03 9.219E-02 1.600E-02 0.000E+00 0.000E+00 1.150E-01 1.082E-01
       3.500E-01 5.027E-03 8.733E-02 1.034E-02 0.000E+00 0.000E+00 1.027E-01 9.767E-02
       4.000E-01 3.874E-03 8.311E-02 7.151E-03 0.000E+00 0.000E+00 9.414E-02 9.026E-02
       4.500E-01 3.076E-03 7.941E-02 5.208E-03 0.000E+00 0.000E+00 8.769E-02 8.462E-02
       5.000E-01 2.501E-03 7.614E-02 3.954E-03 0.000E+00 0.000E+00 8.259E-02 8.009E-02
       5.500E-01 2.073E-03 7.321E-02 3.104E-03 0.000E+00 0.000E+00 7.839E-02 7.632E-02
       6.000E-01 1.746E-03 7.058E-02 2.501E-03 0.000E+00 0.000E+00 7.483E-02 7.308E-02
       6.500E-01 1.490E-03 6.819E-02 2.057E-03 0.000E+00 0.000E+00 7.174E-02 7.025E-02
       7.000E-01 1.287E-03 6.600E-02 1.725E-03 0.000E+00 0.000E+00 6.901E-02 6.773E-02
       7.500E-01 1.122E-03 6.399E-02 1.473E-03 0.000E+00 0.000E+00 6.658E-02 6.546E-02
       8.000E-01 9.871E-04 6.213E-02 1.279E-03 0.000E+00 0.000E+00 6.440E-02 6.341E-02
       8.500E-01 8.751E-04 6.041E-02 1.127E-03 0.000E+00 0.000E+00 6.241E-02 6.154E-02
       9.000E-01 7.812E-04 5.881E-02 1.002E-03 0.000E+00 0.000E+00 6.059E-02 5.981E-02
       9.500E-01 7.016E-04 5.732E-02 8.931E-04 0.000E+00 0.000E+00 5.891E-02 5.821E-02
       1.000E+00 6.336E-04 5.592E-02 7.959E-04 0.000E+00 0.000E+00 5.735E-02 5.672E-02
       1.130E+00 4.968E-04 5.266E-02 6.140E-04 1.447E-05 0.000E+00 5.379E-02 5.329E-02
       1.250E+00 4.062E-04 5.004E-02 5.111E-04 9.308E-05 0.000E+00 5.105E-02 5.065E-02
       1.500E+00 2.824E-04 4.550E-02 3.677E-04 4.592E-04 0.000E+00 4.661E-02 4.633E-02
       1.750E+00 2.075E-04 4.185E-02 2.813E-04 1.021E-03 0.000E+00 4.336E-02 4.315E-02
       2.000E+00 1.590E-04 3.885E-02 2.257E-04 1.694E-03 0.000E+00 4.093E-02 4.077E-02
       2.250E+00 1.257E-04 3.632E-02 1.874E-04 2.411E-03 2.227E-07 3.904E-02 3.892E-02
       2.500E+00 1.018E-04 3.414E-02 1.593E-04 3.147E-03 1.851E-06 3.755E-02 3.745E-02
       2.750E+00 8.415E-05 3.224E-02 1.381E-04 3.883E-03 5.388E-06 3.636E-02 3.627E-02
       3.000E+00 7.071E-05 3.058E-02 1.216E-04 4.607E-03 1.070E-05 3.539E-02 3.532E-02
       3.500E+00 5.196E-05 2.777E-02 9.779E-05 5.994E-03 2.535E-05 3.394E-02 3.389E-02
       4.000E+00 3.979E-05 2.550E-02 8.150E-05 7.294E-03 4.367E-05 3.296E-02 3.292E-02
       4.500E+00 3.144E-05 2.362E-02 6.969E-05 8.517E-03 6.453E-05 3.231E-02 3.227E-02
       5.000E+00 2.546E-05 2.203E-02 6.077E-05 9.662E-03 8.697E-05 3.187E-02 3.184E-02
       5.500E+00 2.104E-05 2.066E-02 5.383E-05 1.073E-02 1.101E-04 3.158E-02 3.156E-02
       6.000E+00 1.768E-05 1.948E-02 4.827E-05 1.174E-02 1.335E-04 3.141E-02 3.139E-02
       6.500E+00 1.507E-05 1.843E-02 4.373E-05 1.269E-02 1.568E-04 3.134E-02 3.132E-02
       7.000E+00 1.300E-05 1.751E-02 3.995E-05 1.359E-02 1.799E-04 3.133E-02 3.132E-02
       7.500E+00 1.132E-05 1.668E-02 3.676E-05 1.445E-02 2.026E-04 3.138E-02 3.137E-02
       8.000E+00 9.951E-06 1.593E-02 3.403E-05 1.526E-02 2.248E-04 3.146E-02 3.145E-02
       8.500E+00 8.814E-06 1.526E-02 3.168E-05 1.604E-02 2.466E-04 3.159E-02 3.158E-02
       9.000E+00 7.861E-06 1.465E-02 2.962E-05 1.678E-02 2.679E-04 3.173E-02 3.173E-02
       9.500E+00 7.055E-06 1.408E-02 2.781E-05 1.749E-02 2.886E-04 3.190E-02 3.189E-02
       1.000E+01 6.368E-06 1.357E-02 2.620E-05 1.816E-02 3.088E-04 3.207E-02 3.206E-02