       1.000E-03 5.559E+00 5.391E-03 2.312E+03 0.000E+00 0.000E+00 2.317E+03 2.312E+03
       1.500E-03 5.246E+00 1.033E-02 5.330E+03 0.000E+00 0.000E+00 5.336E+03 5.330E+03
       2.000E-03 4.898E+00 1.544E-02 3.093E+03 0.000E+00 0.000E+00 3.098E+03 3.093E+03
       3.000E-03 4.234E+00 2.501E-02 1.112E+03 0.000E+00 0.000E+00 1.116E+03 1.112E+03
       4.000E-03 3.677E+00 3.341E-02 5.214E+02 0.000E+00 0.000E+00 5.252E+02 5.215E+02
       5.000E-03 3.218E+00 4.074E-02 2.864E+02 0.000E+00 0.000E+00 2.896E+02 2.864E+02
       6.000E-03 2.830E+00 4.727E-02 1.744E+02 0.000E+00 0.000E+00 1.773E+02 1.745E+02
       7.000E-03 2.496E+00 5.321E-02 1.140E+02 0.000E+00 0.000E+00 1.165E+02 1.140E+02
       8.000E-03 2.207E+00 5.864E-02 7.886E+01 0.000E+00 0.000E+00 8.113E+01 7.892E+01
       9.000E-03 1.958E+00 6.365E-02 5.678E+01 0.000E+00 0.000E+00 5.880E+01 5.684E+01
       1.000E-02 1.743E+00 6.829E-02 4.232E+01 0.000E+00 0.000E+00 4.413E+01 4.239E+01
       1.500E-02 1.056E+00 8.656E-02 1.021E+02 0.000E+00 0.000E+00 1.033E+02 1.022E+02
       2.000E-02 7.213E-01 9.854E-02 4.736E+01 0.000E+00 0.000E+00 4.818E+01 4.746E+01
       2.500E-02 5.305E-01 1.065E-01 2.568E+01 0.000E+00 0.000E+00 2.632E+01 2.579E+01
       3.000E-02 4.073E-01 1.119E-01 1.544E+01 0.000E+00 0.000E+00 1.596E+01 1.556E+01
       3.500E-02 3.215E-01 1.157E-01 9.979E+00 0.000E+00 0.000E+00 1.042E+01 1.010E+01
       4.000E-02 2.596E-01 1.182E-01 6.806E+00 0.000E+00 0.000E+00 7.184E+00 6.924E+00
       4.500E-02 2.139E-01 1.199E-01 4.843E+00 0.000E+00 0.000E+00 5.176E+00 4.963E+00
       5.000E-02 1.794E-01 1.209E-01 3.564E+00 0.000E+00 0.000E+00 3.864E+00 3.685E+00
       5.500E-02 1.528E-01 1.214E-01 2.696E+00 0.000E+00 0.000E+00 2.971E+00 2.818E+00
       6.000E-02 1.318E-01 1.216E-01 2.087E+00 0.000E+00 0.000E+00 2.341E+00 2.209E+00
       6.500E-02 1.150E-01 1.216E-01 1.648E+00 0.000E+00 0.000E+00 1.885E+00 1.770E+00
       7.000E-02 1.012E-01 1.213E-01 1.323E+00 0.000E+00 0.000E+00 1.546E+00 1.445E+00
       7.500E-02 8.989E-02 1.209E-01 1.078E+00 0.000E+00 0.000E+00 1.289E+00 1.199E+00
       8.000E-02 8.039E-02 1.204E-01 8.893E-01 0.000E+00 0.000E+00 1.090E+00 1.010E+00
       8.500E-02 7.235E-02 1.198E-01 7.420E-01 0.000E+00 0.000E+00 9.341E-01 8.618E-01
       9.000E-02 6.547E-02 1.191E-01 6.253E-01 0.000E+00 0.000E+00 8.099E-01 7.444E-01
       9.500E-02 5.954E-02 1.184E-01 5.317E-01 0.000E+00 0.000E+00 7.096E-01 6.501E-01
       1.000E-01 5.438E-02 1.177E-01 4.558E-01 0.000E+00 0.000E+00 6.278E-01 5.735E-01
       1.130E-01 4.371E-02 1.156E-01 3.156E-01 0.000E+00 0.000E+00 4.749E-01 4.312E-01
       1.250E-01 3.641E-02 1.137E-01 2.329E-01 0.000E+00 0.000E+00 3.830E-01 3.466E-01
       1.500E-01 2.603E-02 1.097E-01 1.345E-01 0.000E+00 0.000E+00 2.702E-01 2.442E-01
       1.750E-01 1.951E-02 1.058E-01 8.472E-02 0.000E+00 0.000E+00 2.100E-01 1.905E-01
       2.000E-01 1.516E-02 1.021E-01 5.688E-02 0.000E+00 0.000E+00 1.742E-01 1.590E-01
       2.250E-01 1.212E-02 9.874E-02 4.013E-02 0.000E+00 0.000E+00 1.510E-01 1.389E-01
       2.500E-01 9.907E-03 9.561E-02 2.945E-02 0.000E+00 0.000E+00 1.350E-01 1.251E-01
       2.750E-01 8.249E-03 9.273E-02 2.232E-02 0.000E+00 0.000E+00 1.233E-01 1.150E-01
       3.000E-01 6.974E-03 9.007E-02 1.737E-02 0.000E+00 0.000E+00 1.144E-01 1.074E-01
       3.500E-01 5.172E-03 8.534E-02 1.123E-02 0.000E+00 0.000E+00 1.017E-01 9.657E-02
       4.000E-01 3.987E-03 8.123E-02 7.772E-03 0.000E+00 0.000E+00 9.298E-02 8.900E-02
       4.500E-01 3.167E-03 7.761E-02 5.664E-03 0.000E+00 0.000E+00 8.644E-02 8.328E-02
       5.000E-01 2.575E-03 7.441E-02 4.302E-03 0.000E+00 0.000E+00 8.129E-02 7.872E-02
       5.500E-01 2.134E-03 7.156E-02 3.378E-03 0.000E+00 0.000E+00 7.707E-02 7.494E-02
       6.000E-01 1.798E-03 6.898E-02 2.721E-03 0.000E+00 0.000E+00 7.350E-02 7.171E-02
       6.500E-01 1.535E-03 6.664E-02 2.239E-03 0.000E+00 0.000E+00 7.042E-02 6.888E-02
       7.000E-01 1.326E-03 6.450E-02 1.878E-03 0.000E+00 0.000E+00 6.771E-02 6.638E-02
       7.500E-01 1.156E-03 6.254E-02 1.604E-03 0.000E+00 0.000E+00 6.530E-02 6.414E-02
       8.000E-01 1.017E-03 6.073E-02 1.393E-03 0.000E+00 0.000E+00 6.314E-02 6.213E-02
       8.500E-01 9.019E-04 5.906E-02 1.227E-03 0.000E+00 0.000E+00 6.119E-02 6.029E-02
       9.000E-01 8.049E-04 5.750E-02 1.090E-03 0.000E+00 0.000E+00 5.940E-02 5.859E-02
       9.500E-01 7.228E-04 5.604E-02 9.725E-04 0.000E+00 0.000E+00 5.774E-02 5.701E-02
       1.000E+00 6.527E-04 5.467E-02 8.672E-04 0.000E+00 0.000E+00 5.619E-02 5.554E-02
       1.130E+00 5.119E-04 5.147E-02 6.694E-04 1.481E-05 0.000E+00 5.267E-02 5.215E-02
       1.250E+00 4.186E-04 4.892E-02 5.568E-04 9.503E-05 0.000E+00 4.999E-02 4.957E-02
       1.500E+00 2.910E-04 4.448E-02 4.006E-04 4.672E-04 0.000E+00 4.564E-02 4.535E-02
       1.750E+00 2.138E-04 4.091E-02 3.065E-04 1.035E-03 0.000E+00 4.247E-02 4.225E-02
       2.000E+00 1.638E-04 3.797E-02 2.457E-04 1.716E-03 0.000E+00 4.010E-02 3.994E-02
       2.250E+00 1.296E-04 3.550E-02 2.038E-04 2.440E-03 2.176E-07 3.827E-02 3.814E-02
       2.500E+00 1.050E-04 3.337E-02 1.733E-04 3.182E-03 1.809E-06 3.683E-02 3.673E-02
       2.750E+00 8.673E-05 3.152E-02 1.502E-04 3.924E-03 5.266E-06 3.568E-02 3.560E-02
       3.000E+00 7.286E-05 2.989E-02 1.322E-04 4.652E-03 1.046E-05 3.476E-02 3.468E-02
       3.500E+00 5.353E-05 2.716E-02 1.063E-04 6.047E-03 2.477E-05 3.339E-02 3.333E-02
       4.000E+00 4.099E-05 2.494E-02 8.855E-05 7.355E-03 4.269E-05 3.247E-02 3.243E-02
       4.500E+00 3.240E-05 2.310E-02 7.571E-05 8.583E-03 6.309E-05 3.185E-02 3.182E-02
       5.000E+00 2.624E-05 2.154E-02 6.602E-05 9.732E-03 8.504E-05 3.145E-02 3.142E-02
       5.500E+00 2.168E-05 2.020E-02 5.846E-05 1.080E-02 1.077E-04 3.119E-02 3.117E-02
       6.000E+00 1.822E-05 1.904E-02 5.241E-05 1.181E-02 1.305E-04 3.105E-02 3.103E-02
       6.500E+00 1.553E-05 1.802E-02 4.747E-05 1.277E-02 1.533E-04 3.101E-02 3.099E-02
       7.000E+00 1.339E-05 1.711E-02 4.337E-05 1.368E-02 1.758E-04 3.103E-02 3.102E-02
       7.500E+00 1.166E-05 1.630E-02 3.990E-05 1.454E-02 1.980E-04 3.109E-02 3.108E-02
       8.000E+00 1.025E-05 1.557E-02 3.694E-05 1.535E-02 2.197E-04 3.119E-02 3.118E-02
       8.500E+00 9.080E-06 1.491E-02 3.437E-05 1.613E-02 2.410E-04 3.133E-02 3.132E-02
       9.000E+00 8.100E-06 1.432E-02 3.214E-05 1.688E-02 2.618E-04 3.150E-02 3.149E-02
       9.500E+00 7.270E-06 1.377E-02 3.017E-05 1.758E-02 2.821E-04 3.167E-02 3.166E-02
       1.000E+01 6.561E-06 1.326E-02 2.843E-05 1.826E-02 3.018E-04 3.186E-02 3.185E-02