       1.000E-03 5.833E+00 5.173E-03 2.618E+03 0.000E+00 0.000E+00 2.624E+03 2.618E+03
       1.500E-03 5.512E+00 1.008E-02 9.964E+02 0.000E+00 0.000E+00 1.002E+03 9.964E+02
       2.000E-03 5.148E+00 1.528E-02 3.402E+03 0.000E+00 0.000E+00 3.407E+03 3.402E+03
       3.000E-03 4.439E+00 2.517E-02 1.226E+03 0.000E+00 0.000E+00 1.231E+03 1.226E+03
       4.000E-03 3.844E+00 3.392E-02 5.776E+02 0.000E+00 0.000E+00 5.815E+02 5.776E+02
       5.000E-03 3.361E+00 4.149E-02 3.179E+02 0.000E+00 0.000E+00 3.213E+02 3.179E+02
       6.000E-03 2.960E+00 4.811E-02 1.938E+02 0.000E+00 0.000E+00 1.969E+02 1.939E+02
       7.000E-03 2.618E+00 5.406E-02 1.269E+02 0.000E+00 0.000E+00 1.295E+02 1.269E+02
       8.000E-03 2.323E+00 5.948E-02 8.788E+01 0.000E+00 0.000E+00 9.026E+01 8.794E+01
       9.000E-03 2.068E+00 6.446E-02 6.330E+01 0.000E+00 0.000E+00 6.543E+01 6.337E+01
       1.000E-02 1.846E+00 6.906E-02 4.720E+01 0.000E+00 0.000E+00 4.912E+01 4.727E+01
       1.500E-02 1.122E+00 8.728E-02 1.106E+02 0.000E+00 0.000E+00 1.118E+02 1.107E+02
       2.000E-02 7.650E-01 9.941E-02 5.179E+01 0.000E+00 0.000E+00 5.266E+01 5.189E+01
       2.500E-02 5.626E-01 1.075E-01 2.821E+01 0.000E+00 0.000E+00 2.888E+01 2.832E+01
       3.000E-02 4.326E-01 1.131E-01 1.699E+01 0.000E+00 0.000E+00 1.753E+01 1.710E+01
       3.500E-02 3.421E-01 1.169E-01 1.098E+01 0.000E+00 0.000E+00 1.144E+01 1.110E+01
       4.000E-02 2.766E-01 1.196E-01 7.504E+00 0.000E+00 0.000E+00 7.901E+00 7.624E+00
       4.500E-02 2.280E-01 1.214E-01 5.354E+00 0.000E+00 0.000E+00 5.704E+00 5.476E+00
       5.000E-02 1.912E-01 1.225E-01 3.950E+00 0.000E+00 0.000E+00 4.264E+00 4.072E+00
       5.500E-02 1.628E-01 1.231E-01 2.992E+00 0.000E+00 0.000E+00 3.278E+00 3.115E+00
       6.000E-02 1.405E-01 1.233E-01 2.318E+00 0.000E+00 0.000E+00 2.582E+00 2.442E+00
       6.500E-02 1.225E-01 1.233E-01 1.832E+00 0.000E+00 0.000E+00 2.077E+00 1.955E+00
       7.000E-02 1.079E-01 1.230E-01 1.472E+00 0.000E+00 0.000E+00 1.703E+00 1.595E+00
       7.500E-02 9.582E-02 1.227E-01 1.200E+00 0.000E+00 0.000E+00 1.418E+00 1.322E+00
       8.000E-02 8.569E-02 1.222E-01 9.903E-01 0.000E+00 0.000E+00 1.198E+00 1.112E+00
       8.500E-02 7.712E-02 1.216E-01 8.267E-01 0.000E+00 0.000E+00 1.025E+00 9.483E-01
       9.000E-02 6.979E-02 1.209E-01 6.971E-01 0.000E+00 0.000E+00 8.878E-01 8.180E-01
       9.500E-02 6.347E-02 1.202E-01 5.931E-01 0.000E+00 0.000E+00 7.767E-01 7.133E-01
       1.000E-01 5.797E-02 1.195E-01 5.087E-01 0.000E+00 0.000E+00 6.861E-01 6.281E-01
       1.130E-01 4.661E-02 1.174E-01 3.526E-01 0.000E+00 0.000E+00 5.166E-01 4.700E-01
       1.250E-01 3.883E-02 1.155E-01 2.605E-01 0.000E+00 0.000E+00 4.148E-01 3.759E-01
       1.500E-01 2.779E-02 1.114E-01 1.507E-01 0.000E+00 0.000E+00 2.899E-01 2.621E-01
       1.750E-01 2.084E-02 1.075E-01 9.503E-02 0.000E+00 0.000E+00 2.233E-01 2.025E-01
       2.000E-01 1.620E-02 1.038E-01 6.385E-02 0.000E+00 0.000E+00 1.838E-01 1.676E-01
       2.250E-01 1.295E-02 1.004E-01 4.508E-02 0.000E+00 0.000E+00 1.584E-01 1.454E-01
       2.500E-01 1.059E-02 9.718E-02 3.310E-02 0.000E+00 0.000E+00 1.409E-01 1.303E-01
       2.750E-01 8.818E-03 9.426E-02 2.511E-02 0.000E+00 0.000E+00 1.282E-01 1.194E-01
       3.000E-01 7.456E-03 9.157E-02 1.956E-02 0.000E+00 0.000E+00 1.186E-01 1.111E-01
       3.500E-01 5.531E-03 8.677E-02 1.266E-02 0.000E+00 0.000E+00 1.050E-01 9.943E-02
       4.000E-01 4.265E-03 8.260E-02 8.765E-03 0.000E+00 0.000E+00 9.563E-02 9.137E-02
       4.500E-01 3.387E-03 7.892E-02 6.390E-03 0.000E+00 0.000E+00 8.870E-02 8.531E-02
       5.000E-01 2.755E-03 7.567E-02 4.854E-03 0.000E+00 0.000E+00 8.328E-02 8.052E-02
       5.500E-01 2.284E-03 7.277E-02 3.813E-03 0.000E+00 0.000E+00 7.887E-02 7.658E-02
       6.000E-01 1.923E-03 7.016E-02 3.073E-03 0.000E+00 0.000E+00 7.516E-02 7.323E-02
       6.500E-01 1.642E-03 6.778E-02 2.529E-03 0.000E+00 0.000E+00 7.195E-02 7.031E-02
       7.000E-01 1.418E-03 6.561E-02 2.122E-03 0.000E+00 0.000E+00 6.915E-02 6.773E-02
       7.500E-01 1.237E-03 6.361E-02 1.812E-03 0.000E+00 0.000E+00 6.666E-02 6.542E-02
       8.000E-01 1.088E-03 6.177E-02 1.574E-03 0.000E+00 0.000E+00 6.443E-02 6.334E-02
       8.500E-01 9.650E-04 6.007E-02 1.386E-03 0.000E+00 0.000E+00 6.242E-02 6.145E-02
       9.000E-01 8.615E-04 5.848E-02 1.232E-03 0.000E+00 0.000E+00 6.058E-02 5.972E-02
       9.500E-01 7.738E-04 5.700E-02 1.099E-03 0.000E+00 0.000E+00 5.887E-02 5.810E-02
       1.000E+00 6.987E-04 5.561E-02 9.798E-04 0.000E+00 0.000E+00 5.728E-02 5.659E-02
       1.130E+00 5.478E-04 5.236E-02 7.565E-04 1.577E-05 0.000E+00 5.368E-02 5.313E-02
       1.250E+00 4.481E-04 4.976E-02 6.292E-04 1.009E-04 0.000E+00 5.094E-02 5.049E-02
       1.500E+00 3.115E-04 4.524E-02 4.524E-04 4.942E-04 0.000E+00 4.650E-02 4.619E-02
       1.750E+00 2.290E-04 4.162E-02 3.461E-04 1.092E-03 0.000E+00 4.329E-02 4.306E-02
       2.000E+00 1.754E-04 3.863E-02 2.774E-04 1.807E-03 0.000E+00 4.089E-02 4.072E-02
       2.250E+00 1.386E-04 3.611E-02 2.300E-04 2.569E-03 2.216E-07 3.905E-02 3.891E-02
       2.500E+00 1.123E-04 3.394E-02 1.955E-04 3.347E-03 1.841E-06 3.760E-02 3.749E-02
       2.750E+00 9.282E-05 3.206E-02 1.694E-04 4.122E-03 5.360E-06 3.645E-02 3.635E-02
       3.000E+00 7.800E-05 3.040E-02 1.492E-04 4.883E-03 1.064E-05 3.552E-02 3.545E-02
       3.500E+00 5.732E-05 2.762E-02 1.199E-04 6.342E-03 2.521E-05 3.417E-02 3.411E-02
       4.000E+00 4.389E-05 2.537E-02 9.986E-05 7.710E-03 4.342E-05 3.327E-02 3.322E-02
       4.500E+00 3.469E-05 2.350E-02 8.533E-05 8.991E-03 6.415E-05 3.267E-02 3.264E-02
       5.000E+00 2.810E-05 2.191E-02 7.437E-05 1.019E-02 8.645E-05 3.229E-02 3.226E-02
       5.500E+00 2.322E-05 2.054E-02 6.584E-05 1.131E-02 1.095E-04 3.206E-02 3.203E-02
       6.000E+00 1.951E-05 1.936E-02 5.903E-05 1.237E-02 1.327E-04 3.194E-02 3.192E-02
       6.500E+00 1.663E-05 1.833E-02 5.346E-05 1.337E-02 1.559E-04 3.192E-02 3.190E-02
       7.000E+00 1.433E-05 1.741E-02 4.882E-05 1.431E-02 1.788E-04 3.196E-02 3.195E-02
       7.500E+00 1.249E-05 1.659E-02 4.491E-05 1.521E-02 2.014E-04 3.205E-02 3.204E-02
       8.000E+00 1.097E-05 1.584E-02 4.157E-05 1.606E-02 2.235E-04 3.218E-02 3.217E-02
       8.500E+00 9.723E-06 1.517E-02 3.869E-05 1.687E-02 2.452E-04 3.234E-02 3.233E-02
       9.000E+00 8.675E-06 1.456E-02 3.617E-05 1.764E-02 2.663E-04 3.252E-02 3.251E-02
       9.500E+00 7.785E-06 1.400E-02 3.396E-05 1.838E-02 2.869E-04 3.271E-02 3.271E-02
       1.000E+01 7.025E-06 1.349E-02 3.199E-05 1.909E-02 3.070E-04 3.293E-02 3.292E-02