       1.000E-03 5.898E+00 4.757E-03 2.848E+03 0.000E+00 0.000E+00 2.854E+03 2.848E+03
       1.500E-03 5.581E+00 9.371E-03 1.087E+03 0.000E+00 0.000E+00 1.093E+03 1.087E+03
       2.000E-03 5.217E+00 1.434E-02 3.595E+03 0.000E+00 0.000E+00 3.600E+03 3.595E+03
       3.000E-03 4.494E+00 2.396E-02 1.301E+03 0.000E+00 0.000E+00 1.305E+03 1.301E+03
       4.000E-03 3.880E+00 3.268E-02 6.148E+02 0.000E+00 0.000E+00 6.187E+02 6.148E+02
       5.000E-03 3.386E+00 4.032E-02 3.391E+02 0.000E+00 0.000E+00 3.425E+02 3.392E+02
       6.000E-03 2.982E+00 4.694E-02 2.071E+02 0.000E+00 0.000E+00 2.101E+02 2.072E+02
       7.000E-03 2.643E+00 5.279E-02 1.357E+02 0.000E+00 0.000E+00 1.384E+02 1.357E+02
       8.000E-03 2.352E+00 5.805E-02 9.407E+01 0.000E+00 0.000E+00 9.648E+01 9.413E+01
       9.000E-03 2.100E+00 6.286E-02 6.783E+01 0.000E+00 0.000E+00 6.999E+01 6.789E+01
       1.000E-02 1.879E+00 6.729E-02 5.062E+01 0.000E+00 0.000E+00 5.257E+01 5.069E+01
       1.500E-02 1.148E+00 8.487E-02 1.156E+02 0.000E+00 0.000E+00 1.168E+02 1.156E+02
       2.000E-02 7.812E-01 9.673E-02 5.460E+01 0.000E+00 0.000E+00 5.548E+01 5.470E+01
       2.500E-02 5.744E-01 1.047E-01 2.982E+01 0.000E+00 0.000E+00 3.050E+01 2.992E+01
       3.000E-02 4.422E-01 1.102E-01 1.798E+01 0.000E+00 0.000E+00 1.853E+01 1.809E+01
       3.500E-02 3.503E-01 1.140E-01 1.167E+01 0.000E+00 0.000E+00 1.213E+01 1.178E+01
       4.000E-02 2.836E-01 1.166E-01 7.991E+00 0.000E+00 0.000E+00 8.391E+00 8.108E+00
       4.500E-02 2.340E-01 1.184E-01 5.703E+00 0.000E+00 0.000E+00 6.055E+00 5.821E+00
       5.000E-02 1.963E-01 1.196E-01 4.207E+00 0.000E+00 0.000E+00 4.523E+00 4.326E+00
       5.500E-02 1.671E-01 1.202E-01 3.190E+00 0.000E+00 0.000E+00 3.477E+00 3.310E+00
       6.000E-02 1.442E-01 1.205E-01 2.474E+00 0.000E+00 0.000E+00 2.739E+00 2.595E+00
       6.500E-02 1.257E-01 1.205E-01 1.957E+00 0.000E+00 0.000E+00 2.203E+00 2.077E+00
       7.000E-02 1.107E-01 1.203E-01 1.573E+00 0.000E+00 0.000E+00 1.804E+00 1.694E+00
       7.500E-02 9.835E-02 1.200E-01 1.283E+00 0.000E+00 0.000E+00 1.502E+00 1.403E+00
       8.000E-02 8.796E-02 1.195E-01 1.060E+00 0.000E+00 0.000E+00 1.267E+00 1.179E+00
       8.500E-02 7.916E-02 1.189E-01 8.854E-01 0.000E+00 0.000E+00 1.084E+00 1.004E+00
       9.000E-02 7.164E-02 1.183E-01 7.470E-01 0.000E+00 0.000E+00 9.370E-01 8.653E-01
       9.500E-02 6.515E-02 1.176E-01 6.359E-01 0.000E+00 0.000E+00 8.187E-01 7.535E-01
       1.000E-01 5.951E-02 1.169E-01 5.457E-01 0.000E+00 0.000E+00 7.221E-01 6.626E-01
       1.130E-01 4.786E-02 1.149E-01 3.787E-01 0.000E+00 0.000E+00 5.415E-01 4.936E-01
       1.250E-01 3.989E-02 1.130E-01 2.800E-01 0.000E+00 0.000E+00 4.329E-01 3.930E-01
       1.500E-01 2.857E-02 1.090E-01 1.623E-01 0.000E+00 0.000E+00 2.998E-01 2.713E-01
       1.750E-01 2.143E-02 1.052E-01 1.024E-01 0.000E+00 0.000E+00 2.290E-01 2.076E-01
       2.000E-01 1.667E-02 1.016E-01 6.888E-02 0.000E+00 0.000E+00 1.872E-01 1.705E-01
       2.250E-01 1.333E-02 9.830E-02 4.867E-02 0.000E+00 0.000E+00 1.603E-01 1.470E-01
       2.500E-01 1.090E-02 9.523E-02 3.577E-02 0.000E+00 0.000E+00 1.419E-01 1.310E-01
       2.750E-01 9.076E-03 9.239E-02 2.715E-02 0.000E+00 0.000E+00 1.286E-01 1.195E-01
       3.000E-01 7.675E-03 8.976E-02 2.116E-02 0.000E+00 0.000E+00 1.186E-01 1.109E-01
       3.500E-01 5.695E-03 8.502E-02 1.370E-02 0.000E+00 0.000E+00 1.044E-01 9.873E-02
       4.000E-01 4.392E-03 8.092E-02 9.493E-03 0.000E+00 0.000E+00 9.480E-02 9.041E-02
       4.500E-01 3.489E-03 7.733E-02 6.926E-03 0.000E+00 0.000E+00 8.775E-02 8.426E-02
       5.000E-01 2.838E-03 7.416E-02 5.265E-03 0.000E+00 0.000E+00 8.227E-02 7.943E-02
       5.500E-01 2.353E-03 7.134E-02 4.137E-03 0.000E+00 0.000E+00 7.783E-02 7.547E-02
       6.000E-01 1.982E-03 6.879E-02 3.335E-03 0.000E+00 0.000E+00 7.410E-02 7.212E-02
       6.500E-01 1.692E-03 6.646E-02 2.746E-03 0.000E+00 0.000E+00 7.090E-02 6.921E-02
       7.000E-01 1.462E-03 6.433E-02 2.304E-03 0.000E+00 0.000E+00 6.810E-02 6.664E-02
       7.500E-01 1.275E-03 6.238E-02 1.968E-03 0.000E+00 0.000E+00 6.562E-02 6.435E-02
       8.000E-01 1.122E-03 6.057E-02 1.709E-03 0.000E+00 0.000E+00 6.340E-02 6.228E-02
       8.500E-01 9.946E-04 5.890E-02 1.505E-03 0.000E+00 0.000E+00 6.140E-02 6.041E-02
       9.000E-01 8.878E-04 5.735E-02 1.336E-03 0.000E+00 0.000E+00 5.957E-02 5.868E-02
       9.500E-01 7.973E-04 5.589E-02 1.192E-03 0.000E+00 0.000E+00 5.788E-02 5.709E-02
       1.000E+00 7.201E-04 5.453E-02 1.064E-03 0.000E+00 0.000E+00 5.631E-02 5.559E-02
       1.130E+00 5.647E-04 5.134E-02 8.223E-04 1.618E-05 0.000E+00 5.275E-02 5.218E-02
       1.250E+00 4.618E-04 4.880E-02 6.833E-04 1.033E-04 0.000E+00 5.004E-02 4.958E-02
       1.500E+00 3.210E-04 4.438E-02 4.913E-04 5.036E-04 0.000E+00 4.569E-02 4.537E-02
       1.750E+00 2.360E-04 4.083E-02 3.757E-04 1.110E-03 0.000E+00 4.255E-02 4.231E-02
       2.000E+00 1.808E-04 3.789E-02 3.010E-04 1.834E-03 0.000E+00 4.020E-02 4.002E-02
       2.250E+00 1.429E-04 3.540E-02 2.495E-04 2.602E-03 2.172E-07 3.840E-02 3.826E-02
       2.500E+00 1.158E-04 3.328E-02 2.120E-04 3.388E-03 1.805E-06 3.700E-02 3.688E-02
       2.750E+00 9.569E-05 3.144E-02 1.838E-04 4.170E-03 5.255E-06 3.589E-02 3.580E-02
       3.000E+00 8.041E-05 2.982E-02 1.618E-04 4.938E-03 1.043E-05 3.501E-02 3.493E-02
       3.500E+00 5.909E-05 2.709E-02 1.299E-04 6.407E-03 2.472E-05 3.371E-02 3.365E-02
       4.000E+00 4.525E-05 2.488E-02 1.082E-04 7.783E-03 4.259E-05 3.286E-02 3.281E-02
       4.500E+00 3.575E-05 2.304E-02 9.243E-05 9.075E-03 6.293E-05 3.231E-02 3.227E-02
       5.000E+00 2.896E-05 2.149E-02 8.056E-05 1.028E-02 8.480E-05 3.197E-02 3.194E-02
       5.500E+00 2.394E-05 2.015E-02 7.130E-05 1.141E-02 1.074E-04 3.177E-02 3.174E-02
       6.000E+00 2.011E-05 1.899E-02 6.389E-05 1.247E-02 1.301E-04 3.168E-02 3.166E-02
       6.500E+00 1.714E-05 1.797E-02 5.785E-05 1.347E-02 1.529E-04 3.167E-02 3.166E-02
       7.000E+00 1.478E-05 1.707E-02 5.283E-05 1.442E-02 1.753E-04 3.173E-02 3.172E-02
       7.500E+00 1.287E-05 1.626E-02 4.860E-05 1.532E-02 1.975E-04 3.184E-02 3.183E-02
       8.000E+00 1.131E-05 1.554E-02 4.498E-05 1.618E-02 2.192E-04 3.199E-02 3.198E-02
       8.500E+00 1.002E-05 1.488E-02 4.185E-05 1.700E-02 2.404E-04 3.217E-02 3.216E-02
       9.000E+00 8.940E-06 1.428E-02 3.912E-05 1.778E-02 2.611E-04 3.237E-02 3.236E-02
       9.500E+00 8.026E-06 1.373E-02 3.673E-05 1.852E-02 2.813E-04 3.258E-02 3.257E-02
       1.000E+01 7.244E-06 1.323E-02 3.460E-05 1.923E-02 3.010E-04 3.280E-02 3.280E-02