       1.000E-03 5.996E+00 6.965E-03 3.168E+03 0.000E+00 0.000E+00 3.174E+03 3.168E+03
       1.500E-03 5.652E+00 1.149E-02 1.213E+03 0.000E+00 0.000E+00 1.219E+03 1.213E+03
       2.000E-03 5.296E+00 1.614E-02 3.405E+03 0.000E+00 0.000E+00 3.410E+03 3.405E+03
       3.000E-03 4.599E+00 2.523E-02 1.413E+03 0.000E+00 0.000E+00 1.418E+03 1.413E+03
       4.000E-03 3.985E+00 3.360E-02 6.708E+02 0.000E+00 0.000E+00 6.748E+02 6.708E+02
       5.000E-03 3.481E+00 4.111E-02 3.709E+02 0.000E+00 0.000E+00 3.744E+02 3.709E+02
       6.000E-03 3.069E+00 4.770E-02 2.269E+02 0.000E+00 0.000E+00 2.300E+02 2.269E+02
       7.000E-03 2.725E+00 5.350E-02 1.488E+02 0.000E+00 0.000E+00 1.516E+02 1.489E+02
       8.000E-03 2.431E+00 5.869E-02 1.033E+02 0.000E+00 0.000E+00 1.058E+02 1.034E+02
       9.000E-03 2.176E+00 6.341E-02 7.452E+01 0.000E+00 0.000E+00 7.676E+01 7.458E+01
       1.000E-02 1.954E+00 6.775E-02 5.564E+01 0.000E+00 0.000E+00 5.766E+01 5.571E+01
       1.500E-02 1.202E+00 8.505E-02 1.781E+01 0.000E+00 0.000E+00 1.909E+01 1.789E+01
       2.000E-02 8.173E-01 9.681E-02 5.888E+01 0.000E+00 0.000E+00 5.980E+01 5.898E+01
       2.500E-02 6.009E-01 1.048E-01 3.230E+01 0.000E+00 0.000E+00 3.300E+01 3.240E+01
       3.000E-02 4.630E-01 1.104E-01 1.951E+01 0.000E+00 0.000E+00 2.008E+01 1.962E+01
       3.500E-02 3.673E-01 1.143E-01 1.268E+01 0.000E+00 0.000E+00 1.316E+01 1.279E+01
       4.000E-02 2.979E-01 1.170E-01 8.695E+00 0.000E+00 0.000E+00 9.110E+00 8.812E+00
       4.500E-02 2.460E-01 1.188E-01 6.216E+00 0.000E+00 0.000E+00 6.580E+00 6.334E+00
       5.000E-02 2.065E-01 1.200E-01 4.592E+00 0.000E+00 0.000E+00 4.918E+00 4.712E+00
       5.500E-02 1.758E-01 1.207E-01 3.485E+00 0.000E+00 0.000E+00 3.782E+00 3.606E+00
       6.000E-02 1.517E-01 1.211E-01 2.706E+00 0.000E+00 0.000E+00 2.978E+00 2.827E+00
       6.500E-02 1.323E-01 1.211E-01 2.141E+00 0.000E+00 0.000E+00 2.395E+00 2.263E+00
       7.000E-02 1.165E-01 1.209E-01 1.723E+00 0.000E+00 0.000E+00 1.961E+00 1.844E+00
       7.500E-02 1.035E-01 1.206E-01 1.406E+00 0.000E+00 0.000E+00 1.631E+00 1.527E+00
       8.000E-02 9.252E-02 1.201E-01 1.163E+00 0.000E+00 0.000E+00 1.375E+00 1.283E+00
       8.500E-02 8.326E-02 1.196E-01 9.717E-01 0.000E+00 0.000E+00 1.175E+00 1.091E+00
       9.000E-02 7.535E-02 1.190E-01 8.203E-01 0.000E+00 0.000E+00 1.015E+00 9.393E-01
       9.500E-02 6.853E-02 1.183E-01 6.986E-01 0.000E+00 0.000E+00 8.854E-01 8.169E-01
       1.000E-01 6.260E-02 1.176E-01 5.998E-01 0.000E+00 0.000E+00 7.800E-01 7.174E-01
       1.130E-01 5.037E-02 1.156E-01 4.167E-01 0.000E+00 0.000E+00 5.827E-01 5.323E-01
       1.250E-01 4.200E-02 1.137E-01 3.083E-01 0.000E+00 0.000E+00 4.641E-01 4.220E-01
       1.500E-01 3.010E-02 1.097E-01 1.790E-01 0.000E+00 0.000E+00 3.188E-01 2.887E-01
       1.750E-01 2.260E-02 1.059E-01 1.131E-01 0.000E+00 0.000E+00 2.416E-01 2.190E-01
       2.000E-01 1.757E-02 1.023E-01 7.617E-02 0.000E+00 0.000E+00 1.961E-01 1.785E-01
       2.250E-01 1.405E-02 9.899E-02 5.386E-02 0.000E+00 0.000E+00 1.669E-01 1.528E-01
       2.500E-01 1.149E-02 9.591E-02 3.960E-02 0.000E+00 0.000E+00 1.470E-01 1.355E-01
       2.750E-01 9.572E-03 9.305E-02 3.006E-02 0.000E+00 0.000E+00 1.327E-01 1.231E-01
       3.000E-01 8.096E-03 9.040E-02 2.344E-02 0.000E+00 0.000E+00 1.219E-01 1.138E-01
       3.500E-01 6.009E-03 8.564E-02 1.520E-02 0.000E+00 0.000E+00 1.069E-01 1.008E-01
       4.000E-01 4.636E-03 8.152E-02 1.054E-02 0.000E+00 0.000E+00 9.670E-02 9.206E-02
       4.500E-01 3.683E-03 7.794E-02 7.693E-03 0.000E+00 0.000E+00 8.932E-02 8.563E-02
       5.000E-01 2.996E-03 7.476E-02 5.850E-03 0.000E+00 0.000E+00 8.360E-02 8.061E-02
       5.500E-01 2.484E-03 7.189E-02 4.597E-03 0.000E+00 0.000E+00 7.898E-02 7.649E-02
       6.000E-01 2.093E-03 6.931E-02 3.708E-03 0.000E+00 0.000E+00 7.511E-02 7.301E-02
       6.500E-01 1.787E-03 6.696E-02 3.053E-03 0.000E+00 0.000E+00 7.180E-02 7.001E-02
       7.000E-01 1.543E-03 6.482E-02 2.563E-03 0.000E+00 0.000E+00 6.892E-02 6.738E-02
       7.500E-01 1.347E-03 6.285E-02 2.189E-03 0.000E+00 0.000E+00 6.638E-02 6.504E-02
       8.000E-01 1.185E-03 6.103E-02 1.901E-03 0.000E+00 0.000E+00 6.412E-02 6.293E-02
       8.500E-01 1.051E-03 5.935E-02 1.674E-03 0.000E+00 0.000E+00 6.208E-02 6.102E-02
       9.000E-01 9.386E-04 5.778E-02 1.487E-03 0.000E+00 0.000E+00 6.021E-02 5.927E-02
       9.500E-01 8.430E-04 5.632E-02 1.327E-03 0.000E+00 0.000E+00 5.849E-02 5.764E-02
       1.000E+00 7.610E-04 5.495E-02 1.184E-03 0.000E+00 0.000E+00 5.689E-02 5.613E-02
       1.130E+00 5.964E-04 5.174E-02 9.148E-04 1.705E-05 0.000E+00 5.327E-02 5.267E-02
       1.250E+00 4.879E-04 4.917E-02 7.603E-04 1.085E-04 0.000E+00 5.052E-02 5.004E-02
       1.500E+00 3.392E-04 4.471E-02 5.464E-04 5.270E-04 0.000E+00 4.613E-02 4.579E-02
       1.750E+00 2.493E-04 4.113E-02 4.177E-04 1.159E-03 0.000E+00 4.295E-02 4.270E-02
       2.000E+00 1.910E-04 3.818E-02 3.347E-04 1.911E-03 0.000E+00 4.061E-02 4.042E-02
       2.250E+00 1.510E-04 3.570E-02 2.774E-04 2.709E-03 2.189E-07 3.883E-02 3.868E-02
       2.500E+00 1.224E-04 3.356E-02 2.357E-04 3.523E-03 1.819E-06 3.744E-02 3.732E-02
       2.750E+00 1.011E-04 3.169E-02 2.042E-04 4.333E-03 5.295E-06 3.633E-02 3.623E-02
       3.000E+00 8.498E-05 3.005E-02 1.797E-04 5.128E-03 1.051E-05 3.545E-02 3.537E-02
       3.500E+00 6.244E-05 2.730E-02 1.443E-04 6.647E-03 2.491E-05 3.418E-02 3.412E-02
       4.000E+00 4.781E-05 2.507E-02 1.201E-04 8.068E-03 4.291E-05 3.335E-02 3.330E-02
       4.500E+00 3.778E-05 2.322E-02 1.025E-04 9.400E-03 6.342E-05 3.282E-02 3.278E-02
       5.000E+00 3.061E-05 2.165E-02 8.934E-05 1.065E-02 8.547E-05 3.250E-02 3.247E-02
       5.500E+00 2.530E-05 2.031E-02 7.909E-05 1.181E-02 1.082E-04 3.233E-02 3.231E-02
       6.000E+00 2.126E-05 1.914E-02 7.088E-05 1.291E-02 1.311E-04 3.227E-02 3.225E-02
       6.500E+00 1.811E-05 1.811E-02 6.417E-05 1.394E-02 1.540E-04 3.229E-02 3.227E-02
       7.000E+00 1.561E-05 1.720E-02 5.858E-05 1.492E-02 1.767E-04 3.237E-02 3.236E-02
       7.500E+00 1.360E-05 1.639E-02 5.388E-05 1.585E-02 1.990E-04 3.250E-02 3.249E-02
       8.000E+00 1.196E-05 1.566E-02 4.987E-05 1.673E-02 2.208E-04 3.267E-02 3.266E-02
       8.500E+00 1.059E-05 1.500E-02 4.640E-05 1.758E-02 2.422E-04 3.287E-02 3.286E-02
       9.000E+00 9.449E-06 1.440E-02 4.337E-05 1.838E-02 2.630E-04 3.309E-02 3.308E-02
       9.500E+00 8.479E-06 1.385E-02 4.070E-05 1.915E-02 2.834E-04 3.333E-02 3.332E-02
       1.000E+01 7.652E-06 1.334E-02 3.834E-05 1.988E-02 3.032E-04 3.357E-02 3.356E-02