       1.000E-03 6.120E+00 8.406E-03 3.487E+03 0.000E+00 0.000E+00 3.493E+03 3.487E+03
       1.500E-03 5.731E+00 1.334E-02 1.341E+03 0.000E+00 0.000E+00 1.347E+03 1.341E+03
       2.000E-03 5.356E+00 1.790E-02 2.584E+03 0.000E+00 0.000E+00 2.590E+03 2.584E+03
       3.000E-03 4.668E+00 2.658E-02 1.521E+03 0.000E+00 0.000E+00 1.526E+03 1.521E+03
       4.000E-03 4.063E+00 3.455E-02 7.258E+02 0.000E+00 0.000E+00 7.299E+02 7.258E+02
       5.000E-03 3.555E+00 4.182E-02 4.022E+02 0.000E+00 0.000E+00 4.058E+02 4.023E+02
       6.000E-03 3.136E+00 4.829E-02 2.464E+02 0.000E+00 0.000E+00 2.496E+02 2.464E+02
       7.000E-03 2.788E+00 5.401E-02 1.618E+02 0.000E+00 0.000E+00 1.647E+02 1.619E+02
       8.000E-03 2.492E+00 5.911E-02 1.124E+02 0.000E+00 0.000E+00 1.150E+02 1.125E+02
       9.000E-03 2.237E+00 6.373E-02 8.118E+01 0.000E+00 0.000E+00 8.348E+01 8.124E+01
       1.000E-02 2.014E+00 6.795E-02 6.065E+01 0.000E+00 0.000E+00 6.274E+01 6.072E+01
       1.500E-02 1.249E+00 8.481E-02 1.946E+01 0.000E+00 0.000E+00 2.079E+01 1.954E+01
       2.000E-02 8.495E-01 9.643E-02 6.292E+01 0.000E+00 0.000E+00 6.386E+01 6.301E+01
       2.500E-02 6.238E-01 1.044E-01 3.464E+01 0.000E+00 0.000E+00 3.536E+01 3.474E+01
       3.000E-02 4.810E-01 1.100E-01 2.097E+01 0.000E+00 0.000E+00 2.156E+01 2.108E+01
       3.500E-02 3.822E-01 1.139E-01 1.366E+01 0.000E+00 0.000E+00 1.416E+01 1.377E+01
       4.000E-02 3.105E-01 1.166E-01 9.389E+00 0.000E+00 0.000E+00 9.816E+00 9.505E+00
       4.500E-02 2.566E-01 1.185E-01 6.720E+00 0.000E+00 0.000E+00 7.095E+00 6.839E+00
       5.000E-02 2.155E-01 1.197E-01 4.970E+00 0.000E+00 0.000E+00 5.305E+00 5.090E+00
       5.500E-02 1.836E-01 1.205E-01 3.776E+00 0.000E+00 0.000E+00 4.080E+00 3.897E+00
       6.000E-02 1.584E-01 1.208E-01 2.935E+00 0.000E+00 0.000E+00 3.214E+00 3.056E+00
       6.500E-02 1.382E-01 1.209E-01 2.325E+00 0.000E+00 0.000E+00 2.584E+00 2.446E+00
       7.000E-02 1.216E-01 1.207E-01 1.872E+00 0.000E+00 0.000E+00 2.114E+00 1.993E+00
       7.500E-02 1.080E-01 1.204E-01 1.529E+00 0.000E+00 0.000E+00 1.757E+00 1.649E+00
       8.000E-02 9.657E-02 1.200E-01 1.265E+00 0.000E+00 0.000E+00 1.481E+00 1.385E+00
       8.500E-02 8.691E-02 1.195E-01 1.058E+00 0.000E+00 0.000E+00 1.264E+00 1.177E+00
       9.000E-02 7.867E-02 1.189E-01 8.932E-01 0.000E+00 0.000E+00 1.091E+00 1.012E+00
       9.500E-02 7.157E-02 1.182E-01 7.610E-01 0.000E+00 0.000E+00 9.508E-01 8.792E-01
       1.000E-01 6.539E-02 1.175E-01 6.536E-01 0.000E+00 0.000E+00 8.365E-01 7.712E-01
       1.130E-01 5.263E-02 1.156E-01 4.546E-01 0.000E+00 0.000E+00 6.228E-01 5.702E-01
       1.250E-01 4.390E-02 1.137E-01 3.367E-01 0.000E+00 0.000E+00 4.943E-01 4.504E-01
       1.500E-01 3.148E-02 1.098E-01 1.957E-01 0.000E+00 0.000E+00 3.369E-01 3.054E-01
       1.750E-01 2.365E-02 1.060E-01 1.238E-01 0.000E+00 0.000E+00 2.534E-01 2.298E-01
       2.000E-01 1.840E-02 1.024E-01 8.344E-02 0.000E+00 0.000E+00 2.042E-01 1.858E-01
       2.250E-01 1.472E-02 9.906E-02 5.905E-02 0.000E+00 0.000E+00 1.728E-01 1.581E-01
       2.500E-01 1.204E-02 9.596E-02 4.345E-02 0.000E+00 0.000E+00 1.515E-01 1.394E-01
       2.750E-01 1.003E-02 9.309E-02 3.301E-02 0.000E+00 0.000E+00 1.361E-01 1.261E-01
       3.000E-01 8.481E-03 9.045E-02 2.576E-02 0.000E+00 0.000E+00 1.247E-01 1.162E-01
       3.500E-01 6.296E-03 8.574E-02 1.672E-02 0.000E+00 0.000E+00 1.088E-01 1.025E-01
       4.000E-01 4.858E-03 8.165E-02 1.160E-02 0.000E+00 0.000E+00 9.811E-02 9.325E-02
       4.500E-01 3.861E-03 7.805E-02 8.472E-03 0.000E+00 0.000E+00 9.038E-02 8.652E-02
       5.000E-01 3.141E-03 7.485E-02 6.445E-03 0.000E+00 0.000E+00 8.443E-02 8.129E-02
       5.500E-01 2.605E-03 7.199E-02 5.067E-03 0.000E+00 0.000E+00 7.966E-02 7.706E-02
       6.000E-01 2.195E-03 6.942E-02 4.087E-03 0.000E+00 0.000E+00 7.570E-02 7.350E-02
       6.500E-01 1.874E-03 6.707E-02 3.366E-03 0.000E+00 0.000E+00 7.231E-02 7.044E-02
       7.000E-01 1.619E-03 6.493E-02 2.825E-03 0.000E+00 0.000E+00 6.937E-02 6.775E-02
       7.500E-01 1.412E-03 6.296E-02 2.414E-03 0.000E+00 0.000E+00 6.678E-02 6.537E-02
       8.000E-01 1.243E-03 6.114E-02 2.097E-03 0.000E+00 0.000E+00 6.448E-02 6.323E-02
       8.500E-01 1.102E-03 5.945E-02 1.848E-03 0.000E+00 0.000E+00 6.240E-02 6.129E-02
       9.000E-01 9.835E-04 5.787E-02 1.643E-03 0.000E+00 0.000E+00 6.050E-02 5.952E-02
       9.500E-01 8.834E-04 5.641E-02 1.466E-03 0.000E+00 0.000E+00 5.875E-02 5.787E-02
       1.000E+00 7.980E-04 5.503E-02 1.307E-03 0.000E+00 0.000E+00 5.714E-02 5.634E-02
       1.130E+00 6.260E-04 5.183E-02 1.008E-03 1.785E-05 0.000E+00 5.348E-02 5.285E-02
       1.250E+00 5.118E-04 4.925E-02 8.385E-04 1.133E-04 0.000E+00 5.072E-02 5.020E-02
       1.500E+00 3.558E-04 4.479E-02 6.026E-04 5.478E-04 0.000E+00 4.630E-02 4.594E-02
       1.750E+00 2.616E-04 4.120E-02 4.608E-04 1.202E-03 0.000E+00 4.312E-02 4.286E-02
       2.000E+00 2.004E-04 3.824E-02 3.689E-04 1.978E-03 0.000E+00 4.079E-02 4.059E-02
       2.250E+00 1.584E-04 3.575E-02 3.054E-04 2.799E-03 2.195E-07 3.902E-02 3.886E-02
       2.500E+00 1.283E-04 3.361E-02 2.595E-04 3.637E-03 1.823E-06 3.764E-02 3.751E-02
       2.750E+00 1.061E-04 3.174E-02 2.248E-04 4.472E-03 5.307E-06 3.655E-02 3.645E-02
       3.000E+00 8.914E-05 3.010E-02 1.979E-04 5.289E-03 1.054E-05 3.569E-02 3.560E-02
       3.500E+00 6.550E-05 2.735E-02 1.588E-04 6.850E-03 2.496E-05 3.445E-02 3.438E-02
       4.000E+00 5.016E-05 2.511E-02 1.321E-04 8.309E-03 4.298E-05 3.365E-02 3.360E-02
       4.500E+00 3.964E-05 2.326E-02 1.128E-04 9.677E-03 6.350E-05 3.315E-02 3.311E-02
       5.000E+00 3.211E-05 2.169E-02 9.828E-05 1.096E-02 8.557E-05 3.286E-02 3.283E-02
       5.500E+00 2.654E-05 2.035E-02 8.698E-05 1.215E-02 1.083E-04 3.272E-02 3.269E-02
       6.000E+00 2.230E-05 1.918E-02 7.794E-05 1.327E-02 1.313E-04 3.268E-02 3.266E-02
       6.500E+00 1.900E-05 1.814E-02 7.055E-05 1.433E-02 1.543E-04 3.272E-02 3.270E-02
       7.000E+00 1.639E-05 1.723E-02 6.440E-05 1.534E-02 1.770E-04 3.283E-02 3.281E-02
       7.500E+00 1.427E-05 1.642E-02 5.922E-05 1.629E-02 1.993E-04 3.298E-02 3.297E-02
       8.000E+00 1.254E-05 1.568E-02 5.481E-05 1.720E-02 2.212E-04 3.317E-02 3.316E-02
       8.500E+00 1.111E-05 1.502E-02 5.099E-05 1.806E-02 2.426E-04 3.339E-02 3.338E-02
       9.000E+00 9.911E-06 1.442E-02 4.766E-05 1.889E-02 2.634E-04 3.363E-02 3.362E-02
       9.500E+00 8.895E-06 1.387E-02 4.473E-05 1.967E-02 2.838E-04 3.388E-02 3.387E-02
       1.000E+01 8.028E-06 1.336E-02 4.213E-05 2.043E-02 3.036E-04 3.414E-02 3.413E-02