       1.000E-03 6.365E+00 8.399E-03 3.858E+03 0.000E+00 0.000E+00 3.864E+03 3.858E+03
       1.500E-03 5.953E+00 1.360E-02 1.487E+03 0.000E+00 0.000E+00 1.493E+03 1.487E+03
       2.000E-03 5.550E+00 1.829E-02 7.363E+02 0.000E+00 0.000E+00 7.419E+02 7.363E+02
       3.000E-03 4.823E+00 2.705E-02 1.649E+03 0.000E+00 0.000E+00 1.654E+03 1.649E+03
       4.000E-03 4.197E+00 3.503E-02 7.891E+02 0.000E+00 0.000E+00 7.934E+02 7.892E+02
       5.000E-03 3.673E+00 4.230E-02 4.387E+02 0.000E+00 0.000E+00 4.424E+02 4.388E+02
       6.000E-03 3.240E+00 4.884E-02 2.693E+02 0.000E+00 0.000E+00 2.725E+02 2.693E+02
       7.000E-03 2.882E+00 5.465E-02 1.771E+02 0.000E+00 0.000E+00 1.800E+02 1.771E+02
       8.000E-03 2.580E+00 5.980E-02 1.231E+02 0.000E+00 0.000E+00 1.258E+02 1.232E+02
       9.000E-03 2.320E+00 6.442E-02 8.899E+01 0.000E+00 0.000E+00 9.138E+01 8.906E+01
       1.000E-02 2.093E+00 6.862E-02 6.655E+01 0.000E+00 0.000E+00 6.871E+01 6.662E+01
       1.500E-02 1.308E+00 8.542E-02 2.139E+01 0.000E+00 0.000E+00 2.278E+01 2.148E+01
       2.000E-02 8.901E-01 9.700E-02 6.757E+01 0.000E+00 0.000E+00 6.855E+01 6.766E+01
       2.500E-02 6.531E-01 1.050E-01 3.737E+01 0.000E+00 0.000E+00 3.813E+01 3.747E+01
       3.000E-02 5.038E-01 1.107E-01 2.269E+01 0.000E+00 0.000E+00 2.331E+01 2.280E+01
       3.500E-02 4.008E-01 1.147E-01 1.481E+01 0.000E+00 0.000E+00 1.533E+01 1.493E+01
       4.000E-02 3.261E-01 1.175E-01 1.020E+01 0.000E+00 0.000E+00 1.064E+01 1.032E+01
       4.500E-02 2.699E-01 1.194E-01 7.314E+00 0.000E+00 0.000E+00 7.703E+00 7.433E+00
       5.000E-02 2.268E-01 1.206E-01 5.416E+00 0.000E+00 0.000E+00 5.764E+00 5.537E+00
       5.500E-02 1.933E-01 1.214E-01 4.119E+00 0.000E+00 0.000E+00 4.434E+00 4.241E+00
       6.000E-02 1.668E-01 1.219E-01 3.204E+00 0.000E+00 0.000E+00 3.493E+00 3.326E+00
       6.500E-02 1.455E-01 1.220E-01 2.540E+00 0.000E+00 0.000E+00 2.807E+00 2.662E+00
       7.000E-02 1.281E-01 1.218E-01 2.047E+00 0.000E+00 0.000E+00 2.297E+00 2.168E+00
       7.500E-02 1.137E-01 1.215E-01 1.673E+00 0.000E+00 0.000E+00 1.908E+00 1.794E+00
       8.000E-02 1.017E-01 1.211E-01 1.385E+00 0.000E+00 0.000E+00 1.607E+00 1.506E+00
       8.500E-02 9.150E-02 1.206E-01 1.159E+00 0.000E+00 0.000E+00 1.371E+00 1.279E+00
       9.000E-02 8.281E-02 1.200E-01 9.791E-01 0.000E+00 0.000E+00 1.182E+00 1.099E+00
       9.500E-02 7.532E-02 1.194E-01 8.347E-01 0.000E+00 0.000E+00 1.029E+00 9.541E-01
       1.000E-01 6.882E-02 1.187E-01 7.173E-01 0.000E+00 0.000E+00 9.048E-01 8.360E-01
       1.130E-01 5.541E-02 1.167E-01 4.995E-01 0.000E+00 0.000E+00 6.716E-01 6.162E-01
       1.250E-01 4.624E-02 1.149E-01 3.702E-01 0.000E+00 0.000E+00 5.313E-01 4.851E-01
       1.500E-01 3.318E-02 1.109E-01 2.155E-01 0.000E+00 0.000E+00 3.595E-01 3.264E-01
       1.750E-01 2.494E-02 1.070E-01 1.365E-01 0.000E+00 0.000E+00 2.685E-01 2.435E-01
       2.000E-01 1.941E-02 1.034E-01 9.205E-02 0.000E+00 0.000E+00 2.149E-01 1.955E-01
       2.250E-01 1.553E-02 1.001E-01 6.519E-02 0.000E+00 0.000E+00 1.808E-01 1.653E-01
       2.500E-01 1.271E-02 9.696E-02 4.801E-02 0.000E+00 0.000E+00 1.577E-01 1.450E-01
       2.750E-01 1.059E-02 9.409E-02 3.650E-02 0.000E+00 0.000E+00 1.412E-01 1.306E-01
       3.000E-01 8.955E-03 9.144E-02 2.849E-02 0.000E+00 0.000E+00 1.289E-01 1.199E-01
       3.500E-01 6.650E-03 8.671E-02 1.851E-02 0.000E+00 0.000E+00 1.119E-01 1.052E-01
       4.000E-01 5.132E-03 8.257E-02 1.285E-02 0.000E+00 0.000E+00 1.006E-01 9.542E-02
       4.500E-01 4.079E-03 7.891E-02 9.389E-03 0.000E+00 0.000E+00 9.238E-02 8.830E-02
       5.000E-01 3.318E-03 7.566E-02 7.146E-03 0.000E+00 0.000E+00 8.613E-02 8.281E-02
       5.500E-01 2.752E-03 7.277E-02 5.621E-03 0.000E+00 0.000E+00 8.115E-02 7.839E-02
       6.000E-01 2.319E-03 7.017E-02 4.536E-03 0.000E+00 0.000E+00 7.703E-02 7.471E-02
       6.500E-01 1.981E-03 6.781E-02 3.737E-03 0.000E+00 0.000E+00 7.353E-02 7.155E-02
       7.000E-01 1.712E-03 6.565E-02 3.137E-03 0.000E+00 0.000E+00 7.050E-02 6.879E-02
       7.500E-01 1.493E-03 6.366E-02 2.680E-03 0.000E+00 0.000E+00 6.783E-02 6.634E-02
       8.000E-01 1.313E-03 6.182E-02 2.328E-03 0.000E+00 0.000E+00 6.546E-02 6.415E-02
       8.500E-01 1.164E-03 6.012E-02 2.051E-03 0.000E+00 0.000E+00 6.333E-02 6.217E-02
       9.000E-01 1.039E-03 5.853E-02 1.823E-03 0.000E+00 0.000E+00 6.139E-02 6.035E-02
       9.500E-01 9.330E-04 5.705E-02 1.626E-03 0.000E+00 0.000E+00 5.960E-02 5.867E-02
       1.000E+00 8.433E-04 5.566E-02 1.451E-03 0.000E+00 0.000E+00 5.795E-02 5.711E-02
       1.130E+00 6.622E-04 5.242E-02 1.121E-03 1.886E-05 0.000E+00 5.422E-02 5.356E-02
       1.250E+00 5.411E-04 4.981E-02 9.314E-04 1.194E-04 0.000E+00 5.141E-02 5.086E-02
       1.500E+00 3.762E-04 4.530E-02 6.691E-04 5.747E-04 0.000E+00 4.692E-02 4.655E-02
       1.750E+00 2.766E-04 4.169E-02 5.113E-04 1.256E-03 0.000E+00 4.374E-02 4.346E-02
       2.000E+00 2.119E-04 3.868E-02 4.094E-04 2.065E-03 0.000E+00 4.137E-02 4.116E-02
       2.250E+00 1.675E-04 3.614E-02 3.390E-04 2.921E-03 2.219E-07 3.957E-02 3.940E-02
       2.500E+00 1.357E-04 3.397E-02 2.879E-04 3.792E-03 1.844E-06 3.819E-02 3.806E-02
       2.750E+00 1.122E-04 3.210E-02 2.494E-04 4.658E-03 5.367E-06 3.712E-02 3.701E-02
       3.000E+00 9.429E-05 3.045E-02 2.194E-04 5.506E-03 1.065E-05 3.628E-02 3.618E-02
       3.500E+00 6.928E-05 2.766E-02 1.761E-04 7.123E-03 2.524E-05 3.506E-02 3.499E-02
       4.000E+00 5.304E-05 2.540E-02 1.464E-04 8.636E-03 4.347E-05 3.428E-02 3.423E-02
       4.500E+00 4.192E-05 2.353E-02 1.250E-04 1.005E-02 6.424E-05 3.381E-02 3.377E-02
       5.000E+00 3.396E-05 2.194E-02 1.089E-04 1.138E-02 8.657E-05 3.355E-02 3.351E-02
       5.500E+00 2.806E-05 2.058E-02 9.632E-05 1.261E-02 1.096E-04 3.343E-02 3.340E-02
       6.000E+00 2.358E-05 1.939E-02 8.630E-05 1.377E-02 1.328E-04 3.341E-02 3.338E-02
       6.500E+00 2.009E-05 1.835E-02 7.808E-05 1.487E-02 1.560E-04 3.347E-02 3.345E-02
       7.000E+00 1.733E-05 1.743E-02 7.126E-05 1.590E-02 1.790E-04 3.360E-02 3.358E-02
       7.500E+00 1.509E-05 1.660E-02 6.553E-05 1.689E-02 2.015E-04 3.378E-02 3.376E-02
       8.000E+00 1.326E-05 1.586E-02 6.065E-05 1.783E-02 2.237E-04 3.399E-02 3.398E-02
       8.500E+00 1.175E-05 1.519E-02 5.642E-05 1.872E-02 2.453E-04 3.423E-02 3.422E-02
       9.000E+00 1.048E-05 1.458E-02 5.273E-05 1.958E-02 2.664E-04 3.449E-02 3.448E-02
       9.500E+00 9.404E-06 1.403E-02 4.949E-05 2.039E-02 2.870E-04 3.476E-02 3.475E-02
       1.000E+01 8.487E-06 1.351E-02 4.662E-05 2.117E-02 3.070E-04 3.504E-02 3.503E-02