       1.000E-03 6.547E+00 8.100E-03 4.203E+03 0.000E+00 0.000E+00 4.210E+03 4.203E+03
       1.500E-03 6.126E+00 1.338E-02 1.625E+03 0.000E+00 0.000E+00 1.631E+03 1.625E+03
       2.000E-03 5.705E+00 1.814E-02 8.060E+02 0.000E+00 0.000E+00 8.118E+02 8.061E+02
       3.000E-03 4.944E+00 2.691E-02 1.767E+03 0.000E+00 0.000E+00 1.772E+03 1.767E+03
       4.000E-03 4.297E+00 3.484E-02 8.463E+02 0.000E+00 0.000E+00 8.506E+02 8.463E+02
       5.000E-03 3.758E+00 4.206E-02 4.718E+02 0.000E+00 0.000E+00 4.756E+02 4.719E+02
       6.000E-03 3.314E+00 4.861E-02 2.901E+02 0.000E+00 0.000E+00 2.935E+02 2.902E+02
       7.000E-03 2.948E+00 5.444E-02 1.910E+02 0.000E+00 0.000E+00 1.940E+02 1.910E+02
       8.000E-03 2.641E+00 5.962E-02 1.330E+02 0.000E+00 0.000E+00 1.357E+02 1.330E+02
       9.000E-03 2.378E+00 6.426E-02 9.615E+01 0.000E+00 0.000E+00 9.860E+01 9.622E+01
       1.000E-02 2.150E+00 6.846E-02 7.196E+01 0.000E+00 0.000E+00 7.417E+01 7.202E+01
       1.500E-02 1.353E+00 8.496E-02 2.318E+01 0.000E+00 0.000E+00 2.462E+01 2.327E+01
       2.000E-02 9.222E-01 9.645E-02 7.136E+01 0.000E+00 0.000E+00 7.238E+01 7.146E+01
       2.500E-02 6.770E-01 1.044E-01 3.966E+01 0.000E+00 0.000E+00 4.044E+01 3.977E+01
       3.000E-02 5.215E-01 1.100E-01 2.422E+01 0.000E+00 0.000E+00 2.485E+01 2.433E+01
       3.500E-02 4.153E-01 1.140E-01 1.585E+01 0.000E+00 0.000E+00 1.638E+01 1.597E+01
       4.000E-02 3.384E-01 1.168E-01 1.093E+01 0.000E+00 0.000E+00 1.139E+01 1.105E+01
       4.500E-02 2.804E-01 1.188E-01 7.847E+00 0.000E+00 0.000E+00 8.246E+00 7.966E+00
       5.000E-02 2.358E-01 1.201E-01 5.818E+00 0.000E+00 0.000E+00 6.174E+00 5.938E+00
       5.500E-02 2.010E-01 1.210E-01 4.430E+00 0.000E+00 0.000E+00 4.752E+00 4.551E+00
       6.000E-02 1.735E-01 1.214E-01 3.449E+00 0.000E+00 0.000E+00 3.744E+00 3.570E+00
       6.500E-02 1.513E-01 1.215E-01 2.736E+00 0.000E+00 0.000E+00 3.009E+00 2.858E+00
       7.000E-02 1.332E-01 1.214E-01 2.207E+00 0.000E+00 0.000E+00 2.461E+00 2.328E+00
       7.500E-02 1.183E-01 1.211E-01 1.805E+00 0.000E+00 0.000E+00 2.044E+00 1.926E+00
       8.000E-02 1.058E-01 1.207E-01 1.495E+00 0.000E+00 0.000E+00 1.721E+00 1.615E+00
       8.500E-02 9.518E-02 1.202E-01 1.251E+00 0.000E+00 0.000E+00 1.467E+00 1.372E+00
       9.000E-02 8.616E-02 1.197E-01 1.058E+00 0.000E+00 0.000E+00 1.264E+00 1.178E+00
       9.500E-02 7.838E-02 1.190E-01 9.023E-01 0.000E+00 0.000E+00 1.100E+00 1.021E+00
       1.000E-01 7.163E-02 1.184E-01 7.757E-01 0.000E+00 0.000E+00 9.657E-01 8.940E-01
       1.130E-01 5.768E-02 1.164E-01 5.406E-01 0.000E+00 0.000E+00 7.148E-01 6.571E-01
       1.250E-01 4.815E-02 1.146E-01 4.011E-01 0.000E+00 0.000E+00 5.638E-01 5.157E-01
       1.500E-01 3.457E-02 1.106E-01 2.338E-01 0.000E+00 0.000E+00 3.790E-01 3.445E-01
       1.750E-01 2.599E-02 1.069E-01 1.483E-01 0.000E+00 0.000E+00 2.812E-01 2.552E-01
       2.000E-01 2.023E-02 1.033E-01 1.001E-01 0.000E+00 0.000E+00 2.237E-01 2.035E-01
       2.250E-01 1.619E-02 9.999E-02 7.099E-02 0.000E+00 0.000E+00 1.872E-01 1.710E-01
       2.500E-01 1.325E-02 9.690E-02 5.231E-02 0.000E+00 0.000E+00 1.625E-01 1.492E-01
       2.750E-01 1.104E-02 9.403E-02 3.979E-02 0.000E+00 0.000E+00 1.449E-01 1.338E-01
       3.000E-01 9.341E-03 9.136E-02 3.107E-02 0.000E+00 0.000E+00 1.318E-01 1.224E-01
       3.500E-01 6.937E-03 8.659E-02 2.020E-02 0.000E+00 0.000E+00 1.137E-01 1.068E-01
       4.000E-01 5.354E-03 8.245E-02 1.403E-02 0.000E+00 0.000E+00 1.018E-01 9.649E-02
       4.500E-01 4.257E-03 7.885E-02 1.026E-02 0.000E+00 0.000E+00 9.337E-02 8.911E-02
       5.000E-01 3.464E-03 7.565E-02 7.816E-03 0.000E+00 0.000E+00 8.693E-02 8.347E-02
       5.500E-01 2.873E-03 7.278E-02 6.149E-03 0.000E+00 0.000E+00 8.180E-02 7.893E-02
       6.000E-01 2.421E-03 7.017E-02 4.962E-03 0.000E+00 0.000E+00 7.756E-02 7.514E-02
       6.500E-01 2.068E-03 6.780E-02 4.088E-03 0.000E+00 0.000E+00 7.396E-02 7.189E-02
       7.000E-01 1.787E-03 6.563E-02 3.433E-03 0.000E+00 0.000E+00 7.085E-02 6.906E-02
       7.500E-01 1.559E-03 6.363E-02 2.934E-03 0.000E+00 0.000E+00 6.813E-02 6.657E-02
       8.000E-01 1.372E-03 6.179E-02 2.549E-03 0.000E+00 0.000E+00 6.571E-02 6.434E-02
       8.500E-01 1.216E-03 6.008E-02 2.246E-03 0.000E+00 0.000E+00 6.354E-02 6.233E-02
       9.000E-01 1.085E-03 5.849E-02 1.996E-03 0.000E+00 0.000E+00 6.158E-02 6.049E-02
       9.500E-01 9.746E-04 5.701E-02 1.781E-03 0.000E+00 0.000E+00 5.977E-02 5.879E-02
       1.000E+00 8.806E-04 5.563E-02 1.588E-03 0.000E+00 0.000E+00 5.810E-02 5.722E-02
       1.130E+00 6.913E-04 5.240E-02 1.227E-03 1.966E-05 0.000E+00 5.433E-02 5.364E-02
       1.250E+00 5.652E-04 4.979E-02 1.019E-03 1.241E-04 0.000E+00 5.150E-02 5.093E-02
       1.500E+00 3.930E-04 4.528E-02 7.321E-04 5.953E-04 0.000E+00 4.700E-02 4.661E-02
       1.750E+00 2.889E-04 4.166E-02 5.595E-04 1.298E-03 0.000E+00 4.381E-02 4.352E-02
       2.000E+00 2.213E-04 3.866E-02 4.479E-04 2.130E-03 0.000E+00 4.146E-02 4.124E-02
       2.250E+00 1.751E-04 3.614E-02 3.708E-04 3.010E-03 2.218E-07 3.969E-02 3.952E-02
       2.500E+00 1.419E-04 3.397E-02 3.148E-04 3.903E-03 1.842E-06 3.833E-02 3.819E-02
       2.750E+00 1.172E-04 3.209E-02 2.726E-04 4.791E-03 5.364E-06 3.728E-02 3.716E-02
       3.000E+00 9.849E-05 3.043E-02 2.398E-04 5.660E-03 1.065E-05 3.644E-02 3.634E-02
       3.500E+00 7.237E-05 2.765E-02 1.924E-04 7.318E-03 2.522E-05 3.526E-02 3.518E-02
       4.000E+00 5.541E-05 2.539E-02 1.600E-04 8.866E-03 4.345E-05 3.451E-02 3.446E-02
       4.500E+00 4.379E-05 2.352E-02 1.365E-04 1.031E-02 6.422E-05 3.407E-02 3.403E-02
       5.000E+00 3.547E-05 2.193E-02 1.189E-04 1.166E-02 8.655E-05 3.384E-02 3.380E-02
       5.500E+00 2.932E-05 2.057E-02 1.052E-04 1.292E-02 1.095E-04 3.373E-02 3.371E-02
       6.000E+00 2.464E-05 1.938E-02 9.420E-05 1.411E-02 1.328E-04 3.374E-02 3.372E-02
       6.500E+00 2.099E-05 1.834E-02 8.522E-05 1.523E-02 1.559E-04 3.383E-02 3.381E-02
       7.000E+00 1.810E-05 1.742E-02 7.777E-05 1.629E-02 1.788E-04 3.399E-02 3.397E-02
       7.500E+00 1.577E-05 1.660E-02 7.149E-05 1.730E-02 2.014E-04 3.418E-02 3.417E-02
       8.000E+00 1.386E-05 1.586E-02 6.615E-05 1.825E-02 2.235E-04 3.441E-02 3.440E-02
       8.500E+00 1.228E-05 1.519E-02 6.154E-05 1.916E-02 2.451E-04 3.467E-02 3.466E-02
       9.000E+00 1.095E-05 1.458E-02 5.752E-05 2.004E-02 2.662E-04 3.495E-02 3.494E-02
       9.500E+00 9.831E-06 1.402E-02 5.398E-05 2.087E-02 2.868E-04 3.524E-02 3.523E-02
       1.000E+01 8.872E-06 1.351E-02 5.084E-05 2.167E-02 3.068E-04 3.554E-02 3.553E-02