       1.000E-03 6.813E+00 6.838E-03 4.592E+03 0.000E+00 0.000E+00 4.599E+03 4.592E+03
       1.500E-03 6.403E+00 1.178E-02 1.780E+03 0.000E+00 0.000E+00 1.786E+03 1.780E+03
       2.000E-03 5.973E+00 1.650E-02 8.835E+02 0.000E+00 0.000E+00 8.895E+02 8.835E+02
       3.000E-03 5.161E+00 2.539E-02 1.901E+03 0.000E+00 0.000E+00 1.906E+03 1.901E+03
       4.000E-03 4.464E+00 3.352E-02 9.120E+02 0.000E+00 0.000E+00 9.165E+02 9.120E+02
       5.000E-03 3.890E+00 4.096E-02 5.094E+02 0.000E+00 0.000E+00 5.133E+02 5.095E+02
       6.000E-03 3.424E+00 4.773E-02 3.137E+02 0.000E+00 0.000E+00 3.172E+02 3.138E+02
       7.000E-03 3.044E+00 5.378E-02 2.068E+02 0.000E+00 0.000E+00 2.099E+02 2.068E+02
       8.000E-03 2.728E+00 5.917E-02 1.441E+02 0.000E+00 0.000E+00 1.469E+02 1.442E+02
       9.000E-03 2.459E+00 6.395E-02 1.043E+02 0.000E+00 0.000E+00 1.068E+02 1.044E+02
       1.000E-02 2.226E+00 6.825E-02 7.811E+01 0.000E+00 0.000E+00 8.040E+01 7.818E+01
       1.500E-02 1.411E+00 8.491E-02 2.522E+01 0.000E+00 0.000E+00 2.672E+01 2.531E+01
       2.000E-02 9.619E-01 9.645E-02 7.603E+01 0.000E+00 0.000E+00 7.709E+01 7.613E+01
       2.500E-02 7.056E-01 1.045E-01 4.253E+01 0.000E+00 0.000E+00 4.334E+01 4.264E+01
       3.000E-02 5.436E-01 1.101E-01 2.600E+01 0.000E+00 0.000E+00 2.665E+01 2.611E+01
       3.500E-02 4.333E-01 1.142E-01 1.704E+01 0.000E+00 0.000E+00 1.759E+01 1.715E+01
       4.000E-02 3.535E-01 1.171E-01 1.176E+01 0.000E+00 0.000E+00 1.224E+01 1.188E+01
       4.500E-02 2.932E-01 1.191E-01 8.456E+00 0.000E+00 0.000E+00 8.868E+00 8.575E+00
       5.000E-02 2.468E-01 1.204E-01 6.276E+00 0.000E+00 0.000E+00 6.644E+00 6.397E+00
       5.500E-02 2.105E-01 1.213E-01 4.785E+00 0.000E+00 0.000E+00 5.116E+00 4.906E+00
       6.000E-02 1.816E-01 1.217E-01 3.729E+00 0.000E+00 0.000E+00 4.032E+00 3.851E+00
       6.500E-02 1.584E-01 1.219E-01 2.961E+00 0.000E+00 0.000E+00 3.242E+00 3.083E+00
       7.000E-02 1.395E-01 1.218E-01 2.390E+00 0.000E+00 0.000E+00 2.651E+00 2.512E+00
       7.500E-02 1.238E-01 1.216E-01 1.956E+00 0.000E+00 0.000E+00 2.201E+00 2.077E+00
       8.000E-02 1.107E-01 1.212E-01 1.620E+00 0.000E+00 0.000E+00 1.852E+00 1.742E+00
       8.500E-02 9.965E-02 1.207E-01 1.357E+00 0.000E+00 0.000E+00 1.578E+00 1.478E+00
       9.000E-02 9.020E-02 1.202E-01 1.148E+00 0.000E+00 0.000E+00 1.359E+00 1.268E+00
       9.500E-02 8.206E-02 1.195E-01 9.797E-01 0.000E+00 0.000E+00 1.181E+00 1.099E+00
       1.000E-01 7.500E-02 1.189E-01 8.427E-01 0.000E+00 0.000E+00 1.037E+00 9.615E-01
       1.130E-01 6.041E-02 1.170E-01 5.880E-01 0.000E+00 0.000E+00 7.654E-01 7.050E-01
       1.250E-01 5.044E-02 1.151E-01 4.366E-01 0.000E+00 0.000E+00 6.021E-01 5.517E-01
       1.500E-01 3.623E-02 1.112E-01 2.549E-01 0.000E+00 0.000E+00 4.023E-01 3.661E-01
       1.750E-01 2.725E-02 1.074E-01 1.618E-01 0.000E+00 0.000E+00 2.965E-01 2.692E-01
       2.000E-01 2.122E-02 1.038E-01 1.094E-01 0.000E+00 0.000E+00 2.344E-01 2.132E-01
       2.250E-01 1.699E-02 1.005E-01 7.757E-02 0.000E+00 0.000E+00 1.951E-01 1.781E-01
       2.500E-01 1.391E-02 9.743E-02 5.720E-02 0.000E+00 0.000E+00 1.685E-01 1.546E-01
       2.750E-01 1.159E-02 9.457E-02 4.354E-02 0.000E+00 0.000E+00 1.497E-01 1.381E-01
       3.000E-01 9.807E-03 9.191E-02 3.402E-02 0.000E+00 0.000E+00 1.357E-01 1.259E-01
       3.500E-01 7.285E-03 8.713E-02 2.214E-02 0.000E+00 0.000E+00 1.166E-01 1.093E-01
       4.000E-01 5.623E-03 8.297E-02 1.539E-02 0.000E+00 0.000E+00 1.040E-01 9.836E-02
       4.500E-01 4.471E-03 7.933E-02 1.126E-02 0.000E+00 0.000E+00 9.506E-02 9.059E-02
       5.000E-01 3.638E-03 7.610E-02 8.582E-03 0.000E+00 0.000E+00 8.832E-02 8.468E-02
       5.500E-01 3.018E-03 7.320E-02 6.754E-03 0.000E+00 0.000E+00 8.298E-02 7.996E-02
       6.000E-01 2.544E-03 7.059E-02 5.452E-03 0.000E+00 0.000E+00 7.858E-02 7.604E-02
       6.500E-01 2.173E-03 6.821E-02 4.493E-03 0.000E+00 0.000E+00 7.487E-02 7.270E-02
       7.000E-01 1.878E-03 6.603E-02 3.774E-03 0.000E+00 0.000E+00 7.168E-02 6.980E-02
       7.500E-01 1.638E-03 6.403E-02 3.226E-03 0.000E+00 0.000E+00 6.889E-02 6.725E-02
       8.000E-01 1.442E-03 6.218E-02 2.802E-03 0.000E+00 0.000E+00 6.642E-02 6.498E-02
       8.500E-01 1.278E-03 6.047E-02 2.468E-03 0.000E+00 0.000E+00 6.422E-02 6.294E-02
       9.000E-01 1.141E-03 5.888E-02 2.193E-03 0.000E+00 0.000E+00 6.221E-02 6.107E-02
       9.500E-01 1.024E-03 5.738E-02 1.956E-03 0.000E+00 0.000E+00 6.037E-02 5.934E-02
       1.000E+00 9.256E-04 5.598E-02 1.746E-03 0.000E+00 0.000E+00 5.866E-02 5.773E-02
       1.130E+00 7.265E-04 5.272E-02 1.350E-03 2.066E-05 0.000E+00 5.482E-02 5.409E-02
       1.250E+00 5.941E-04 5.011E-02 1.121E-03 1.300E-04 0.000E+00 5.195E-02 5.136E-02
       1.500E+00 4.131E-04 4.557E-02 8.051E-04 6.206E-04 0.000E+00 4.741E-02 4.699E-02
       1.750E+00 3.038E-04 4.193E-02 6.150E-04 1.350E-03 0.000E+00 4.420E-02 4.389E-02
       2.000E+00 2.327E-04 3.891E-02 4.921E-04 2.212E-03 0.000E+00 4.185E-02 4.161E-02
       2.250E+00 1.839E-04 3.636E-02 4.072E-04 3.120E-03 2.231E-07 4.007E-02 3.989E-02
       2.500E+00 1.490E-04 3.418E-02 3.457E-04 4.042E-03 1.854E-06 3.872E-02 3.857E-02
       2.750E+00 1.232E-04 3.229E-02 2.993E-04 4.959E-03 5.396E-06 3.768E-02 3.755E-02
       3.000E+00 1.035E-04 3.063E-02 2.632E-04 5.854E-03 1.071E-05 3.686E-02 3.676E-02
       3.500E+00 7.607E-05 2.783E-02 2.111E-04 7.560E-03 2.538E-05 3.570E-02 3.562E-02
       4.000E+00 5.825E-05 2.555E-02 1.755E-04 9.153E-03 4.373E-05 3.498E-02 3.492E-02
       4.500E+00 4.603E-05 2.367E-02 1.497E-04 1.064E-02 6.460E-05 3.457E-02 3.452E-02
       5.000E+00 3.729E-05 2.207E-02 1.304E-04 1.204E-02 8.705E-05 3.436E-02 3.433E-02
       5.500E+00 3.082E-05 2.070E-02 1.153E-04 1.333E-02 1.102E-04 3.429E-02 3.426E-02
       6.000E+00 2.590E-05 1.951E-02 1.033E-04 1.455E-02 1.336E-04 3.432E-02 3.429E-02
       6.500E+00 2.206E-05 1.846E-02 9.340E-05 1.570E-02 1.569E-04 3.443E-02 3.441E-02
       7.000E+00 1.902E-05 1.753E-02 8.524E-05 1.679E-02 1.800E-04 3.461E-02 3.459E-02
       7.500E+00 1.658E-05 1.670E-02 7.839E-05 1.783E-02 2.027E-04 3.483E-02 3.481E-02
       8.000E+00 1.457E-05 1.596E-02 7.253E-05 1.881E-02 2.249E-04 3.508E-02 3.507E-02
       8.500E+00 1.291E-05 1.528E-02 6.745E-05 1.975E-02 2.467E-04 3.536E-02 3.534E-02
       9.000E+00 1.151E-05 1.467E-02 6.301E-05 2.064E-02 2.679E-04 3.565E-02 3.564E-02
       9.500E+00 1.033E-05 1.411E-02 5.912E-05 2.150E-02 2.886E-04 3.596E-02 3.595E-02
       1.000E+01 9.321E-06 1.359E-02 5.569E-05 2.232E-02 3.087E-04 3.628E-02 3.627E-02