       1.000E-03 6.942E+00 6.428E-03 4.936E+03 0.000E+00 0.000E+00 4.943E+03 4.936E+03
       1.500E-03 6.541E+00 1.122E-02 1.918E+03 0.000E+00 0.000E+00 1.925E+03 1.918E+03
       2.000E-03 6.106E+00 1.584E-02 9.535E+02 0.000E+00 0.000E+00 9.596E+02 9.535E+02
       3.000E-03 5.275E+00 2.454E-02 2.006E+03 0.000E+00 0.000E+00 2.011E+03 2.006E+03
       4.000E-03 4.556E+00 3.250E-02 9.660E+02 0.000E+00 0.000E+00 9.706E+02 9.661E+02
       5.000E-03 3.965E+00 3.982E-02 5.410E+02 0.000E+00 0.000E+00 5.450E+02 5.411E+02
       6.000E-03 3.486E+00 4.654E-02 3.336E+02 0.000E+00 0.000E+00 3.372E+02 3.337E+02
       7.000E-03 3.099E+00 5.261E-02 2.203E+02 0.000E+00 0.000E+00 2.234E+02 2.203E+02
       8.000E-03 2.774E+00 5.805E-02 1.537E+02 0.000E+00 0.000E+00 1.566E+02 1.538E+02
       9.000E-03 2.494E+00 6.291E-02 1.113E+02 0.000E+00 0.000E+00 1.139E+02 1.114E+02
       1.000E-02 2.267E+00 6.716E-02 8.342E+01 0.000E+00 0.000E+00 8.576E+01 8.349E+01
       1.500E-02 1.448E+00 8.373E-02 2.700E+01 0.000E+00 0.000E+00 2.854E+01 2.709E+01
       2.000E-02 9.893E-01 9.510E-02 7.846E+01 0.000E+00 0.000E+00 7.955E+01 7.856E+01
       2.500E-02 7.843E-01 1.007E-01 5.128E+01 0.000E+00 0.000E+00 5.216E+01 5.138E+01
       3.000E-02 5.583E-01 1.087E-01 2.743E+01 0.000E+00 0.000E+00 2.810E+01 2.754E+01
       3.500E-02 4.396E-01 1.131E-01 1.761E+01 0.000E+00 0.000E+00 1.817E+01 1.773E+01
       4.000E-02 3.636E-01 1.156E-01 1.246E+01 0.000E+00 0.000E+00 1.294E+01 1.258E+01
       4.500E-02 3.027E-01 1.175E-01 9.007E+00 0.000E+00 0.000E+00 9.428E+00 9.125E+00
       5.000E-02 2.544E-01 1.190E-01 6.666E+00 0.000E+00 0.000E+00 7.040E+00 6.785E+00
       5.500E-02 2.170E-01 1.199E-01 5.081E+00 0.000E+00 0.000E+00 5.418E+00 5.201E+00
       6.000E-02 1.874E-01 1.204E-01 3.966E+00 0.000E+00 0.000E+00 4.274E+00 4.086E+00
       6.500E-02 1.635E-01 1.206E-01 3.153E+00 0.000E+00 0.000E+00 3.437E+00 3.273E+00
       7.000E-02 1.440E-01 1.205E-01 2.546E+00 0.000E+00 0.000E+00 2.810E+00 2.666E+00
       7.500E-02 1.278E-01 1.203E-01 2.085E+00 0.000E+00 0.000E+00 2.333E+00 2.205E+00
       8.000E-02 1.142E-01 1.200E-01 1.728E+00 0.000E+00 0.000E+00 1.962E+00 1.848E+00
       8.500E-02 1.028E-01 1.195E-01 1.448E+00 0.000E+00 0.000E+00 1.671E+00 1.568E+00
       9.000E-02 9.303E-02 1.190E-01 1.226E+00 0.000E+00 0.000E+00 1.438E+00 1.345E+00
       9.500E-02 8.463E-02 1.183E-01 1.047E+00 0.000E+00 0.000E+00 1.250E+00 1.165E+00
       1.000E-01 7.733E-02 1.177E-01 9.007E-01 0.000E+00 0.000E+00 1.096E+00 1.018E+00
       1.130E-01 6.230E-02 1.158E-01 6.292E-01 0.000E+00 0.000E+00 8.073E-01 7.450E-01
       1.250E-01 5.203E-02 1.140E-01 4.675E-01 0.000E+00 0.000E+00 6.335E-01 5.815E-01
       1.500E-01 3.740E-02 1.102E-01 2.732E-01 0.000E+00 0.000E+00 4.208E-01 3.834E-01
       1.750E-01 2.815E-02 1.064E-01 1.737E-01 0.000E+00 0.000E+00 3.082E-01 2.801E-01
       2.000E-01 2.193E-02 1.029E-01 1.175E-01 0.000E+00 0.000E+00 2.423E-01 2.204E-01
       2.250E-01 1.756E-02 9.958E-02 8.342E-02 0.000E+00 0.000E+00 2.006E-01 1.830E-01
       2.500E-01 1.438E-02 9.653E-02 6.156E-02 0.000E+00 0.000E+00 1.725E-01 1.581E-01
       2.750E-01 1.199E-02 9.370E-02 4.688E-02 0.000E+00 0.000E+00 1.526E-01 1.406E-01
       3.000E-01 1.014E-02 9.108E-02 3.665E-02 0.000E+00 0.000E+00 1.379E-01 1.277E-01
       3.500E-01 7.535E-03 8.639E-02 2.387E-02 0.000E+00 0.000E+00 1.178E-01 1.103E-01
       4.000E-01 5.816E-03 8.229E-02 1.661E-02 0.000E+00 0.000E+00 1.047E-01 9.890E-02
       4.500E-01 4.625E-03 7.867E-02 1.216E-02 0.000E+00 0.000E+00 9.545E-02 9.082E-02
       5.000E-01 3.764E-03 7.545E-02 9.265E-03 0.000E+00 0.000E+00 8.848E-02 8.471E-02
       5.500E-01 3.123E-03 7.258E-02 7.295E-03 0.000E+00 0.000E+00 8.299E-02 7.987E-02
       6.000E-01 2.632E-03 6.999E-02 5.892E-03 0.000E+00 0.000E+00 7.851E-02 7.588E-02
       6.500E-01 2.248E-03 6.764E-02 4.857E-03 0.000E+00 0.000E+00 7.474E-02 7.249E-02
       7.000E-01 1.942E-03 6.549E-02 4.081E-03 0.000E+00 0.000E+00 7.151E-02 6.957E-02
       7.500E-01 1.695E-03 6.351E-02 3.488E-03 0.000E+00 0.000E+00 6.869E-02 6.699E-02
       8.000E-01 1.492E-03 6.167E-02 3.030E-03 0.000E+00 0.000E+00 6.619E-02 6.470E-02
       8.500E-01 1.324E-03 5.997E-02 2.669E-03 0.000E+00 0.000E+00 6.396E-02 6.264E-02
       9.000E-01 1.182E-03 5.838E-02 2.371E-03 0.000E+00 0.000E+00 6.193E-02 6.075E-02
       9.500E-01 1.062E-03 5.690E-02 2.115E-03 0.000E+00 0.000E+00 6.008E-02 5.902E-02
       1.000E+00 9.585E-04 5.553E-02 1.888E-03 0.000E+00 0.000E+00 5.837E-02 5.741E-02
       1.130E+00 7.515E-04 5.230E-02 1.460E-03 2.137E-05 0.000E+00 5.454E-02 5.379E-02
       1.250E+00 6.151E-04 4.970E-02 1.213E-03 1.340E-04 0.000E+00 5.166E-02 5.105E-02
       1.500E+00 4.277E-04 4.520E-02 8.700E-04 6.371E-04 0.000E+00 4.714E-02 4.671E-02
       1.750E+00 3.146E-04 4.158E-02 6.646E-04 1.382E-03 0.000E+00 4.394E-02 4.363E-02
       2.000E+00 2.410E-04 3.860E-02 5.318E-04 2.261E-03 0.000E+00 4.163E-02 4.139E-02
       2.250E+00 1.903E-04 3.609E-02 4.399E-04 3.186E-03 2.216E-07 3.990E-02 3.971E-02
       2.500E+00 1.542E-04 3.392E-02 3.734E-04 4.125E-03 1.840E-06 3.858E-02 3.842E-02
       2.750E+00 1.275E-04 3.204E-02 3.232E-04 5.056E-03 5.357E-06 3.755E-02 3.742E-02
       3.000E+00 1.072E-04 3.038E-02 2.842E-04 5.966E-03 1.063E-05 3.675E-02 3.664E-02
       3.500E+00 7.879E-05 2.760E-02 2.279E-04 7.699E-03 2.518E-05 3.563E-02 3.556E-02
       4.000E+00 6.032E-05 2.535E-02 1.894E-04 9.315E-03 4.337E-05 3.496E-02 3.490E-02
       4.500E+00 4.767E-05 2.348E-02 1.615E-04 1.083E-02 6.409E-05 3.458E-02 3.453E-02
       5.000E+00 3.862E-05 2.189E-02 1.406E-04 1.223E-02 8.637E-05 3.439E-02 3.435E-02
       5.500E+00 3.191E-05 2.053E-02 1.243E-04 1.354E-02 1.093E-04 3.434E-02 3.431E-02
       6.000E+00 2.682E-05 1.935E-02 1.114E-04 1.478E-02 1.325E-04 3.440E-02 3.437E-02
       6.500E+00 2.285E-05 1.831E-02 1.007E-04 1.594E-02 1.556E-04 3.454E-02 3.451E-02
       7.000E+00 1.970E-05 1.739E-02 9.190E-05 1.705E-02 1.785E-04 3.473E-02 3.471E-02
       7.500E+00 1.717E-05 1.657E-02 8.447E-05 1.809E-02 2.010E-04 3.497E-02 3.495E-02
       8.000E+00 1.509E-05 1.583E-02 7.815E-05 1.909E-02 2.231E-04 3.524E-02 3.522E-02
       8.500E+00 1.337E-05 1.516E-02 7.269E-05 2.003E-02 2.447E-04 3.553E-02 3.552E-02
       9.000E+00 1.192E-05 1.456E-02 6.792E-05 2.094E-02 2.657E-04 3.584E-02 3.583E-02
       9.500E+00 1.070E-05 1.400E-02 6.372E-05 2.181E-02 2.862E-04 3.617E-02 3.616E-02
       1.000E+01 9.654E-06 1.348E-02 6.000E-05 2.264E-02 3.062E-04 3.650E-02 3.649E-02