       1.000E-03 7.117E+00 7.024E-03 5.349E+03 0.000E+00 0.000E+00 5.357E+03 5.349E+03
       1.500E-03 6.692E+00 1.209E-02 2.085E+03 0.000E+00 0.000E+00 2.092E+03 2.085E+03
       2.000E-03 6.243E+00 1.674E-02 1.038E+03 0.000E+00 0.000E+00 1.044E+03 1.038E+03
       3.000E-03 5.400E+00 2.524E-02 1.857E+03 0.000E+00 0.000E+00 1.862E+03 1.857E+03
       4.000E-03 4.673E+00 3.297E-02 1.031E+03 0.000E+00 0.000E+00 1.036E+03 1.032E+03
       5.000E-03 4.070E+00 4.007E-02 5.795E+02 0.000E+00 0.000E+00 5.836E+02 5.795E+02
       6.000E-03 3.577E+00 4.663E-02 3.582E+02 0.000E+00 0.000E+00 3.619E+02 3.583E+02
       7.000E-03 3.176E+00 5.262E-02 2.368E+02 0.000E+00 0.000E+00 2.400E+02 2.368E+02
       8.000E-03 2.844E+00 5.803E-02 1.654E+02 0.000E+00 0.000E+00 1.683E+02 1.655E+02
       9.000E-03 2.566E+00 6.288E-02 1.199E+02 0.000E+00 0.000E+00 1.225E+02 1.200E+02
       1.000E-02 2.327E+00 6.723E-02 8.993E+01 0.000E+00 0.000E+00 9.232E+01 8.999E+01
       1.500E-02 1.497E+00 8.371E-02 2.919E+01 0.000E+00 0.000E+00 3.077E+01 2.927E+01
       2.000E-02 1.025E+00 9.497E-02 1.298E+01 0.000E+00 0.000E+00 1.410E+01 1.307E+01
       2.500E-02 7.515E-01 1.028E-01 4.726E+01 0.000E+00 0.000E+00 4.812E+01 4.736E+01
       3.000E-02 5.780E-01 1.086E-01 2.924E+01 0.000E+00 0.000E+00 2.993E+01 2.935E+01
       3.500E-02 4.612E-01 1.126E-01 1.924E+01 0.000E+00 0.000E+00 1.982E+01 1.936E+01
       4.000E-02 3.770E-01 1.155E-01 1.331E+01 0.000E+00 0.000E+00 1.380E+01 1.343E+01
       4.500E-02 3.134E-01 1.175E-01 9.594E+00 0.000E+00 0.000E+00 1.002E+01 9.711E+00
       5.000E-02 2.642E-01 1.190E-01 7.141E+00 0.000E+00 0.000E+00 7.524E+00 7.260E+00
       5.500E-02 2.256E-01 1.199E-01 5.454E+00 0.000E+00 0.000E+00 5.799E+00 5.573E+00
       6.000E-02 1.948E-01 1.204E-01 4.256E+00 0.000E+00 0.000E+00 4.572E+00 4.377E+00
       6.500E-02 1.700E-01 1.206E-01 3.385E+00 0.000E+00 0.000E+00 3.676E+00 3.506E+00
       7.000E-02 1.496E-01 1.206E-01 2.736E+00 0.000E+00 0.000E+00 3.006E+00 2.856E+00
       7.500E-02 1.328E-01 1.204E-01 2.242E+00 0.000E+00 0.000E+00 2.495E+00 2.363E+00
       8.000E-02 1.188E-01 1.201E-01 1.860E+00 0.000E+00 0.000E+00 2.099E+00 1.980E+00
       8.500E-02 1.069E-01 1.196E-01 1.560E+00 0.000E+00 0.000E+00 1.786E+00 1.679E+00
       9.000E-02 9.676E-02 1.191E-01 1.320E+00 0.000E+00 0.000E+00 1.536E+00 1.440E+00
       9.500E-02 8.803E-02 1.185E-01 1.128E+00 0.000E+00 0.000E+00 1.334E+00 1.246E+00
       1.000E-01 8.045E-02 1.179E-01 9.706E-01 0.000E+00 0.000E+00 1.169E+00 1.088E+00
       1.130E-01 6.483E-02 1.160E-01 6.786E-01 0.000E+00 0.000E+00 8.595E-01 7.946E-01
       1.250E-01 5.415E-02 1.142E-01 5.048E-01 0.000E+00 0.000E+00 6.731E-01 6.190E-01
       1.500E-01 3.893E-02 1.104E-01 2.956E-01 0.000E+00 0.000E+00 4.450E-01 4.060E-01
       1.750E-01 2.932E-02 1.067E-01 1.881E-01 0.000E+00 0.000E+00 3.241E-01 2.948E-01
       2.000E-01 2.285E-02 1.031E-01 1.274E-01 0.000E+00 0.000E+00 2.534E-01 2.305E-01
       2.250E-01 1.830E-02 9.986E-02 9.051E-02 0.000E+00 0.000E+00 2.087E-01 1.904E-01
       2.500E-01 1.499E-02 9.681E-02 6.683E-02 0.000E+00 0.000E+00 1.786E-01 1.636E-01
       2.750E-01 1.249E-02 9.397E-02 5.093E-02 0.000E+00 0.000E+00 1.574E-01 1.449E-01
       3.000E-01 1.057E-02 9.134E-02 3.984E-02 0.000E+00 0.000E+00 1.418E-01 1.312E-01
       3.500E-01 7.857E-03 8.661E-02 2.597E-02 0.000E+00 0.000E+00 1.204E-01 1.126E-01
       4.000E-01 6.067E-03 8.248E-02 1.808E-02 0.000E+00 0.000E+00 1.066E-01 1.006E-01
       4.500E-01 4.824E-03 7.887E-02 1.324E-02 0.000E+00 0.000E+00 9.693E-02 9.211E-02
       5.000E-01 3.927E-03 7.566E-02 1.009E-02 0.000E+00 0.000E+00 8.968E-02 8.575E-02
       5.500E-01 3.259E-03 7.278E-02 7.949E-03 0.000E+00 0.000E+00 8.398E-02 8.072E-02
       6.000E-01 2.747E-03 7.018E-02 6.421E-03 0.000E+00 0.000E+00 7.935E-02 7.660E-02
       6.500E-01 2.347E-03 6.783E-02 5.296E-03 0.000E+00 0.000E+00 7.547E-02 7.313E-02
       7.000E-01 2.028E-03 6.569E-02 4.450E-03 0.000E+00 0.000E+00 7.216E-02 7.014E-02
       7.500E-01 1.769E-03 6.371E-02 3.805E-03 0.000E+00 0.000E+00 6.928E-02 6.751E-02
       8.000E-01 1.557E-03 6.188E-02 3.305E-03 0.000E+00 0.000E+00 6.674E-02 6.518E-02
       8.500E-01 1.381E-03 6.017E-02 2.911E-03 0.000E+00 0.000E+00 6.446E-02 6.308E-02
       9.000E-01 1.234E-03 5.858E-02 2.587E-03 0.000E+00 0.000E+00 6.240E-02 6.117E-02
       9.500E-01 1.108E-03 5.709E-02 2.308E-03 0.000E+00 0.000E+00 6.051E-02 5.940E-02
       1.000E+00 1.001E-03 5.570E-02 2.061E-03 0.000E+00 0.000E+00 5.876E-02 5.776E-02
       1.130E+00 7.848E-04 5.246E-02 1.594E-03 2.230E-05 0.000E+00 5.486E-02 5.408E-02
       1.250E+00 6.421E-04 4.986E-02 1.323E-03 1.396E-04 0.000E+00 5.196E-02 5.132E-02
       1.500E+00 4.466E-04 4.534E-02 9.497E-04 6.618E-04 0.000E+00 4.740E-02 4.696E-02
       1.750E+00 3.282E-04 4.171E-02 7.250E-04 1.431E-03 0.000E+00 4.420E-02 4.387E-02
       2.000E+00 2.516E-04 3.872E-02 5.799E-04 2.337E-03 0.000E+00 4.189E-02 4.164E-02
       2.250E+00 1.990E-04 3.620E-02 4.798E-04 3.292E-03 2.221E-07 4.017E-02 3.997E-02
       2.500E+00 1.612E-04 3.403E-02 4.071E-04 4.258E-03 1.846E-06 3.885E-02 3.869E-02
       2.750E+00 1.332E-04 3.214E-02 3.523E-04 5.213E-03 5.372E-06 3.784E-02 3.771E-02
       3.000E+00 1.119E-04 3.048E-02 3.097E-04 6.145E-03 1.067E-05 3.705E-02 3.694E-02
       3.500E+00 8.225E-05 2.769E-02 2.482E-04 7.919E-03 2.526E-05 3.597E-02 3.589E-02
       4.000E+00 6.298E-05 2.543E-02 2.062E-04 9.577E-03 4.351E-05 3.532E-02 3.526E-02
       4.500E+00 4.978E-05 2.355E-02 1.759E-04 1.113E-02 6.427E-05 3.497E-02 3.492E-02
       5.000E+00 4.033E-05 2.196E-02 1.531E-04 1.257E-02 8.660E-05 3.482E-02 3.478E-02
       5.500E+00 3.333E-05 2.060E-02 1.353E-04 1.391E-02 1.097E-04 3.479E-02 3.476E-02
       6.000E+00 2.800E-05 1.942E-02 1.212E-04 1.517E-02 1.329E-04 3.487E-02 3.484E-02
       6.500E+00 2.386E-05 1.838E-02 1.096E-04 1.636E-02 1.561E-04 3.503E-02 3.500E-02
       7.000E+00 2.057E-05 1.745E-02 1.000E-04 1.749E-02 1.791E-04 3.524E-02 3.522E-02
       7.500E+00 1.792E-05 1.662E-02 9.191E-05 1.856E-02 2.016E-04 3.550E-02 3.548E-02
       8.000E+00 1.575E-05 1.588E-02 8.500E-05 1.958E-02 2.238E-04 3.578E-02 3.577E-02
       8.500E+00 1.396E-05 1.521E-02 7.906E-05 2.055E-02 2.454E-04 3.610E-02 3.609E-02
       9.000E+00 1.245E-05 1.460E-02 7.387E-05 2.148E-02 2.665E-04 3.643E-02 3.642E-02
       9.500E+00 1.117E-05 1.404E-02 6.931E-05 2.237E-02 2.871E-04 3.677E-02 3.676E-02
       1.000E+01 1.008E-05 1.353E-02 6.526E-05 2.321E-02 3.071E-04 3.712E-02 3.711E-02