       1.000E-03 7.275E+00 5.792E-03 5.711E+03 0.000E+00 0.000E+00 5.718E+03 5.711E+03
       1.500E-03 6.876E+00 1.040E-02 2.234E+03 0.000E+00 0.000E+00 2.241E+03 2.234E+03
       2.000E-03 6.441E+00 1.497E-02 1.113E+03 0.000E+00 0.000E+00 1.119E+03 1.113E+03
       3.000E-03 5.574E+00 2.360E-02 1.957E+03 0.000E+00 0.000E+00 1.963E+03 1.957E+03
       4.000E-03 4.808E+00 3.143E-02 1.090E+03 0.000E+00 0.000E+00 1.095E+03 1.090E+03
       5.000E-03 4.173E+00 3.859E-02 6.125E+02 0.000E+00 0.000E+00 6.167E+02 6.126E+02
       6.000E-03 3.657E+00 4.519E-02 3.794E+02 0.000E+00 0.000E+00 3.831E+02 3.795E+02
       7.000E-03 3.240E+00 5.124E-02 2.510E+02 0.000E+00 0.000E+00 2.543E+02 2.511E+02
       8.000E-03 2.898E+00 5.670E-02 1.755E+02 0.000E+00 0.000E+00 1.785E+02 1.756E+02
       9.000E-03 2.613E+00 6.158E-02 1.273E+02 0.000E+00 0.000E+00 1.300E+02 1.274E+02
       1.000E-02 2.371E+00 6.596E-02 9.557E+01 0.000E+00 0.000E+00 9.801E+01 9.564E+01
       1.500E-02 1.533E+00 8.246E-02 3.108E+01 0.000E+00 0.000E+00 3.270E+01 3.117E+01
       2.000E-02 1.053E+00 9.361E-02 1.385E+01 0.000E+00 0.000E+00 1.499E+01 1.394E+01
       2.500E-02 7.721E-01 1.014E-01 4.945E+01 0.000E+00 0.000E+00 5.032E+01 4.955E+01
       3.000E-02 5.928E-01 1.071E-01 3.070E+01 0.000E+00 0.000E+00 3.140E+01 3.080E+01
       3.500E-02 4.728E-01 1.111E-01 2.024E+01 0.000E+00 0.000E+00 2.083E+01 2.035E+01
       4.000E-02 3.868E-01 1.140E-01 1.401E+01 0.000E+00 0.000E+00 1.451E+01 1.413E+01
       4.500E-02 3.219E-01 1.160E-01 1.011E+01 0.000E+00 0.000E+00 1.055E+01 1.022E+01
       5.000E-02 2.716E-01 1.174E-01 7.531E+00 0.000E+00 0.000E+00 7.920E+00 7.649E+00
       5.500E-02 2.320E-01 1.184E-01 5.761E+00 0.000E+00 0.000E+00 6.111E+00 5.879E+00
       6.000E-02 2.004E-01 1.189E-01 4.503E+00 0.000E+00 0.000E+00 4.822E+00 4.622E+00
       6.500E-02 1.749E-01 1.192E-01 3.585E+00 0.000E+00 0.000E+00 3.879E+00 3.704E+00
       7.000E-02 1.540E-01 1.192E-01 2.900E+00 0.000E+00 0.000E+00 3.173E+00 3.019E+00
       7.500E-02 1.367E-01 1.190E-01 2.378E+00 0.000E+00 0.000E+00 2.634E+00 2.497E+00
       8.000E-02 1.223E-01 1.187E-01 1.974E+00 0.000E+00 0.000E+00 2.215E+00 2.093E+00
       8.500E-02 1.100E-01 1.183E-01 1.656E+00 0.000E+00 0.000E+00 1.885E+00 1.775E+00
       9.000E-02 9.957E-02 1.178E-01 1.403E+00 0.000E+00 0.000E+00 1.621E+00 1.521E+00
       9.500E-02 9.057E-02 1.172E-01 1.199E+00 0.000E+00 0.000E+00 1.407E+00 1.316E+00
       1.000E-01 8.276E-02 1.166E-01 1.033E+00 0.000E+00 0.000E+00 1.232E+00 1.149E+00
       1.130E-01 6.669E-02 1.148E-01 7.226E-01 0.000E+00 0.000E+00 9.042E-01 8.375E-01
       1.250E-01 5.572E-02 1.131E-01 5.379E-01 0.000E+00 0.000E+00 7.066E-01 6.509E-01
       1.500E-01 4.009E-02 1.093E-01 3.153E-01 0.000E+00 0.000E+00 4.647E-01 4.246E-01
       1.750E-01 3.020E-02 1.056E-01 2.009E-01 0.000E+00 0.000E+00 3.367E-01 3.065E-01
       2.000E-01 2.355E-02 1.021E-01 1.361E-01 0.000E+00 0.000E+00 2.618E-01 2.383E-01
       2.250E-01 1.886E-02 9.887E-02 9.682E-02 0.000E+00 0.000E+00 2.146E-01 1.957E-01
       2.500E-01 1.545E-02 9.585E-02 7.154E-02 0.000E+00 0.000E+00 1.828E-01 1.674E-01
       2.750E-01 1.288E-02 9.305E-02 5.455E-02 0.000E+00 0.000E+00 1.605E-01 1.476E-01
       3.000E-01 1.090E-02 9.045E-02 4.270E-02 0.000E+00 0.000E+00 1.440E-01 1.331E-01
       3.500E-01 8.108E-03 8.580E-02 2.786E-02 0.000E+00 0.000E+00 1.218E-01 1.137E-01
       4.000E-01 6.262E-03 8.175E-02 1.941E-02 0.000E+00 0.000E+00 1.074E-01 1.012E-01
       4.500E-01 4.979E-03 7.819E-02 1.423E-02 0.000E+00 0.000E+00 9.739E-02 9.241E-02
       5.000E-01 4.053E-03 7.502E-02 1.085E-02 0.000E+00 0.000E+00 8.992E-02 8.587E-02
       5.500E-01 3.363E-03 7.217E-02 8.547E-03 0.000E+00 0.000E+00 8.408E-02 8.072E-02
       6.000E-01 2.835E-03 6.959E-02 6.906E-03 0.000E+00 0.000E+00 7.933E-02 7.650E-02
       6.500E-01 2.422E-03 6.725E-02 5.695E-03 0.000E+00 0.000E+00 7.537E-02 7.294E-02
       7.000E-01 2.093E-03 6.510E-02 4.786E-03 0.000E+00 0.000E+00 7.198E-02 6.989E-02
       7.500E-01 1.827E-03 6.313E-02 4.092E-03 0.000E+00 0.000E+00 6.905E-02 6.722E-02
       8.000E-01 1.608E-03 6.131E-02 3.556E-03 0.000E+00 0.000E+00 6.648E-02 6.487E-02
       8.500E-01 1.426E-03 5.963E-02 3.133E-03 0.000E+00 0.000E+00 6.419E-02 6.276E-02
       9.000E-01 1.273E-03 5.806E-02 2.785E-03 0.000E+00 0.000E+00 6.212E-02 6.085E-02
       9.500E-01 1.144E-03 5.659E-02 2.484E-03 0.000E+00 0.000E+00 6.022E-02 5.908E-02
       1.000E+00 1.033E-03 5.521E-02 2.218E-03 0.000E+00 0.000E+00 5.846E-02 5.743E-02
       1.130E+00 8.109E-04 5.199E-02 1.714E-03 2.303E-05 0.000E+00 5.454E-02 5.373E-02
       1.250E+00 6.632E-04 4.942E-02 1.423E-03 1.437E-04 0.000E+00 5.165E-02 5.099E-02
       1.500E+00 4.612E-04 4.494E-02 1.021E-03 6.781E-04 0.000E+00 4.710E-02 4.664E-02
       1.750E+00 3.391E-04 4.135E-02 7.786E-04 1.463E-03 0.000E+00 4.393E-02 4.359E-02
       2.000E+00 2.598E-04 3.838E-02 6.232E-04 2.385E-03 0.000E+00 4.165E-02 4.139E-02
       2.250E+00 2.055E-04 3.587E-02 5.165E-04 3.354E-03 2.201E-07 3.995E-02 3.975E-02
       2.500E+00 1.665E-04 3.373E-02 4.381E-04 4.335E-03 1.829E-06 3.867E-02 3.850E-02
       2.750E+00 1.376E-04 3.186E-02 3.788E-04 5.304E-03 5.324E-06 3.768E-02 3.755E-02
       3.000E+00 1.156E-04 3.021E-02 3.327E-04 6.250E-03 1.057E-05 3.692E-02 3.681E-02
       3.500E+00 8.495E-05 2.745E-02 2.665E-04 8.051E-03 2.504E-05 3.588E-02 3.579E-02
       4.000E+00 6.507E-05 2.521E-02 2.214E-04 9.730E-03 4.313E-05 3.527E-02 3.520E-02
       4.500E+00 5.142E-05 2.335E-02 1.888E-04 1.130E-02 6.372E-05 3.495E-02 3.490E-02
       5.000E+00 4.165E-05 2.177E-02 1.643E-04 1.276E-02 8.586E-05 3.482E-02 3.478E-02
       5.500E+00 3.442E-05 2.042E-02 1.452E-04 1.411E-02 1.087E-04 3.482E-02 3.478E-02
       6.000E+00 2.893E-05 1.925E-02 1.300E-04 1.538E-02 1.317E-04 3.491E-02 3.489E-02
       6.500E+00 2.465E-05 1.821E-02 1.176E-04 1.658E-02 1.547E-04 3.509E-02 3.507E-02
       7.000E+00 2.125E-05 1.730E-02 1.073E-04 1.773E-02 1.774E-04 3.533E-02 3.531E-02
       7.500E+00 1.851E-05 1.648E-02 9.857E-05 1.881E-02 1.998E-04 3.560E-02 3.559E-02
       8.000E+00 1.627E-05 1.574E-02 9.116E-05 1.984E-02 2.217E-04 3.591E-02 3.589E-02
       8.500E+00 1.442E-05 1.508E-02 8.476E-05 2.081E-02 2.431E-04 3.623E-02 3.622E-02
       9.000E+00 1.286E-05 1.447E-02 7.919E-05 2.175E-02 2.641E-04 3.658E-02 3.656E-02
       9.500E+00 1.154E-05 1.392E-02 7.429E-05 2.265E-02 2.845E-04 3.694E-02 3.693E-02
       1.000E+01 1.042E-05 1.341E-02 6.995E-05 2.351E-02 3.044E-04 3.730E-02 3.729E-02