       1.000E-03 7.491E+00 5.529E-03 6.162E+03 0.000E+00 0.000E+00 6.170E+03 6.162E+03
       1.500E-03 7.099E+00 1.002E-02 2.419E+03 0.000E+00 0.000E+00 2.426E+03 2.419E+03
       2.000E-03 6.660E+00 1.454E-02 1.207E+03 0.000E+00 0.000E+00 1.214E+03 1.207E+03
       3.000E-03 5.774E+00 2.313E-02 4.384E+02 0.000E+00 0.000E+00 4.442E+02 4.384E+02
       4.000E-03 4.981E+00 3.092E-02 1.165E+03 0.000E+00 0.000E+00 1.170E+03 1.165E+03
       5.000E-03 4.318E+00 3.804E-02 6.543E+02 0.000E+00 0.000E+00 6.586E+02 6.543E+02
       6.000E-03 3.779E+00 4.462E-02 4.063E+02 0.000E+00 0.000E+00 4.101E+02 4.063E+02
       7.000E-03 3.343E+00 5.069E-02 2.692E+02 0.000E+00 0.000E+00 2.726E+02 2.692E+02
       8.000E-03 2.987E+00 5.621E-02 1.884E+02 0.000E+00 0.000E+00 1.915E+02 1.885E+02
       9.000E-03 2.693E+00 6.119E-02 1.368E+02 0.000E+00 0.000E+00 1.396E+02 1.369E+02
       1.000E-02 2.443E+00 6.566E-02 1.028E+02 0.000E+00 0.000E+00 1.053E+02 1.028E+02
       1.500E-02 1.587E+00 8.240E-02 3.350E+01 0.000E+00 0.000E+00 3.517E+01 3.359E+01
       2.000E-02 1.094E+00 9.358E-02 1.495E+01 0.000E+00 0.000E+00 1.614E+01 1.505E+01
       2.500E-02 8.019E-01 1.014E-01 5.228E+01 0.000E+00 0.000E+00 5.319E+01 5.238E+01
       3.000E-02 6.151E-01 1.070E-01 3.258E+01 0.000E+00 0.000E+00 3.330E+01 3.269E+01
       3.500E-02 4.907E-01 1.111E-01 2.152E+01 0.000E+00 0.000E+00 2.213E+01 2.164E+01
       4.000E-02 4.017E-01 1.140E-01 1.492E+01 0.000E+00 0.000E+00 1.544E+01 1.504E+01
       4.500E-02 3.345E-01 1.161E-01 1.078E+01 0.000E+00 0.000E+00 1.123E+01 1.090E+01
       5.000E-02 2.825E-01 1.176E-01 8.047E+00 0.000E+00 0.000E+00 8.447E+00 8.164E+00
       5.500E-02 2.415E-01 1.185E-01 6.161E+00 0.000E+00 0.000E+00 6.521E+00 6.280E+00
       6.000E-02 2.087E-01 1.191E-01 4.820E+00 0.000E+00 0.000E+00 5.148E+00 4.939E+00
       6.500E-02 1.822E-01 1.194E-01 3.840E+00 0.000E+00 0.000E+00 4.142E+00 3.959E+00
       7.000E-02 1.605E-01 1.194E-01 3.108E+00 0.000E+00 0.000E+00 3.388E+00 3.227E+00
       7.500E-02 1.425E-01 1.193E-01 2.550E+00 0.000E+00 0.000E+00 2.812E+00 2.670E+00
       8.000E-02 1.274E-01 1.190E-01 2.118E+00 0.000E+00 0.000E+00 2.365E+00 2.237E+00
       8.500E-02 1.146E-01 1.186E-01 1.779E+00 0.000E+00 0.000E+00 2.012E+00 1.897E+00
       9.000E-02 1.037E-01 1.181E-01 1.508E+00 0.000E+00 0.000E+00 1.730E+00 1.626E+00
       9.500E-02 9.434E-02 1.175E-01 1.289E+00 0.000E+00 0.000E+00 1.501E+00 1.407E+00
       1.000E-01 8.620E-02 1.169E-01 1.111E+00 0.000E+00 0.000E+00 1.314E+00 1.228E+00
       1.130E-01 6.946E-02 1.151E-01 7.782E-01 0.000E+00 0.000E+00 9.628E-01 8.933E-01
       1.250E-01 5.804E-02 1.133E-01 5.796E-01 0.000E+00 0.000E+00 7.510E-01 6.930E-01
       1.500E-01 4.179E-02 1.096E-01 3.402E-01 0.000E+00 0.000E+00 4.916E-01 4.499E-01
       1.750E-01 3.149E-02 1.059E-01 2.170E-01 0.000E+00 0.000E+00 3.544E-01 3.229E-01
       2.000E-01 2.457E-02 1.025E-01 1.472E-01 0.000E+00 0.000E+00 2.742E-01 2.497E-01
       2.250E-01 1.969E-02 9.923E-02 1.047E-01 0.000E+00 0.000E+00 2.237E-01 2.040E-01
       2.500E-01 1.613E-02 9.621E-02 7.745E-02 0.000E+00 0.000E+00 1.898E-01 1.737E-01
       2.750E-01 1.345E-02 9.342E-02 5.910E-02 0.000E+00 0.000E+00 1.660E-01 1.525E-01
       3.000E-01 1.139E-02 9.082E-02 4.628E-02 0.000E+00 0.000E+00 1.485E-01 1.371E-01
       3.500E-01 8.464E-03 8.617E-02 3.022E-02 0.000E+00 0.000E+00 1.249E-01 1.164E-01
       4.000E-01 6.537E-03 8.211E-02 2.107E-02 0.000E+00 0.000E+00 1.097E-01 1.032E-01
       4.500E-01 5.200E-03 7.851E-02 1.544E-02 0.000E+00 0.000E+00 9.915E-02 9.396E-02
       5.000E-01 4.234E-03 7.532E-02 1.179E-02 0.000E+00 0.000E+00 9.134E-02 8.710E-02
       5.500E-01 3.514E-03 7.246E-02 9.293E-03 0.000E+00 0.000E+00 8.526E-02 8.175E-02
       6.000E-01 2.962E-03 6.987E-02 7.514E-03 0.000E+00 0.000E+00 8.035E-02 7.739E-02
       6.500E-01 2.531E-03 6.752E-02 6.199E-03 0.000E+00 0.000E+00 7.625E-02 7.372E-02
       7.000E-01 2.187E-03 6.537E-02 5.210E-03 0.000E+00 0.000E+00 7.277E-02 7.058E-02
       7.500E-01 1.909E-03 6.339E-02 4.454E-03 0.000E+00 0.000E+00 6.975E-02 6.785E-02
       8.000E-01 1.680E-03 6.156E-02 3.870E-03 0.000E+00 0.000E+00 6.711E-02 6.543E-02
       8.500E-01 1.490E-03 5.987E-02 3.409E-03 0.000E+00 0.000E+00 6.477E-02 6.328E-02
       9.000E-01 1.331E-03 5.830E-02 3.030E-03 0.000E+00 0.000E+00 6.266E-02 6.133E-02
       9.500E-01 1.195E-03 5.683E-02 2.703E-03 0.000E+00 0.000E+00 6.072E-02 5.953E-02
       1.000E+00 1.080E-03 5.545E-02 2.413E-03 0.000E+00 0.000E+00 5.894E-02 5.786E-02
       1.130E+00 8.473E-04 5.223E-02 1.866E-03 2.403E-05 0.000E+00 5.497E-02 5.412E-02
       1.250E+00 6.935E-04 4.964E-02 1.549E-03 1.498E-04 0.000E+00 5.203E-02 5.134E-02
       1.500E+00 4.822E-04 4.514E-02 1.111E-03 7.046E-04 0.000E+00 4.744E-02 4.696E-02
       1.750E+00 3.545E-04 4.154E-02 8.489E-04 1.515E-03 0.000E+00 4.425E-02 4.390E-02
       2.000E+00 2.717E-04 3.855E-02 6.783E-04 2.465E-03 0.000E+00 4.197E-02 4.170E-02
       2.250E+00 2.148E-04 3.603E-02 5.601E-04 3.467E-03 2.211E-07 4.028E-02 4.006E-02
       2.500E+00 1.741E-04 3.388E-02 4.751E-04 4.475E-03 1.837E-06 3.900E-02 3.883E-02
       2.750E+00 1.439E-04 3.200E-02 4.112E-04 5.469E-03 5.347E-06 3.803E-02 3.788E-02
       3.000E+00 1.209E-04 3.035E-02 3.616E-04 6.437E-03 1.062E-05 3.728E-02 3.716E-02
       3.500E+00 8.882E-05 2.757E-02 2.897E-04 8.284E-03 2.514E-05 3.626E-02 3.617E-02
       4.000E+00 6.800E-05 2.532E-02 2.405E-04 1.001E-02 4.332E-05 3.568E-02 3.561E-02
       4.500E+00 5.375E-05 2.345E-02 2.050E-04 1.162E-02 6.401E-05 3.539E-02 3.534E-02
       5.000E+00 4.355E-05 2.187E-02 1.784E-04 1.311E-02 8.626E-05 3.529E-02 3.524E-02
       5.500E+00 3.599E-05 2.051E-02 1.576E-04 1.449E-02 1.092E-04 3.531E-02 3.527E-02
       6.000E+00 3.024E-05 1.933E-02 1.411E-04 1.579E-02 1.323E-04 3.542E-02 3.539E-02
       6.500E+00 2.577E-05 1.829E-02 1.276E-04 1.702E-02 1.554E-04 3.562E-02 3.560E-02
       7.000E+00 2.222E-05 1.737E-02 1.164E-04 1.819E-02 1.782E-04 3.588E-02 3.586E-02
       7.500E+00 1.936E-05 1.655E-02 1.070E-04 1.930E-02 2.007E-04 3.618E-02 3.616E-02
       8.000E+00 1.701E-05 1.581E-02 9.890E-05 2.035E-02 2.227E-04 3.650E-02 3.648E-02
       8.500E+00 1.507E-05 1.514E-02 9.196E-05 2.135E-02 2.442E-04 3.685E-02 3.683E-02
       9.000E+00 1.344E-05 1.454E-02 8.591E-05 2.231E-02 2.652E-04 3.721E-02 3.720E-02
       9.500E+00 1.207E-05 1.398E-02 8.057E-05 2.323E-02 2.857E-04 3.759E-02 3.757E-02
       1.000E+01 1.089E-05 1.347E-02 7.584E-05 2.410E-02 3.057E-04 3.797E-02 3.796E-02