       1.000E-03 7.634E+00 4.270E-03 6.530E+03 0.000E+00 0.000E+00 6.538E+03 6.530E+03
       1.500E-03 7.272E+00 8.466E-03 2.571E+03 0.000E+00 0.000E+00 2.579E+03 2.571E+03
       2.000E-03 6.842E+00 1.298E-02 1.285E+03 0.000E+00 0.000E+00 1.292E+03 1.285E+03
       3.000E-03 5.942E+00 2.155E-02 4.670E+02 0.000E+00 0.000E+00 4.729E+02 4.670E+02
       4.000E-03 5.116E+00 2.918E-02 1.222E+03 0.000E+00 0.000E+00 1.227E+03 1.222E+03
       5.000E-03 4.423E+00 3.619E-02 6.870E+02 0.000E+00 0.000E+00 6.914E+02 6.870E+02
       6.000E-03 3.860E+00 4.274E-02 4.268E+02 0.000E+00 0.000E+00 4.307E+02 4.269E+02
       7.000E-03 3.409E+00 4.883E-02 2.833E+02 0.000E+00 0.000E+00 2.868E+02 2.833E+02
       8.000E-03 3.040E+00 5.439E-02 1.986E+02 0.000E+00 0.000E+00 2.017E+02 1.987E+02
       9.000E-03 2.736E+00 5.942E-02 1.443E+02 0.000E+00 0.000E+00 1.471E+02 1.444E+02
       1.000E-02 2.480E+00 6.394E-02 1.085E+02 0.000E+00 0.000E+00 1.110E+02 1.085E+02
       1.500E-02 1.618E+00 8.081E-02 3.545E+01 0.000E+00 0.000E+00 3.715E+01 3.553E+01
       2.000E-02 1.118E+00 9.190E-02 1.583E+01 0.000E+00 0.000E+00 1.704E+01 1.593E+01
       2.500E-02 8.207E-01 9.967E-02 5.428E+01 0.000E+00 0.000E+00 5.521E+01 5.438E+01
       3.000E-02 6.281E-01 1.053E-01 3.391E+01 0.000E+00 0.000E+00 3.465E+01 3.402E+01
       3.500E-02 5.009E-01 1.093E-01 2.247E+01 0.000E+00 0.000E+00 2.308E+01 2.258E+01
       4.000E-02 4.104E-01 1.122E-01 1.561E+01 0.000E+00 0.000E+00 1.614E+01 1.572E+01
       4.500E-02 3.421E-01 1.143E-01 1.130E+01 0.000E+00 0.000E+00 1.176E+01 1.141E+01
       5.000E-02 2.892E-01 1.157E-01 8.443E+00 0.000E+00 0.000E+00 8.848E+00 8.559E+00
       5.500E-02 2.473E-01 1.167E-01 6.472E+00 0.000E+00 0.000E+00 6.836E+00 6.589E+00
       6.000E-02 2.138E-01 1.173E-01 5.067E+00 0.000E+00 0.000E+00 5.399E+00 5.185E+00
       6.500E-02 1.867E-01 1.176E-01 4.040E+00 0.000E+00 0.000E+00 4.344E+00 4.158E+00
       7.000E-02 1.645E-01 1.177E-01 3.272E+00 0.000E+00 0.000E+00 3.554E+00 3.389E+00
       7.500E-02 1.460E-01 1.176E-01 2.686E+00 0.000E+00 0.000E+00 2.950E+00 2.804E+00
       8.000E-02 1.305E-01 1.173E-01 2.232E+00 0.000E+00 0.000E+00 2.480E+00 2.350E+00
       8.500E-02 1.175E-01 1.169E-01 1.875E+00 0.000E+00 0.000E+00 2.110E+00 1.992E+00
       9.000E-02 1.063E-01 1.165E-01 1.591E+00 0.000E+00 0.000E+00 1.813E+00 1.707E+00
       9.500E-02 9.667E-02 1.159E-01 1.361E+00 0.000E+00 0.000E+00 1.573E+00 1.477E+00
       1.000E-01 8.833E-02 1.153E-01 1.173E+00 0.000E+00 0.000E+00 1.377E+00 1.288E+00
       1.130E-01 7.119E-02 1.136E-01 8.227E-01 0.000E+00 0.000E+00 1.008E+00 9.363E-01
       1.250E-01 5.950E-02 1.119E-01 6.133E-01 0.000E+00 0.000E+00 7.846E-01 7.251E-01
       1.500E-01 4.285E-02 1.082E-01 3.605E-01 0.000E+00 0.000E+00 5.115E-01 4.687E-01
       1.750E-01 3.231E-02 1.046E-01 2.302E-01 0.000E+00 0.000E+00 3.671E-01 3.348E-01
       2.000E-01 2.522E-02 1.012E-01 1.564E-01 0.000E+00 0.000E+00 2.827E-01 2.575E-01
       2.250E-01 2.021E-02 9.798E-02 1.114E-01 0.000E+00 0.000E+00 2.296E-01 2.093E-01
       2.500E-01 1.656E-02 9.501E-02 8.239E-02 0.000E+00 0.000E+00 1.940E-01 1.774E-01
       2.750E-01 1.381E-02 9.225E-02 6.289E-02 0.000E+00 0.000E+00 1.690E-01 1.551E-01
       3.000E-01 1.169E-02 8.969E-02 4.927E-02 0.000E+00 0.000E+00 1.506E-01 1.390E-01
       3.500E-01 8.694E-03 8.510E-02 3.219E-02 0.000E+00 0.000E+00 1.260E-01 1.173E-01
       4.000E-01 6.717E-03 8.109E-02 2.246E-02 0.000E+00 0.000E+00 1.103E-01 1.036E-01
       4.500E-01 5.343E-03 7.756E-02 1.648E-02 0.000E+00 0.000E+00 9.938E-02 9.404E-02
       5.000E-01 4.351E-03 7.441E-02 1.259E-02 0.000E+00 0.000E+00 9.135E-02 8.700E-02
       5.500E-01 3.611E-03 7.159E-02 9.924E-03 0.000E+00 0.000E+00 8.513E-02 8.152E-02
       6.000E-01 3.044E-03 6.904E-02 8.024E-03 0.000E+00 0.000E+00 8.011E-02 7.706E-02
       6.500E-01 2.601E-03 6.671E-02 6.621E-03 0.000E+00 0.000E+00 7.593E-02 7.333E-02
       7.000E-01 2.248E-03 6.458E-02 5.566E-03 0.000E+00 0.000E+00 7.240E-02 7.015E-02
       7.500E-01 1.962E-03 6.263E-02 4.760E-03 0.000E+00 0.000E+00 6.935E-02 6.739E-02
       8.000E-01 1.727E-03 6.083E-02 4.135E-03 0.000E+00 0.000E+00 6.670E-02 6.497E-02
       8.500E-01 1.532E-03 5.917E-02 3.643E-03 0.000E+00 0.000E+00 6.434E-02 6.281E-02
       9.000E-01 1.368E-03 5.762E-02 3.237E-03 0.000E+00 0.000E+00 6.223E-02 6.086E-02
       9.500E-01 1.229E-03 5.617E-02 2.888E-03 0.000E+00 0.000E+00 6.029E-02 5.906E-02
       1.000E+00 1.110E-03 5.481E-02 2.579E-03 0.000E+00 0.000E+00 5.850E-02 5.739E-02
       1.130E+00 8.712E-04 5.161E-02 1.996E-03 2.469E-05 0.000E+00 5.451E-02 5.364E-02
       1.250E+00 7.130E-04 4.906E-02 1.656E-03 1.535E-04 0.000E+00 5.159E-02 5.087E-02
       1.500E+00 4.958E-04 4.462E-02 1.188E-03 7.198E-04 0.000E+00 4.702E-02 4.653E-02
       1.750E+00 3.646E-04 4.106E-02 9.065E-04 1.544E-03 0.000E+00 4.387E-02 4.351E-02
       2.000E+00 2.794E-04 3.811E-02 7.243E-04 2.509E-03 0.000E+00 4.162E-02 4.134E-02
       2.250E+00 2.208E-04 3.561E-02 5.986E-04 3.522E-03 2.185E-07 3.995E-02 3.973E-02
       2.500E+00 1.789E-04 3.348E-02 5.077E-04 4.541E-03 1.815E-06 3.871E-02 3.853E-02
       2.750E+00 1.479E-04 3.163E-02 4.392E-04 5.546E-03 5.284E-06 3.776E-02 3.762E-02
       3.000E+00 1.243E-04 3.000E-02 3.860E-04 6.525E-03 1.049E-05 3.704E-02 3.692E-02
       3.500E+00 9.135E-05 2.726E-02 3.091E-04 8.387E-03 2.485E-05 3.607E-02 3.598E-02
       4.000E+00 6.994E-05 2.503E-02 2.566E-04 1.012E-02 4.281E-05 3.552E-02 3.545E-02
       4.500E+00 5.528E-05 2.318E-02 2.187E-04 1.174E-02 6.325E-05 3.526E-02 3.521E-02
       5.000E+00 4.478E-05 2.162E-02 1.903E-04 1.325E-02 8.522E-05 3.518E-02 3.514E-02
       5.500E+00 3.702E-05 2.028E-02 1.681E-04 1.464E-02 1.079E-04 3.523E-02 3.519E-02
       6.000E+00 3.111E-05 1.911E-02 1.504E-04 1.595E-02 1.308E-04 3.537E-02 3.534E-02
       6.500E+00 2.651E-05 1.808E-02 1.360E-04 1.719E-02 1.536E-04 3.559E-02 3.556E-02
       7.000E+00 2.286E-05 1.717E-02 1.240E-04 1.836E-02 1.762E-04 3.586E-02 3.584E-02
       7.500E+00 1.991E-05 1.636E-02 1.140E-04 1.948E-02 1.983E-04 3.617E-02 3.615E-02
       8.000E+00 1.750E-05 1.563E-02 1.054E-04 2.054E-02 2.201E-04 3.651E-02 3.649E-02
       8.500E+00 1.550E-05 1.497E-02 9.799E-05 2.154E-02 2.414E-04 3.687E-02 3.685E-02
       9.000E+00 1.382E-05 1.437E-02 9.150E-05 2.251E-02 2.621E-04 3.724E-02 3.723E-02
       9.500E+00 1.241E-05 1.382E-02 8.582E-05 2.343E-02 2.823E-04 3.763E-02 3.761E-02
       1.000E+01 1.120E-05 1.332E-02 8.081E-05 2.431E-02 3.020E-04 3.802E-02 3.801E-02