       1.000E-03 7.833E+00 4.981E-03 7.029E+03 0.000E+00 0.000E+00 7.037E+03 7.029E+03
       1.500E-03 7.453E+00 9.167E-03 2.783E+03 0.000E+00 0.000E+00 2.791E+03 2.783E+03
       2.000E-03 7.018E+00 1.345E-02 1.393E+03 0.000E+00 0.000E+00 1.401E+03 1.393E+03
       3.000E-03 6.113E+00 2.173E-02 5.075E+02 0.000E+00 0.000E+00 5.136E+02 5.075E+02
       4.000E-03 5.285E+00 2.930E-02 1.300E+03 0.000E+00 0.000E+00 1.305E+03 1.300E+03
       5.000E-03 4.577E+00 3.622E-02 7.341E+02 0.000E+00 0.000E+00 7.388E+02 7.342E+02
       6.000E-03 3.996E+00 4.267E-02 4.570E+02 0.000E+00 0.000E+00 4.611E+02 4.571E+02
       7.000E-03 3.525E+00 4.869E-02 3.037E+02 0.000E+00 0.000E+00 3.073E+02 3.038E+02
       8.000E-03 3.142E+00 5.424E-02 2.132E+02 0.000E+00 0.000E+00 2.164E+02 2.133E+02
       9.000E-03 2.827E+00 5.929E-02 1.551E+02 0.000E+00 0.000E+00 1.579E+02 1.551E+02
       1.000E-02 2.563E+00 6.387E-02 1.166E+02 0.000E+00 0.000E+00 1.193E+02 1.167E+02
       1.500E-02 1.678E+00 8.101E-02 3.822E+01 0.000E+00 0.000E+00 3.998E+01 3.830E+01
       2.000E-02 1.165E+00 9.217E-02 1.710E+01 0.000E+00 0.000E+00 1.836E+01 1.719E+01
       2.500E-02 8.513E-01 1.000E-01 9.106E+00 0.000E+00 0.000E+00 1.006E+01 9.206E+00
       3.000E-02 6.543E-01 1.056E-01 3.592E+01 0.000E+00 0.000E+00 3.668E+01 3.603E+01
       3.500E-02 5.221E-01 1.097E-01 2.389E+01 0.000E+00 0.000E+00 2.452E+01 2.400E+01
       4.000E-02 4.275E-01 1.126E-01 1.665E+01 0.000E+00 0.000E+00 1.719E+01 1.677E+01
       4.500E-02 3.566E-01 1.147E-01 1.207E+01 0.000E+00 0.000E+00 1.254E+01 1.219E+01
       5.000E-02 3.017E-01 1.162E-01 9.027E+00 0.000E+00 0.000E+00 9.445E+00 9.144E+00
       5.500E-02 2.583E-01 1.173E-01 6.924E+00 0.000E+00 0.000E+00 7.300E+00 7.041E+00
       6.000E-02 2.234E-01 1.179E-01 5.425E+00 0.000E+00 0.000E+00 5.766E+00 5.543E+00
       6.500E-02 1.951E-01 1.182E-01 4.328E+00 0.000E+00 0.000E+00 4.641E+00 4.446E+00
       7.000E-02 1.719E-01 1.183E-01 3.507E+00 0.000E+00 0.000E+00 3.798E+00 3.626E+00
       7.500E-02 1.526E-01 1.182E-01 2.882E+00 0.000E+00 0.000E+00 3.152E+00 3.000E+00
       8.000E-02 1.364E-01 1.180E-01 2.396E+00 0.000E+00 0.000E+00 2.651E+00 2.514E+00
       8.500E-02 1.228E-01 1.176E-01 2.014E+00 0.000E+00 0.000E+00 2.254E+00 2.131E+00
       9.000E-02 1.111E-01 1.171E-01 1.709E+00 0.000E+00 0.000E+00 1.937E+00 1.826E+00
       9.500E-02 1.011E-01 1.166E-01 1.462E+00 0.000E+00 0.000E+00 1.680E+00 1.579E+00
       1.000E-01 9.234E-02 1.160E-01 1.261E+00 0.000E+00 0.000E+00 1.470E+00 1.377E+00
       1.130E-01 7.442E-02 1.143E-01 8.854E-01 0.000E+00 0.000E+00 1.074E+00 9.997E-01
       1.250E-01 6.220E-02 1.126E-01 6.606E-01 0.000E+00 0.000E+00 8.354E-01 7.732E-01
       1.500E-01 4.481E-02 1.089E-01 3.889E-01 0.000E+00 0.000E+00 5.426E-01 4.978E-01
       1.750E-01 3.380E-02 1.053E-01 2.486E-01 0.000E+00 0.000E+00 3.877E-01 3.539E-01
       2.000E-01 2.638E-02 1.019E-01 1.689E-01 0.000E+00 0.000E+00 2.972E-01 2.708E-01
       2.250E-01 2.116E-02 9.870E-02 1.204E-01 0.000E+00 0.000E+00 2.403E-01 2.191E-01
       2.500E-01 1.733E-02 9.573E-02 8.917E-02 0.000E+00 0.000E+00 2.022E-01 1.849E-01
       2.750E-01 1.446E-02 9.296E-02 6.811E-02 0.000E+00 0.000E+00 1.755E-01 1.611E-01
       3.000E-01 1.224E-02 9.039E-02 5.339E-02 0.000E+00 0.000E+00 1.560E-01 1.438E-01
       3.500E-01 9.105E-03 8.573E-02 3.493E-02 0.000E+00 0.000E+00 1.298E-01 1.207E-01
       4.000E-01 7.034E-03 8.168E-02 2.439E-02 0.000E+00 0.000E+00 1.131E-01 1.061E-01
       4.500E-01 5.597E-03 7.812E-02 1.790E-02 0.000E+00 0.000E+00 1.016E-01 9.602E-02
       5.000E-01 4.558E-03 7.498E-02 1.367E-02 0.000E+00 0.000E+00 9.321E-02 8.865E-02
       5.500E-01 3.784E-03 7.217E-02 1.078E-02 0.000E+00 0.000E+00 8.673E-02 8.295E-02
       6.000E-01 3.191E-03 6.962E-02 8.720E-03 0.000E+00 0.000E+00 8.153E-02 7.834E-02
       6.500E-01 2.726E-03 6.729E-02 7.197E-03 0.000E+00 0.000E+00 7.721E-02 7.449E-02
       7.000E-01 2.356E-03 6.515E-02 6.051E-03 0.000E+00 0.000E+00 7.356E-02 7.120E-02
       7.500E-01 2.057E-03 6.318E-02 5.176E-03 0.000E+00 0.000E+00 7.041E-02 6.836E-02
       8.000E-01 1.811E-03 6.136E-02 4.499E-03 0.000E+00 0.000E+00 6.767E-02 6.585E-02
       8.500E-01 1.606E-03 5.966E-02 3.965E-03 0.000E+00 0.000E+00 6.523E-02 6.363E-02
       9.000E-01 1.434E-03 5.809E-02 3.524E-03 0.000E+00 0.000E+00 6.305E-02 6.161E-02
       9.500E-01 1.289E-03 5.662E-02 3.144E-03 0.000E+00 0.000E+00 6.105E-02 5.976E-02
       1.000E+00 1.164E-03 5.524E-02 2.807E-03 0.000E+00 0.000E+00 5.921E-02 5.804E-02
       1.130E+00 9.135E-04 5.202E-02 2.171E-03 2.580E-05 0.000E+00 5.513E-02 5.422E-02
       1.250E+00 7.475E-04 4.945E-02 1.802E-03 1.603E-04 0.000E+00 5.216E-02 5.141E-02
       1.500E+00 5.199E-04 4.498E-02 1.292E-03 7.503E-04 0.000E+00 4.754E-02 4.702E-02
       1.750E+00 3.823E-04 4.139E-02 9.863E-04 1.605E-03 0.000E+00 4.436E-02 4.398E-02
       2.000E+00 2.929E-04 3.841E-02 7.877E-04 2.602E-03 0.000E+00 4.209E-02 4.180E-02
       2.250E+00 2.316E-04 3.589E-02 6.502E-04 3.648E-03 2.205E-07 4.042E-02 4.019E-02
       2.500E+00 1.876E-04 3.374E-02 5.514E-04 4.699E-03 1.831E-06 3.918E-02 3.900E-02
       2.750E+00 1.551E-04 3.188E-02 4.771E-04 5.733E-03 5.330E-06 3.825E-02 3.809E-02
       3.000E+00 1.304E-04 3.024E-02 4.194E-04 6.739E-03 1.058E-05 3.754E-02 3.741E-02
       3.500E+00 9.580E-05 2.747E-02 3.358E-04 8.651E-03 2.505E-05 3.658E-02 3.649E-02
       4.000E+00 7.336E-05 2.523E-02 2.786E-04 1.043E-02 4.315E-05 3.606E-02 3.599E-02
       4.500E+00 5.797E-05 2.337E-02 2.375E-04 1.210E-02 6.376E-05 3.582E-02 3.577E-02
       5.000E+00 4.696E-05 2.179E-02 2.065E-04 1.364E-02 8.592E-05 3.577E-02 3.573E-02
       5.500E+00 3.882E-05 2.044E-02 1.824E-04 1.508E-02 1.088E-04 3.584E-02 3.581E-02
       6.000E+00 3.262E-05 1.926E-02 1.632E-04 1.642E-02 1.318E-04 3.601E-02 3.598E-02
       6.500E+00 2.780E-05 1.823E-02 1.476E-04 1.769E-02 1.548E-04 3.625E-02 3.622E-02
       7.000E+00 2.397E-05 1.731E-02 1.346E-04 1.889E-02 1.775E-04 3.654E-02 3.652E-02
       7.500E+00 2.088E-05 1.649E-02 1.237E-04 2.003E-02 1.999E-04 3.687E-02 3.685E-02
       8.000E+00 1.835E-05 1.575E-02 1.143E-04 2.112E-02 2.218E-04 3.723E-02 3.721E-02
       8.500E+00 1.625E-05 1.509E-02 1.063E-04 2.216E-02 2.432E-04 3.761E-02 3.760E-02
       9.000E+00 1.450E-05 1.449E-02 9.926E-05 2.315E-02 2.641E-04 3.801E-02 3.800E-02
       9.500E+00 1.301E-05 1.393E-02 9.310E-05 2.409E-02 2.845E-04 3.842E-02 3.840E-02
       1.000E+01 1.175E-05 1.342E-02 8.765E-05 2.500E-02 3.044E-04 3.883E-02 3.881E-02