       1.000E-03 7.827E+00 5.379E-03 7.345E+03 0.000E+00 0.000E+00 7.353E+03 7.345E+03
       1.500E-03 7.436E+00 9.686E-03 2.923E+03 0.000E+00 0.000E+00 2.931E+03 2.923E+03
       2.000E-03 6.997E+00 1.385E-02 1.466E+03 0.000E+00 0.000E+00 1.473E+03 1.466E+03
       3.000E-03 6.107E+00 2.166E-02 5.352E+02 0.000E+00 0.000E+00 5.413E+02 5.352E+02
       4.000E-03 5.293E+00 2.890E-02 1.164E+03 0.000E+00 0.000E+00 1.169E+03 1.164E+03
       5.000E-03 4.595E+00 3.555E-02 7.639E+02 0.000E+00 0.000E+00 7.686E+02 7.640E+02
       6.000E-03 4.015E+00 4.170E-02 4.752E+02 0.000E+00 0.000E+00 4.793E+02 4.753E+02
       7.000E-03 3.541E+00 4.743E-02 3.162E+02 0.000E+00 0.000E+00 3.198E+02 3.162E+02
       8.000E-03 3.154E+00 5.276E-02 2.222E+02 0.000E+00 0.000E+00 2.254E+02 2.222E+02
       9.000E-03 2.836E+00 5.767E-02 1.617E+02 0.000E+00 0.000E+00 1.646E+02 1.618E+02
       1.000E-02 2.569E+00 6.214E-02 1.218E+02 0.000E+00 0.000E+00 1.244E+02 1.218E+02
       1.500E-02 1.687E+00 7.902E-02 4.001E+01 0.000E+00 0.000E+00 4.178E+01 4.009E+01
       2.000E-02 1.176E+00 8.995E-02 1.794E+01 0.000E+00 0.000E+00 1.920E+01 1.803E+01
       2.500E-02 8.604E-01 9.762E-02 9.557E+00 0.000E+00 0.000E+00 1.051E+01 9.654E+00
       3.000E-02 6.611E-01 1.031E-01 3.688E+01 0.000E+00 0.000E+00 3.765E+01 3.699E+01
       3.500E-02 5.273E-01 1.070E-01 2.463E+01 0.000E+00 0.000E+00 2.526E+01 2.474E+01
       4.000E-02 4.318E-01 1.099E-01 1.723E+01 0.000E+00 0.000E+00 1.778E+01 1.734E+01
       4.500E-02 3.604E-01 1.120E-01 1.251E+01 0.000E+00 0.000E+00 1.298E+01 1.262E+01
       5.000E-02 3.052E-01 1.135E-01 9.359E+00 0.000E+00 0.000E+00 9.778E+00 9.473E+00
       5.500E-02 2.615E-01 1.145E-01 7.185E+00 0.000E+00 0.000E+00 7.561E+00 7.300E+00
       6.000E-02 2.263E-01 1.152E-01 5.636E+00 0.000E+00 0.000E+00 5.977E+00 5.751E+00
       6.500E-02 1.978E-01 1.155E-01 4.501E+00 0.000E+00 0.000E+00 4.814E+00 4.616E+00
       7.000E-02 1.742E-01 1.156E-01 3.651E+00 0.000E+00 0.000E+00 3.941E+00 3.766E+00
       7.500E-02 1.547E-01 1.156E-01 3.002E+00 0.000E+00 0.000E+00 3.272E+00 3.117E+00
       8.000E-02 1.383E-01 1.153E-01 2.498E+00 0.000E+00 0.000E+00 2.751E+00 2.613E+00
       8.500E-02 1.245E-01 1.150E-01 2.100E+00 0.000E+00 0.000E+00 2.340E+00 2.215E+00
       9.000E-02 1.126E-01 1.146E-01 1.783E+00 0.000E+00 0.000E+00 2.010E+00 1.897E+00
       9.500E-02 1.025E-01 1.140E-01 1.526E+00 0.000E+00 0.000E+00 1.743E+00 1.640E+00
       1.000E-01 9.364E-02 1.135E-01 1.317E+00 0.000E+00 0.000E+00 1.524E+00 1.430E+00
       1.130E-01 7.548E-02 1.118E-01 9.253E-01 0.000E+00 0.000E+00 1.113E+00 1.037E+00
       1.250E-01 6.308E-02 1.102E-01 6.908E-01 0.000E+00 0.000E+00 8.641E-01 8.010E-01
       1.500E-01 4.545E-02 1.066E-01 4.073E-01 0.000E+00 0.000E+00 5.593E-01 5.139E-01
       1.750E-01 3.429E-02 1.031E-01 2.607E-01 0.000E+00 0.000E+00 3.980E-01 3.637E-01
       2.000E-01 2.678E-02 9.975E-02 1.773E-01 0.000E+00 0.000E+00 3.039E-01 2.771E-01
       2.250E-01 2.148E-02 9.662E-02 1.265E-01 0.000E+00 0.000E+00 2.446E-01 2.231E-01
       2.500E-01 1.760E-02 9.371E-02 9.368E-02 0.000E+00 0.000E+00 2.050E-01 1.874E-01
       2.750E-01 1.469E-02 9.101E-02 7.159E-02 0.000E+00 0.000E+00 1.773E-01 1.626E-01
       3.000E-01 1.244E-02 8.850E-02 5.614E-02 0.000E+00 0.000E+00 1.571E-01 1.446E-01
       3.500E-01 9.255E-03 8.399E-02 3.677E-02 0.000E+00 0.000E+00 1.300E-01 1.208E-01
       4.000E-01 7.152E-03 8.004E-02 2.569E-02 0.000E+00 0.000E+00 1.129E-01 1.057E-01
       4.500E-01 5.690E-03 7.654E-02 1.887E-02 0.000E+00 0.000E+00 1.011E-01 9.541E-02
       5.000E-01 4.634E-03 7.345E-02 1.442E-02 0.000E+00 0.000E+00 9.250E-02 8.786E-02
       5.500E-01 3.847E-03 7.069E-02 1.138E-02 0.000E+00 0.000E+00 8.591E-02 8.206E-02
       6.000E-01 3.244E-03 6.820E-02 9.204E-03 0.000E+00 0.000E+00 8.065E-02 7.740E-02
       6.500E-01 2.772E-03 6.593E-02 7.599E-03 0.000E+00 0.000E+00 7.630E-02 7.353E-02
       7.000E-01 2.396E-03 6.384E-02 6.390E-03 0.000E+00 0.000E+00 7.262E-02 7.023E-02
       7.500E-01 2.092E-03 6.191E-02 5.467E-03 0.000E+00 0.000E+00 6.946E-02 6.737E-02
       8.000E-01 1.841E-03 6.011E-02 4.752E-03 0.000E+00 0.000E+00 6.670E-02 6.486E-02
       8.500E-01 1.633E-03 5.843E-02 4.187E-03 0.000E+00 0.000E+00 6.425E-02 6.262E-02
       9.000E-01 1.458E-03 5.688E-02 3.721E-03 0.000E+00 0.000E+00 6.205E-02 6.060E-02
       9.500E-01 1.310E-03 5.544E-02 3.321E-03 0.000E+00 0.000E+00 6.007E-02 5.876E-02
       1.000E+00 1.184E-03 5.411E-02 2.965E-03 0.000E+00 0.000E+00 5.826E-02 5.707E-02
       1.130E+00 9.293E-04 5.100E-02 2.293E-03 2.622E-05 0.000E+00 5.425E-02 5.332E-02
       1.250E+00 7.602E-04 4.846E-02 1.903E-03 1.628E-04 0.000E+00 5.128E-02 5.052E-02
       1.500E+00 5.289E-04 4.407E-02 1.364E-03 7.597E-04 0.000E+00 4.673E-02 4.620E-02
       1.750E+00 3.891E-04 4.055E-02 1.040E-03 1.621E-03 0.000E+00 4.360E-02 4.321E-02
       2.000E+00 2.981E-04 3.764E-02 8.314E-04 2.622E-03 0.000E+00 4.139E-02 4.109E-02
       2.250E+00 2.356E-04 3.519E-02 6.879E-04 3.672E-03 2.159E-07 3.978E-02 3.955E-02
       2.500E+00 1.909E-04 3.308E-02 5.831E-04 4.725E-03 1.794E-06 3.858E-02 3.839E-02
       2.750E+00 1.578E-04 3.124E-02 5.039E-04 5.760E-03 5.222E-06 3.767E-02 3.751E-02
       3.000E+00 1.326E-04 2.963E-02 4.425E-04 6.766E-03 1.037E-05 3.698E-02 3.685E-02
       3.500E+00 9.751E-05 2.692E-02 3.540E-04 8.677E-03 2.455E-05 3.607E-02 3.598E-02
       4.000E+00 7.468E-05 2.472E-02 2.938E-04 1.046E-02 4.228E-05 3.559E-02 3.552E-02
       4.500E+00 5.900E-05 2.290E-02 2.503E-04 1.212E-02 6.246E-05 3.539E-02 3.533E-02
       5.000E+00 4.779E-05 2.135E-02 2.176E-04 1.366E-02 8.416E-05 3.536E-02 3.532E-02
       5.500E+00 3.949E-05 2.003E-02 1.922E-04 1.509E-02 1.066E-04 3.545E-02 3.541E-02
       6.000E+00 3.319E-05 1.887E-02 1.720E-04 1.643E-02 1.292E-04 3.563E-02 3.560E-02
       6.500E+00 2.828E-05 1.786E-02 1.555E-04 1.769E-02 1.517E-04 3.589E-02 3.586E-02
       7.000E+00 2.439E-05 1.697E-02 1.418E-04 1.889E-02 1.739E-04 3.620E-02 3.617E-02
       7.500E+00 2.124E-05 1.616E-02 1.302E-04 2.003E-02 1.958E-04 3.654E-02 3.652E-02
       8.000E+00 1.867E-05 1.544E-02 1.204E-04 2.111E-02 2.173E-04 3.691E-02 3.689E-02
       8.500E+00 1.654E-05 1.479E-02 1.119E-04 2.214E-02 2.383E-04 3.730E-02 3.728E-02
       9.000E+00 1.475E-05 1.420E-02 1.045E-04 2.313E-02 2.588E-04 3.770E-02 3.769E-02
       9.500E+00 1.324E-05 1.365E-02 9.805E-05 2.407E-02 2.788E-04 3.811E-02 3.810E-02
       1.000E+01 1.195E-05 1.315E-02 9.231E-05 2.498E-02 2.982E-04 3.853E-02 3.852E-02