       1.000E-03 7.951E+00 5.455E-03 7.799E+03 0.000E+00 0.000E+00 7.807E+03 7.799E+03
       1.500E-03 7.537E+00 9.871E-03 3.123E+03 0.000E+00 0.000E+00 3.131E+03 3.123E+03
       2.000E-03 7.086E+00 1.417E-02 1.571E+03 0.000E+00 0.000E+00 1.578E+03 1.571E+03
       3.000E-03 6.194E+00 2.204E-02 5.748E+02 0.000E+00 0.000E+00 5.811E+02 5.749E+02
       4.000E-03 5.386E+00 2.916E-02 1.225E+03 0.000E+00 0.000E+00 1.231E+03 1.225E+03
       5.000E-03 4.691E+00 3.568E-02 8.088E+02 0.000E+00 0.000E+00 8.135E+02 8.088E+02
       6.000E-03 4.106E+00 4.168E-02 5.030E+02 0.000E+00 0.000E+00 5.072E+02 5.031E+02
       7.000E-03 3.622E+00 4.725E-02 3.351E+02 0.000E+00 0.000E+00 3.388E+02 3.352E+02
       8.000E-03 3.226E+00 5.245E-02 2.358E+02 0.000E+00 0.000E+00 2.390E+02 2.358E+02
       9.000E-03 2.898E+00 5.731E-02 1.718E+02 0.000E+00 0.000E+00 1.748E+02 1.719E+02
       1.000E-02 2.625E+00 6.178E-02 1.294E+02 0.000E+00 0.000E+00 1.321E+02 1.295E+02
       1.500E-02 1.727E+00 7.862E-02 4.265E+01 0.000E+00 0.000E+00 4.445E+01 4.272E+01
       2.000E-02 1.209E+00 8.953E-02 1.914E+01 0.000E+00 0.000E+00 2.044E+01 1.923E+01
       2.500E-02 8.861E-01 9.716E-02 1.020E+01 0.000E+00 0.000E+00 1.119E+01 1.030E+01
       3.000E-02 6.808E-01 1.026E-01 3.870E+01 0.000E+00 0.000E+00 3.949E+01 3.880E+01
       3.500E-02 5.428E-01 1.066E-01 2.592E+01 0.000E+00 0.000E+00 2.657E+01 2.602E+01
       4.000E-02 4.444E-01 1.095E-01 1.817E+01 0.000E+00 0.000E+00 1.873E+01 1.828E+01
       4.500E-02 3.712E-01 1.116E-01 1.320E+01 0.000E+00 0.000E+00 1.368E+01 1.331E+01
       5.000E-02 3.146E-01 1.131E-01 9.876E+00 0.000E+00 0.000E+00 1.030E+01 9.989E+00
       5.500E-02 2.697E-01 1.141E-01 7.588E+00 0.000E+00 0.000E+00 7.972E+00 7.702E+00
       6.000E-02 2.336E-01 1.148E-01 5.958E+00 0.000E+00 0.000E+00 6.306E+00 6.073E+00
       6.500E-02 2.041E-01 1.151E-01 4.763E+00 0.000E+00 0.000E+00 5.082E+00 4.878E+00
       7.000E-02 1.799E-01 1.152E-01 3.866E+00 0.000E+00 0.000E+00 4.162E+00 3.982E+00
       7.500E-02 1.598E-01 1.152E-01 3.181E+00 0.000E+00 0.000E+00 3.456E+00 3.296E+00
       8.000E-02 1.429E-01 1.150E-01 2.649E+00 0.000E+00 0.000E+00 2.906E+00 2.764E+00
       8.500E-02 1.286E-01 1.146E-01 2.229E+00 0.000E+00 0.000E+00 2.472E+00 2.343E+00
       9.000E-02 1.164E-01 1.142E-01 1.893E+00 0.000E+00 0.000E+00 2.123E+00 2.007E+00
       9.500E-02 1.058E-01 1.137E-01 1.621E+00 0.000E+00 0.000E+00 1.841E+00 1.735E+00
       1.000E-01 9.672E-02 1.132E-01 1.399E+00 0.000E+00 0.000E+00 1.609E+00 1.513E+00
       1.130E-01 7.796E-02 1.116E-01 9.843E-01 0.000E+00 0.000E+00 1.174E+00 1.096E+00
       1.250E-01 6.516E-02 1.100E-01 7.355E-01 0.000E+00 0.000E+00 9.106E-01 8.455E-01
       1.500E-01 4.697E-02 1.064E-01 4.342E-01 0.000E+00 0.000E+00 5.876E-01 5.406E-01
       1.750E-01 3.546E-02 1.029E-01 2.781E-01 0.000E+00 0.000E+00 4.165E-01 3.811E-01
       2.000E-01 2.770E-02 9.960E-02 1.894E-01 0.000E+00 0.000E+00 3.167E-01 2.890E-01
       2.250E-01 2.223E-02 9.649E-02 1.352E-01 0.000E+00 0.000E+00 2.539E-01 2.317E-01
       2.500E-01 1.822E-02 9.359E-02 1.002E-01 0.000E+00 0.000E+00 2.120E-01 1.938E-01
       2.750E-01 1.520E-02 9.089E-02 7.666E-02 0.000E+00 0.000E+00 1.828E-01 1.675E-01
       3.000E-01 1.288E-02 8.838E-02 6.016E-02 0.000E+00 0.000E+00 1.614E-01 1.485E-01
       3.500E-01 9.582E-03 8.386E-02 3.942E-02 0.000E+00 0.000E+00 1.329E-01 1.233E-01
       4.000E-01 7.406E-03 7.993E-02 2.756E-02 0.000E+00 0.000E+00 1.149E-01 1.075E-01
       4.500E-01 5.893E-03 7.650E-02 2.025E-02 0.000E+00 0.000E+00 1.026E-01 9.675E-02
       5.000E-01 4.800E-03 7.343E-02 1.548E-02 0.000E+00 0.000E+00 9.371E-02 8.891E-02
       5.500E-01 3.984E-03 7.065E-02 1.222E-02 0.000E+00 0.000E+00 8.685E-02 8.287E-02
       6.000E-01 3.360E-03 6.813E-02 9.892E-03 0.000E+00 0.000E+00 8.138E-02 7.802E-02
       6.500E-01 2.872E-03 6.586E-02 8.168E-03 0.000E+00 0.000E+00 7.690E-02 7.403E-02
       7.000E-01 2.482E-03 6.378E-02 6.869E-03 0.000E+00 0.000E+00 7.314E-02 7.065E-02
       7.500E-01 2.167E-03 6.186E-02 5.877E-03 0.000E+00 0.000E+00 6.990E-02 6.773E-02
       8.000E-01 1.908E-03 6.005E-02 5.109E-03 0.000E+00 0.000E+00 6.707E-02 6.516E-02
       8.500E-01 1.693E-03 5.836E-02 4.503E-03 0.000E+00 0.000E+00 6.455E-02 6.286E-02
       9.000E-01 1.512E-03 5.679E-02 4.003E-03 0.000E+00 0.000E+00 6.230E-02 6.079E-02
       9.500E-01 1.359E-03 5.536E-02 3.572E-03 0.000E+00 0.000E+00 6.029E-02 5.893E-02
       1.000E+00 1.227E-03 5.407E-02 3.189E-03 0.000E+00 0.000E+00 5.849E-02 5.726E-02
       1.130E+00 9.631E-04 5.102E-02 2.466E-03 2.718E-05 0.000E+00 5.447E-02 5.351E-02
       1.250E+00 7.883E-04 4.843E-02 2.047E-03 1.685E-04 0.000E+00 5.143E-02 5.064E-02
       1.500E+00 5.481E-04 4.405E-02 1.466E-03 7.846E-04 0.000E+00 4.685E-02 4.630E-02
       1.750E+00 4.031E-04 4.053E-02 1.119E-03 1.669E-03 0.000E+00 4.372E-02 4.332E-02
       2.000E+00 3.090E-04 3.762E-02 8.937E-04 2.694E-03 0.000E+00 4.151E-02 4.120E-02
       2.250E+00 2.443E-04 3.516E-02 7.382E-04 3.766E-03 2.158E-07 3.991E-02 3.967E-02
       2.500E+00 1.980E-04 3.305E-02 6.257E-04 4.837E-03 1.793E-06 3.872E-02 3.852E-02
       2.750E+00 1.636E-04 3.122E-02 5.409E-04 5.889E-03 5.218E-06 3.782E-02 3.766E-02
       3.000E+00 1.375E-04 2.961E-02 4.751E-04 6.913E-03 1.036E-05 3.715E-02 3.701E-02
       3.500E+00 1.011E-04 2.690E-02 3.801E-04 8.862E-03 2.453E-05 3.627E-02 3.617E-02
       4.000E+00 7.741E-05 2.471E-02 3.153E-04 1.068E-02 4.226E-05 3.582E-02 3.574E-02
       4.500E+00 6.117E-05 2.288E-02 2.686E-04 1.237E-02 6.243E-05 3.565E-02 3.558E-02
       5.000E+00 4.954E-05 2.134E-02 2.335E-04 1.394E-02 8.413E-05 3.564E-02 3.559E-02
       5.500E+00 4.095E-05 2.002E-02 2.062E-04 1.539E-02 1.065E-04 3.576E-02 3.572E-02
       6.000E+00 3.441E-05 1.887E-02 1.845E-04 1.675E-02 1.291E-04 3.596E-02 3.593E-02
       6.500E+00 2.932E-05 1.785E-02 1.667E-04 1.803E-02 1.516E-04 3.624E-02 3.621E-02
       7.000E+00 2.529E-05 1.696E-02 1.520E-04 1.925E-02 1.738E-04 3.656E-02 3.654E-02
       7.500E+00 2.203E-05 1.615E-02 1.397E-04 2.041E-02 1.957E-04 3.692E-02 3.690E-02
       8.000E+00 1.936E-05 1.543E-02 1.291E-04 2.151E-02 2.171E-04 3.731E-02 3.729E-02
       8.500E+00 1.715E-05 1.478E-02 1.200E-04 2.256E-02 2.381E-04 3.771E-02 3.770E-02
       9.000E+00 1.529E-05 1.419E-02 1.120E-04 2.356E-02 2.586E-04 3.813E-02 3.812E-02
       9.500E+00 1.373E-05 1.364E-02 1.051E-04 2.452E-02 2.785E-04 3.856E-02 3.854E-02
       1.000E+01 1.239E-05 1.314E-02 9.892E-05 2.543E-02 2.980E-04 3.899E-02 3.897E-02