       1.000E-03 8.000E+00 5.271E-03 8.147E+03 0.000E+00 0.000E+00 8.155E+03 8.147E+03
       1.500E-03 7.569E+00 9.684E-03 3.288E+03 0.000E+00 0.000E+00 3.296E+03 3.288E+03
       2.000E-03 7.102E+00 1.405E-02 1.658E+03 0.000E+00 0.000E+00 1.665E+03 1.658E+03
       3.000E-03 6.204E+00 2.202E-02 6.077E+02 0.000E+00 0.000E+00 6.140E+02 6.078E+02
       4.000E-03 5.408E+00 2.906E-02 9.339E+02 0.000E+00 0.000E+00 9.394E+02 9.340E+02
       5.000E-03 4.722E+00 3.540E-02 8.421E+02 0.000E+00 0.000E+00 8.469E+02 8.422E+02
       6.000E-03 4.142E+00 4.122E-02 5.251E+02 0.000E+00 0.000E+00 5.292E+02 5.251E+02
       7.000E-03 3.657E+00 4.661E-02 3.503E+02 0.000E+00 0.000E+00 3.540E+02 3.504E+02
       8.000E-03 3.256E+00 5.164E-02 2.467E+02 0.000E+00 0.000E+00 2.501E+02 2.468E+02
       9.000E-03 2.924E+00 5.634E-02 1.800E+02 0.000E+00 0.000E+00 1.829E+02 1.800E+02
       1.000E-02 2.647E+00 6.067E-02 1.357E+02 0.000E+00 0.000E+00 1.384E+02 1.358E+02
       1.500E-02 1.744E+00 7.731E-02 4.482E+01 0.000E+00 0.000E+00 4.664E+01 4.490E+01
       2.000E-02 1.227E+00 8.807E-02 2.014E+01 0.000E+00 0.000E+00 2.146E+01 2.023E+01
       2.500E-02 9.011E-01 9.550E-02 1.075E+01 0.000E+00 0.000E+00 1.174E+01 1.084E+01
       3.000E-02 6.914E-01 1.009E-01 4.042E+01 0.000E+00 0.000E+00 4.121E+01 4.052E+01
       3.500E-02 5.510E-01 1.048E-01 2.750E+01 0.000E+00 0.000E+00 2.815E+01 2.760E+01
       4.000E-02 4.513E-01 1.077E-01 1.887E+01 0.000E+00 0.000E+00 1.943E+01 1.897E+01
       4.500E-02 3.771E-01 1.098E-01 1.365E+01 0.000E+00 0.000E+00 1.414E+01 1.376E+01
       5.000E-02 3.199E-01 1.113E-01 1.027E+01 0.000E+00 0.000E+00 1.070E+01 1.038E+01
       5.500E-02 2.744E-01 1.123E-01 7.909E+00 0.000E+00 0.000E+00 8.296E+00 8.021E+00
       6.000E-02 2.378E-01 1.129E-01 6.214E+00 0.000E+00 0.000E+00 6.565E+00 6.327E+00
       6.500E-02 2.080E-01 1.133E-01 4.971E+00 0.000E+00 0.000E+00 5.292E+00 5.084E+00
       7.000E-02 1.833E-01 1.134E-01 4.038E+00 0.000E+00 0.000E+00 4.335E+00 4.151E+00
       7.500E-02 1.628E-01 1.134E-01 3.325E+00 0.000E+00 0.000E+00 3.601E+00 3.438E+00
       8.000E-02 1.456E-01 1.132E-01 2.770E+00 0.000E+00 0.000E+00 3.029E+00 2.883E+00
       8.500E-02 1.311E-01 1.129E-01 2.332E+00 0.000E+00 0.000E+00 2.576E+00 2.445E+00
       9.000E-02 1.186E-01 1.125E-01 1.982E+00 0.000E+00 0.000E+00 2.213E+00 2.094E+00
       9.500E-02 1.079E-01 1.120E-01 1.698E+00 0.000E+00 0.000E+00 1.918E+00 1.810E+00
       1.000E-01 9.862E-02 1.115E-01 1.467E+00 0.000E+00 0.000E+00 1.677E+00 1.578E+00
       1.130E-01 7.949E-02 1.099E-01 1.033E+00 0.000E+00 0.000E+00 1.222E+00 1.143E+00
       1.250E-01 6.645E-02 1.083E-01 7.721E-01 0.000E+00 0.000E+00 9.469E-01 8.805E-01
       1.500E-01 4.790E-02 1.049E-01 4.564E-01 0.000E+00 0.000E+00 6.091E-01 5.612E-01
       1.750E-01 3.617E-02 1.015E-01 2.927E-01 0.000E+00 0.000E+00 4.303E-01 3.942E-01
       2.000E-01 2.827E-02 9.821E-02 1.995E-01 0.000E+00 0.000E+00 3.260E-01 2.977E-01
       2.250E-01 2.269E-02 9.517E-02 1.425E-01 0.000E+00 0.000E+00 2.604E-01 2.377E-01
       2.500E-01 1.861E-02 9.232E-02 1.057E-01 0.000E+00 0.000E+00 2.167E-01 1.981E-01
       2.750E-01 1.553E-02 8.967E-02 8.090E-02 0.000E+00 0.000E+00 1.861E-01 1.706E-01
       3.000E-01 1.315E-02 8.720E-02 6.351E-02 0.000E+00 0.000E+00 1.639E-01 1.507E-01
       3.500E-01 9.787E-03 8.276E-02 4.166E-02 0.000E+00 0.000E+00 1.342E-01 1.244E-01
       4.000E-01 7.564E-03 7.888E-02 2.915E-02 0.000E+00 0.000E+00 1.156E-01 1.080E-01
       4.500E-01 6.021E-03 7.548E-02 2.143E-02 0.000E+00 0.000E+00 1.029E-01 9.691E-02
       5.000E-01 4.906E-03 7.244E-02 1.639E-02 0.000E+00 0.000E+00 9.374E-02 8.883E-02
       5.500E-01 4.073E-03 6.970E-02 1.294E-02 0.000E+00 0.000E+00 8.672E-02 8.264E-02
       6.000E-01 3.435E-03 6.722E-02 1.048E-02 0.000E+00 0.000E+00 8.113E-02 7.770E-02
       6.500E-01 2.936E-03 6.496E-02 8.658E-03 0.000E+00 0.000E+00 7.656E-02 7.362E-02
       7.000E-01 2.539E-03 6.290E-02 7.284E-03 0.000E+00 0.000E+00 7.272E-02 7.018E-02
       7.500E-01 2.216E-03 6.100E-02 6.233E-03 0.000E+00 0.000E+00 6.945E-02 6.724E-02
       8.000E-01 1.951E-03 5.925E-02 5.418E-03 0.000E+00 0.000E+00 6.662E-02 6.467E-02
       8.500E-01 1.731E-03 5.763E-02 4.774E-03 0.000E+00 0.000E+00 6.413E-02 6.240E-02
       9.000E-01 1.546E-03 5.611E-02 4.242E-03 0.000E+00 0.000E+00 6.190E-02 6.035E-02
       9.500E-01 1.389E-03 5.469E-02 3.785E-03 0.000E+00 0.000E+00 5.987E-02 5.848E-02
       1.000E+00 1.255E-03 5.337E-02 3.381E-03 0.000E+00 0.000E+00 5.800E-02 5.675E-02
       1.130E+00 9.854E-04 5.028E-02 2.615E-03 2.778E-05 0.000E+00 5.390E-02 5.292E-02
       1.250E+00 8.061E-04 4.779E-02 2.170E-03 1.721E-04 0.000E+00 5.094E-02 5.013E-02
       1.500E+00 5.606E-04 4.347E-02 1.554E-03 7.995E-04 0.000E+00 4.638E-02 4.582E-02
       1.750E+00 4.125E-04 4.000E-02 1.184E-03 1.698E-03 0.000E+00 4.329E-02 4.288E-02
       2.000E+00 3.161E-04 3.712E-02 9.466E-04 2.734E-03 0.000E+00 4.112E-02 4.080E-02
       2.250E+00 2.499E-04 3.470E-02 7.830E-04 3.814E-03 2.129E-07 3.954E-02 3.929E-02
       2.500E+00 2.025E-04 3.262E-02 6.635E-04 4.894E-03 1.769E-06 3.838E-02 3.818E-02
       2.750E+00 1.674E-04 3.081E-02 5.732E-04 5.954E-03 5.149E-06 3.751E-02 3.735E-02
       3.000E+00 1.407E-04 2.923E-02 5.031E-04 6.985E-03 1.022E-05 3.686E-02 3.672E-02
       3.500E+00 1.034E-04 2.655E-02 4.023E-04 8.946E-03 2.421E-05 3.603E-02 3.593E-02
       4.000E+00 7.919E-05 2.439E-02 3.337E-04 1.077E-02 4.170E-05 3.561E-02 3.553E-02
       4.500E+00 6.258E-05 2.259E-02 2.842E-04 1.247E-02 6.160E-05 3.546E-02 3.540E-02
       5.000E+00 5.069E-05 2.106E-02 2.471E-04 1.404E-02 8.299E-05 3.548E-02 3.543E-02
       5.500E+00 4.190E-05 1.975E-02 2.182E-04 1.549E-02 1.051E-04 3.561E-02 3.557E-02
       6.000E+00 3.521E-05 1.862E-02 1.951E-04 1.686E-02 1.273E-04 3.583E-02 3.580E-02
       6.500E+00 3.000E-05 1.762E-02 1.763E-04 1.815E-02 1.495E-04 3.613E-02 3.610E-02
       7.000E+00 2.587E-05 1.674E-02 1.608E-04 1.937E-02 1.715E-04 3.647E-02 3.644E-02
       7.500E+00 2.253E-05 1.595E-02 1.476E-04 2.053E-02 1.931E-04 3.684E-02 3.682E-02
       8.000E+00 1.980E-05 1.523E-02 1.365E-04 2.163E-02 2.143E-04 3.724E-02 3.722E-02
       8.500E+00 1.754E-05 1.459E-02 1.268E-04 2.268E-02 2.350E-04 3.765E-02 3.763E-02
       9.000E+00 1.565E-05 1.400E-02 1.185E-04 2.369E-02 2.552E-04 3.808E-02 3.806E-02
       9.500E+00 1.405E-05 1.346E-02 1.111E-04 2.465E-02 2.748E-04 3.851E-02 3.850E-02
       1.000E+01 1.268E-05 1.297E-02 1.046E-04 2.557E-02 2.940E-04 3.895E-02 3.894E-02