       1.000E-03 8.112E+00 5.025E-03 8.577E+03 0.000E+00 0.000E+00 8.585E+03 8.577E+03
       1.500E-03 7.672E+00 9.324E-03 3.483E+03 0.000E+00 0.000E+00 3.491E+03 3.483E+03
       2.000E-03 7.187E+00 1.367E-02 1.760E+03 0.000E+00 0.000E+00 1.767E+03 1.760E+03
       3.000E-03 6.267E+00 2.182E-02 6.470E+02 0.000E+00 0.000E+00 6.533E+02 6.470E+02
       4.000E-03 5.466E+00 2.899E-02 3.114E+02 0.000E+00 0.000E+00 3.169E+02 3.114E+02
       5.000E-03 4.785E+00 3.532E-02 8.799E+02 0.000E+00 0.000E+00 8.848E+02 8.800E+02
       6.000E-03 4.205E+00 4.104E-02 5.525E+02 0.000E+00 0.000E+00 5.567E+02 5.525E+02
       7.000E-03 3.718E+00 4.630E-02 3.687E+02 0.000E+00 0.000E+00 3.725E+02 3.688E+02
       8.000E-03 3.311E+00 5.119E-02 2.597E+02 0.000E+00 0.000E+00 2.631E+02 2.598E+02
       9.000E-03 2.972E+00 5.579E-02 1.896E+02 0.000E+00 0.000E+00 1.926E+02 1.897E+02
       1.000E-02 2.690E+00 6.005E-02 1.431E+02 0.000E+00 0.000E+00 1.458E+02 1.432E+02
       1.500E-02 1.773E+00 7.657E-02 4.739E+01 0.000E+00 0.000E+00 4.924E+01 4.746E+01
       2.000E-02 1.252E+00 8.725E-02 2.134E+01 0.000E+00 0.000E+00 2.268E+01 2.143E+01
       2.500E-02 9.229E-01 9.465E-02 1.139E+01 0.000E+00 0.000E+00 1.241E+01 1.149E+01
       3.000E-02 7.078E-01 1.000E-01 6.821E+00 0.000E+00 0.000E+00 7.629E+00 6.921E+00
       3.500E-02 5.634E-01 1.039E-01 2.797E+01 0.000E+00 0.000E+00 2.863E+01 2.807E+01
       4.000E-02 4.616E-01 1.067E-01 1.970E+01 0.000E+00 0.000E+00 2.026E+01 1.980E+01
       4.500E-02 3.859E-01 1.088E-01 1.435E+01 0.000E+00 0.000E+00 1.484E+01 1.446E+01
       5.000E-02 3.274E-01 1.103E-01 1.076E+01 0.000E+00 0.000E+00 1.120E+01 1.087E+01
       5.500E-02 2.811E-01 1.113E-01 8.287E+00 0.000E+00 0.000E+00 8.680E+00 8.399E+00
       6.000E-02 2.438E-01 1.120E-01 6.519E+00 0.000E+00 0.000E+00 6.875E+00 6.631E+00
       6.500E-02 2.133E-01 1.124E-01 5.220E+00 0.000E+00 0.000E+00 5.545E+00 5.332E+00
       7.000E-02 1.881E-01 1.126E-01 4.243E+00 0.000E+00 0.000E+00 4.544E+00 4.356E+00
       7.500E-02 1.672E-01 1.126E-01 3.496E+00 0.000E+00 0.000E+00 3.775E+00 3.608E+00
       8.000E-02 1.495E-01 1.124E-01 2.914E+00 0.000E+00 0.000E+00 3.176E+00 3.026E+00
       8.500E-02 1.346E-01 1.121E-01 2.454E+00 0.000E+00 0.000E+00 2.701E+00 2.567E+00
       9.000E-02 1.218E-01 1.117E-01 2.087E+00 0.000E+00 0.000E+00 2.320E+00 2.199E+00
       9.500E-02 1.108E-01 1.112E-01 1.789E+00 0.000E+00 0.000E+00 2.011E+00 1.900E+00
       1.000E-01 1.012E-01 1.107E-01 1.546E+00 0.000E+00 0.000E+00 1.758E+00 1.656E+00
       1.130E-01 8.157E-02 1.092E-01 1.090E+00 0.000E+00 0.000E+00 1.280E+00 1.199E+00
       1.250E-01 6.820E-02 1.076E-01 8.155E-01 0.000E+00 0.000E+00 9.913E-01 9.231E-01
       1.500E-01 4.919E-02 1.042E-01 4.828E-01 0.000E+00 0.000E+00 6.361E-01 5.869E-01
       1.750E-01 3.716E-02 1.008E-01 3.099E-01 0.000E+00 0.000E+00 4.479E-01 4.107E-01
       2.000E-01 2.905E-02 9.759E-02 2.114E-01 0.000E+00 0.000E+00 3.381E-01 3.090E-01
       2.250E-01 2.333E-02 9.457E-02 1.511E-01 0.000E+00 0.000E+00 2.690E-01 2.457E-01
       2.500E-01 1.913E-02 9.174E-02 1.122E-01 0.000E+00 0.000E+00 2.231E-01 2.039E-01
       2.750E-01 1.597E-02 8.911E-02 8.589E-02 0.000E+00 0.000E+00 1.910E-01 1.750E-01
       3.000E-01 1.353E-02 8.666E-02 6.747E-02 0.000E+00 0.000E+00 1.677E-01 1.541E-01
       3.500E-01 1.007E-02 8.224E-02 4.429E-02 0.000E+00 0.000E+00 1.366E-01 1.265E-01
       4.000E-01 7.785E-03 7.840E-02 3.102E-02 0.000E+00 0.000E+00 1.172E-01 1.094E-01
       4.500E-01 6.198E-03 7.503E-02 2.282E-02 0.000E+00 0.000E+00 1.040E-01 9.785E-02
       5.000E-01 5.050E-03 7.202E-02 1.746E-02 0.000E+00 0.000E+00 9.453E-02 8.948E-02
       5.500E-01 4.193E-03 6.929E-02 1.379E-02 0.000E+00 0.000E+00 8.728E-02 8.308E-02
       6.000E-01 3.537E-03 6.682E-02 1.116E-02 0.000E+00 0.000E+00 8.153E-02 7.799E-02
       6.500E-01 3.023E-03 6.459E-02 9.224E-03 0.000E+00 0.000E+00 7.683E-02 7.381E-02
       7.000E-01 2.614E-03 6.254E-02 7.762E-03 0.000E+00 0.000E+00 7.292E-02 7.030E-02
       7.500E-01 2.282E-03 6.066E-02 6.645E-03 0.000E+00 0.000E+00 6.958E-02 6.730E-02
       8.000E-01 2.009E-03 5.891E-02 5.777E-03 0.000E+00 0.000E+00 6.670E-02 6.469E-02
       8.500E-01 1.782E-03 5.729E-02 5.091E-03 0.000E+00 0.000E+00 6.416E-02 6.238E-02
       9.000E-01 1.592E-03 5.578E-02 4.525E-03 0.000E+00 0.000E+00 6.189E-02 6.030E-02
       9.500E-01 1.430E-03 5.438E-02 4.038E-03 0.000E+00 0.000E+00 5.984E-02 5.841E-02
       1.000E+00 1.292E-03 5.307E-02 3.607E-03 0.000E+00 0.000E+00 5.797E-02 5.668E-02
       1.130E+00 1.015E-03 5.002E-02 2.790E-03 2.858E-05 0.000E+00 5.385E-02 5.284E-02
       1.250E+00 8.305E-04 4.752E-02 2.315E-03 1.770E-04 0.000E+00 5.085E-02 5.002E-02
       1.500E+00 5.777E-04 4.323E-02 1.658E-03 8.211E-04 0.000E+00 4.628E-02 4.570E-02
       1.750E+00 4.248E-04 3.978E-02 1.264E-03 1.738E-03 0.000E+00 4.321E-02 4.278E-02
       2.000E+00 3.256E-04 3.692E-02 1.010E-03 2.794E-03 0.000E+00 4.105E-02 4.072E-02
       2.250E+00 2.575E-04 3.450E-02 8.336E-04 3.893E-03 2.117E-07 3.949E-02 3.923E-02
       2.500E+00 2.087E-04 3.244E-02 7.064E-04 4.990E-03 1.759E-06 3.834E-02 3.813E-02
       2.750E+00 1.725E-04 3.064E-02 6.106E-04 6.064E-03 5.120E-06 3.749E-02 3.732E-02
       3.000E+00 1.449E-04 2.906E-02 5.362E-04 7.108E-03 1.016E-05 3.686E-02 3.672E-02
       3.500E+00 1.065E-04 2.641E-02 4.287E-04 9.091E-03 2.408E-05 3.606E-02 3.595E-02
       4.000E+00 8.156E-05 2.425E-02 3.554E-04 1.094E-02 4.147E-05 3.567E-02 3.558E-02
       4.500E+00 6.447E-05 2.246E-02 3.027E-04 1.265E-02 6.127E-05 3.554E-02 3.548E-02
       5.000E+00 5.223E-05 2.095E-02 2.630E-04 1.424E-02 8.255E-05 3.559E-02 3.553E-02
       5.500E+00 4.317E-05 1.965E-02 2.322E-04 1.571E-02 1.045E-04 3.574E-02 3.570E-02
       6.000E+00 3.627E-05 1.852E-02 2.076E-04 1.709E-02 1.266E-04 3.598E-02 3.595E-02
       6.500E+00 3.091E-05 1.753E-02 1.876E-04 1.840E-02 1.487E-04 3.629E-02 3.626E-02
       7.000E+00 2.665E-05 1.664E-02 1.710E-04 1.963E-02 1.705E-04 3.664E-02 3.662E-02
       7.500E+00 2.321E-05 1.586E-02 1.571E-04 2.080E-02 1.920E-04 3.703E-02 3.701E-02
       8.000E+00 2.040E-05 1.515E-02 1.452E-04 2.192E-02 2.130E-04 3.745E-02 3.743E-02
       8.500E+00 1.808E-05 1.451E-02 1.349E-04 2.298E-02 2.336E-04 3.787E-02 3.785E-02
       9.000E+00 1.612E-05 1.392E-02 1.260E-04 2.399E-02 2.537E-04 3.831E-02 3.829E-02
       9.500E+00 1.447E-05 1.339E-02 1.181E-04 2.496E-02 2.733E-04 3.876E-02 3.874E-02
       1.000E+01 1.306E-05 1.290E-02 1.112E-04 2.589E-02 2.923E-04 3.921E-02 3.920E-02