       1.000E-03 8.052E+00 4.743E-03 8.424E+03 0.000E+00 0.000E+00 8.432E+03 8.424E+03
       1.500E-03 7.608E+00 8.948E-03 3.600E+03 0.000E+00 0.000E+00 3.608E+03 3.600E+03
       2.000E-03 7.122E+00 1.326E-02 1.825E+03 0.000E+00 0.000E+00 1.832E+03 1.825E+03
       3.000E-03 6.197E+00 2.137E-02 6.730E+02 0.000E+00 0.000E+00 6.792E+02 6.730E+02
       4.000E-03 5.404E+00 2.845E-02 3.243E+02 0.000E+00 0.000E+00 3.297E+02 3.243E+02
       5.000E-03 4.734E+00 3.461E-02 8.967E+02 0.000E+00 0.000E+00 9.015E+02 8.967E+02
       6.000E-03 4.170E+00 4.011E-02 5.678E+02 0.000E+00 0.000E+00 5.720E+02 5.678E+02
       7.000E-03 3.692E+00 4.516E-02 3.788E+02 0.000E+00 0.000E+00 3.826E+02 3.789E+02
       8.000E-03 3.290E+00 4.984E-02 2.668E+02 0.000E+00 0.000E+00 2.702E+02 2.669E+02
       9.000E-03 2.953E+00 5.419E-02 1.951E+02 0.000E+00 0.000E+00 1.981E+02 1.951E+02
       1.000E-02 2.671E+00 5.824E-02 1.474E+02 0.000E+00 0.000E+00 1.501E+02 1.474E+02
       1.500E-02 1.760E+00 7.419E-02 4.894E+01 0.000E+00 0.000E+00 5.078E+01 4.902E+01
       2.000E-02 1.248E+00 8.462E-02 2.208E+01 0.000E+00 0.000E+00 2.341E+01 2.216E+01
       2.500E-02 9.201E-01 9.186E-02 1.180E+01 0.000E+00 0.000E+00 1.281E+01 1.189E+01
       3.000E-02 7.070E-01 9.699E-02 7.075E+00 0.000E+00 0.000E+00 7.879E+00 7.172E+00
       3.500E-02 5.635E-01 1.007E-01 2.848E+01 0.000E+00 0.000E+00 2.914E+01 2.858E+01
       4.000E-02 4.610E-01 1.035E-01 2.008E+01 0.000E+00 0.000E+00 2.065E+01 2.019E+01
       4.500E-02 3.854E-01 1.055E-01 1.466E+01 0.000E+00 0.000E+00 1.515E+01 1.476E+01
       5.000E-02 3.273E-01 1.070E-01 1.102E+01 0.000E+00 0.000E+00 1.145E+01 1.112E+01
       5.500E-02 2.812E-01 1.080E-01 8.493E+00 0.000E+00 0.000E+00 8.882E+00 8.601E+00
       6.000E-02 2.440E-01 1.087E-01 6.688E+00 0.000E+00 0.000E+00 7.040E+00 6.796E+00
       6.500E-02 2.136E-01 1.091E-01 5.358E+00 0.000E+00 0.000E+00 5.681E+00 5.468E+00
       7.000E-02 1.885E-01 1.092E-01 4.359E+00 0.000E+00 0.000E+00 4.656E+00 4.468E+00
       7.500E-02 1.675E-01 1.092E-01 3.593E+00 0.000E+00 0.000E+00 3.869E+00 3.702E+00
       8.000E-02 1.498E-01 1.091E-01 2.996E+00 0.000E+00 0.000E+00 3.255E+00 3.105E+00
       8.500E-02 1.349E-01 1.088E-01 2.525E+00 0.000E+00 0.000E+00 2.768E+00 2.633E+00
       9.000E-02 1.221E-01 1.084E-01 2.147E+00 0.000E+00 0.000E+00 2.378E+00 2.256E+00
       9.500E-02 1.110E-01 1.080E-01 1.842E+00 0.000E+00 0.000E+00 2.061E+00 1.950E+00
       1.000E-01 1.015E-01 1.075E-01 1.592E+00 0.000E+00 0.000E+00 1.801E+00 1.699E+00
       1.130E-01 8.179E-02 1.060E-01 1.123E+00 0.000E+00 0.000E+00 1.311E+00 1.229E+00
       1.250E-01 6.837E-02 1.045E-01 8.415E-01 0.000E+00 0.000E+00 1.014E+00 9.460E-01
       1.500E-01 4.932E-02 1.012E-01 4.989E-01 0.000E+00 0.000E+00 6.494E-01 6.001E-01
       1.750E-01 3.728E-02 9.798E-02 3.206E-01 0.000E+00 0.000E+00 4.558E-01 4.186E-01
       2.000E-01 2.916E-02 9.486E-02 2.188E-01 0.000E+00 0.000E+00 3.429E-01 3.137E-01
       2.250E-01 2.342E-02 9.192E-02 1.566E-01 0.000E+00 0.000E+00 2.719E-01 2.485E-01
       2.500E-01 1.921E-02 8.917E-02 1.163E-01 0.000E+00 0.000E+00 2.247E-01 2.055E-01
       2.750E-01 1.604E-02 8.662E-02 8.911E-02 0.000E+00 0.000E+00 1.918E-01 1.757E-01
       3.000E-01 1.359E-02 8.424E-02 7.004E-02 0.000E+00 0.000E+00 1.679E-01 1.543E-01
       3.500E-01 1.012E-02 7.999E-02 4.602E-02 0.000E+00 0.000E+00 1.361E-01 1.260E-01
       4.000E-01 7.825E-03 7.627E-02 3.224E-02 0.000E+00 0.000E+00 1.163E-01 1.085E-01
       4.500E-01 6.227E-03 7.297E-02 2.373E-02 0.000E+00 0.000E+00 1.029E-01 9.670E-02
       5.000E-01 5.074E-03 7.004E-02 1.817E-02 0.000E+00 0.000E+00 9.328E-02 8.820E-02
       5.500E-01 4.214E-03 6.741E-02 1.436E-02 0.000E+00 0.000E+00 8.598E-02 8.176E-02
       6.000E-01 3.556E-03 6.504E-02 1.163E-02 0.000E+00 0.000E+00 8.022E-02 7.666E-02
       6.500E-01 3.040E-03 6.288E-02 9.609E-03 0.000E+00 0.000E+00 7.553E-02 7.248E-02
       7.000E-01 2.629E-03 6.089E-02 8.086E-03 0.000E+00 0.000E+00 7.161E-02 6.898E-02
       7.500E-01 2.295E-03 5.905E-02 6.921E-03 0.000E+00 0.000E+00 6.827E-02 6.598E-02
       8.000E-01 2.021E-03 5.734E-02 6.017E-03 0.000E+00 0.000E+00 6.538E-02 6.336E-02
       8.500E-01 1.793E-03 5.574E-02 5.304E-03 0.000E+00 0.000E+00 6.284E-02 6.105E-02
       9.000E-01 1.601E-03 5.426E-02 4.716E-03 0.000E+00 0.000E+00 6.057E-02 5.897E-02
       9.500E-01 1.439E-03 5.289E-02 4.209E-03 0.000E+00 0.000E+00 5.853E-02 5.709E-02
       1.000E+00 1.300E-03 5.163E-02 3.759E-03 0.000E+00 0.000E+00 5.669E-02 5.539E-02
       1.130E+00 1.021E-03 4.868E-02 2.908E-03 2.875E-05 0.000E+00 5.263E-02 5.161E-02
       1.250E+00 8.354E-04 4.623E-02 2.413E-03 1.779E-04 0.000E+00 4.966E-02 4.882E-02
       1.500E+00 5.810E-04 4.205E-02 1.727E-03 8.240E-04 0.000E+00 4.518E-02 4.460E-02
       1.750E+00 4.275E-04 3.869E-02 1.317E-03 1.741E-03 0.000E+00 4.218E-02 4.175E-02
       2.000E+00 3.276E-04 3.592E-02 1.052E-03 2.792E-03 0.000E+00 4.009E-02 3.976E-02
       2.250E+00 2.590E-04 3.358E-02 8.676E-04 3.884E-03 2.062E-07 3.859E-02 3.833E-02
       2.500E+00 2.099E-04 3.157E-02 7.349E-04 4.971E-03 1.712E-06 3.748E-02 3.727E-02
       2.750E+00 1.735E-04 2.981E-02 6.352E-04 6.036E-03 4.984E-06 3.666E-02 3.649E-02
       3.000E+00 1.458E-04 2.827E-02 5.578E-04 7.070E-03 9.892E-06 3.606E-02 3.591E-02
       3.500E+00 1.072E-04 2.569E-02 4.460E-04 9.033E-03 2.342E-05 3.530E-02 3.519E-02
       4.000E+00 8.207E-05 2.359E-02 3.697E-04 1.086E-02 4.034E-05 3.494E-02 3.486E-02
       4.500E+00 6.489E-05 2.185E-02 3.148E-04 1.256E-02 5.958E-05 3.485E-02 3.478E-02
       5.000E+00 5.258E-05 2.038E-02 2.735E-04 1.413E-02 8.028E-05 3.492E-02 3.486E-02
       5.500E+00 4.345E-05 1.911E-02 2.414E-04 1.559E-02 1.016E-04 3.509E-02 3.504E-02
       6.000E+00 3.650E-05 1.801E-02 2.159E-04 1.695E-02 1.232E-04 3.534E-02 3.530E-02
       6.500E+00 3.110E-05 1.705E-02 1.950E-04 1.823E-02 1.447E-04 3.565E-02 3.562E-02
       7.000E+00 2.682E-05 1.619E-02 1.778E-04 1.945E-02 1.659E-04 3.602E-02 3.599E-02
       7.500E+00 2.336E-05 1.543E-02 1.633E-04 2.061E-02 1.868E-04 3.641E-02 3.639E-02
       8.000E+00 2.053E-05 1.474E-02 1.509E-04 2.171E-02 2.072E-04 3.683E-02 3.681E-02
       8.500E+00 1.819E-05 1.412E-02 1.402E-04 2.276E-02 2.272E-04 3.726E-02 3.724E-02
       9.000E+00 1.623E-05 1.355E-02 1.309E-04 2.376E-02 2.467E-04 3.770E-02 3.769E-02
       9.500E+00 1.456E-05 1.303E-02 1.227E-04 2.472E-02 2.658E-04 3.815E-02 3.814E-02
       1.000E+01 1.314E-05 1.255E-02 1.155E-04 2.564E-02 2.843E-04 3.860E-02 3.859E-02