       1.000E-03 8.418E+00 4.688E-03 9.087E+03 0.000E+00 0.000E+00 9.096E+03 9.087E+03
       1.500E-03 7.958E+00 8.969E-03 3.911E+03 0.000E+00 0.000E+00 3.919E+03 3.911E+03
       2.000E-03 7.446E+00 1.342E-02 1.989E+03 0.000E+00 0.000E+00 1.997E+03 1.989E+03
       3.000E-03 6.463E+00 2.190E-02 7.355E+02 0.000E+00 0.000E+00 7.420E+02 7.356E+02
       4.000E-03 5.628E+00 2.932E-02 3.551E+02 0.000E+00 0.000E+00 3.608E+02 3.551E+02
       5.000E-03 4.940E+00 3.568E-02 8.380E+02 0.000E+00 0.000E+00 8.430E+02 8.381E+02
       6.000E-03 4.356E+00 4.129E-02 6.131E+02 0.000E+00 0.000E+00 6.175E+02 6.131E+02
       7.000E-03 3.863E+00 4.636E-02 4.095E+02 0.000E+00 0.000E+00 4.134E+02 4.095E+02
       8.000E-03 3.446E+00 5.106E-02 2.886E+02 0.000E+00 0.000E+00 2.921E+02 2.887E+02
       9.000E-03 3.094E+00 5.546E-02 2.112E+02 0.000E+00 0.000E+00 2.144E+02 2.113E+02
       1.000E-02 2.798E+00 5.955E-02 1.597E+02 0.000E+00 0.000E+00 1.626E+02 1.598E+02
       1.500E-02 1.843E+00 7.578E-02 5.320E+01 0.000E+00 0.000E+00 5.511E+01 5.327E+01
       2.000E-02 1.312E+00 8.646E-02 2.404E+01 0.000E+00 0.000E+00 2.543E+01 2.412E+01
       2.500E-02 9.702E-01 9.382E-02 1.286E+01 0.000E+00 0.000E+00 1.393E+01 1.296E+01
       3.000E-02 7.455E-01 9.908E-02 7.716E+00 0.000E+00 0.000E+00 8.561E+00 7.815E+00
       3.500E-02 5.937E-01 1.029E-01 3.050E+01 0.000E+00 0.000E+00 3.120E+01 3.060E+01
       4.000E-02 4.859E-01 1.057E-01 2.151E+01 0.000E+00 0.000E+00 2.210E+01 2.161E+01
       4.500E-02 4.063E-01 1.078E-01 1.575E+01 0.000E+00 0.000E+00 1.626E+01 1.586E+01
       5.000E-02 3.452E-01 1.093E-01 1.187E+01 0.000E+00 0.000E+00 1.232E+01 1.198E+01
       5.500E-02 2.968E-01 1.104E-01 9.156E+00 0.000E+00 0.000E+00 9.563E+00 9.266E+00
       6.000E-02 2.577E-01 1.110E-01 7.208E+00 0.000E+00 0.000E+00 7.577E+00 7.319E+00
       6.500E-02 2.257E-01 1.114E-01 5.779E+00 0.000E+00 0.000E+00 6.116E+00 5.890E+00
       7.000E-02 1.992E-01 1.116E-01 4.705E+00 0.000E+00 0.000E+00 5.015E+00 4.816E+00
       7.500E-02 1.771E-01 1.117E-01 3.882E+00 0.000E+00 0.000E+00 4.170E+00 3.993E+00
       8.000E-02 1.584E-01 1.115E-01 3.240E+00 0.000E+00 0.000E+00 3.510E+00 3.352E+00
       8.500E-02 1.426E-01 1.113E-01 2.732E+00 0.000E+00 0.000E+00 2.986E+00 2.844E+00
       9.000E-02 1.291E-01 1.109E-01 2.325E+00 0.000E+00 0.000E+00 2.565E+00 2.436E+00
       9.500E-02 1.175E-01 1.105E-01 1.995E+00 0.000E+00 0.000E+00 2.223E+00 2.106E+00
       1.000E-01 1.073E-01 1.100E-01 1.725E+00 0.000E+00 0.000E+00 1.942E+00 1.835E+00
       1.130E-01 8.654E-02 1.085E-01 1.218E+00 0.000E+00 0.000E+00 1.413E+00 1.327E+00
       1.250E-01 7.235E-02 1.070E-01 9.131E-01 0.000E+00 0.000E+00 1.092E+00 1.020E+00
       1.500E-01 5.220E-02 1.036E-01 5.419E-01 0.000E+00 0.000E+00 6.978E-01 6.456E-01
       1.750E-01 3.946E-02 1.003E-01 3.487E-01 0.000E+00 0.000E+00 4.884E-01 4.490E-01
       2.000E-01 3.087E-02 9.709E-02 2.383E-01 0.000E+00 0.000E+00 3.663E-01 3.354E-01
       2.250E-01 2.480E-02 9.409E-02 1.707E-01 0.000E+00 0.000E+00 2.896E-01 2.648E-01
       2.500E-01 2.035E-02 9.129E-02 1.269E-01 0.000E+00 0.000E+00 2.385E-01 2.182E-01
       2.750E-01 1.699E-02 8.869E-02 9.728E-02 0.000E+00 0.000E+00 2.030E-01 1.860E-01
       3.000E-01 1.440E-02 8.627E-02 7.650E-02 0.000E+00 0.000E+00 1.772E-01 1.628E-01
       3.500E-01 1.073E-02 8.192E-02 5.029E-02 0.000E+00 0.000E+00 1.429E-01 1.322E-01
       4.000E-01 8.295E-03 7.811E-02 3.525E-02 0.000E+00 0.000E+00 1.217E-01 1.134E-01
       4.500E-01 6.604E-03 7.475E-02 2.596E-02 0.000E+00 0.000E+00 1.073E-01 1.007E-01
       5.000E-01 5.381E-03 7.175E-02 1.988E-02 0.000E+00 0.000E+00 9.701E-02 9.163E-02
       5.500E-01 4.469E-03 6.906E-02 1.572E-02 0.000E+00 0.000E+00 8.925E-02 8.478E-02
       6.000E-01 3.771E-03 6.663E-02 1.274E-02 0.000E+00 0.000E+00 8.313E-02 7.936E-02
       6.500E-01 3.224E-03 6.440E-02 1.053E-02 0.000E+00 0.000E+00 7.815E-02 7.493E-02
       7.000E-01 2.788E-03 6.235E-02 8.862E-03 0.000E+00 0.000E+00 7.400E-02 7.122E-02
       7.500E-01 2.434E-03 6.048E-02 7.586E-03 0.000E+00 0.000E+00 7.050E-02 6.806E-02
       8.000E-01 2.143E-03 5.875E-02 6.596E-03 0.000E+00 0.000E+00 6.749E-02 6.534E-02
       8.500E-01 1.901E-03 5.715E-02 5.813E-03 0.000E+00 0.000E+00 6.487E-02 6.296E-02
       9.000E-01 1.698E-03 5.566E-02 5.167E-03 0.000E+00 0.000E+00 6.252E-02 6.083E-02
       9.500E-01 1.526E-03 5.425E-02 4.612E-03 0.000E+00 0.000E+00 6.039E-02 5.886E-02
       1.000E+00 1.379E-03 5.291E-02 4.120E-03 0.000E+00 0.000E+00 5.841E-02 5.703E-02
       1.130E+00 1.083E-03 4.981E-02 3.189E-03 3.043E-05 0.000E+00 5.411E-02 5.303E-02
       1.250E+00 8.860E-04 4.737E-02 2.645E-03 1.883E-04 0.000E+00 5.109E-02 5.021E-02
       1.500E+00 6.164E-04 4.309E-02 1.893E-03 8.713E-04 0.000E+00 4.647E-02 4.586E-02
       1.750E+00 4.536E-04 3.965E-02 1.443E-03 1.836E-03 0.000E+00 4.338E-02 4.293E-02
       2.000E+00 3.476E-04 3.681E-02 1.152E-03 2.939E-03 0.000E+00 4.124E-02 4.090E-02
       2.250E+00 2.749E-04 3.441E-02 9.508E-04 4.082E-03 2.112E-07 3.971E-02 3.944E-02
       2.500E+00 2.227E-04 3.235E-02 8.055E-04 5.218E-03 1.755E-06 3.860E-02 3.837E-02
       2.750E+00 1.841E-04 3.056E-02 6.962E-04 6.330E-03 5.107E-06 3.777E-02 3.759E-02
       3.000E+00 1.547E-04 2.898E-02 6.112E-04 7.408E-03 1.014E-05 3.716E-02 3.701E-02
       3.500E+00 1.138E-04 2.633E-02 4.884E-04 9.454E-03 2.400E-05 3.641E-02 3.629E-02
       4.000E+00 8.713E-05 2.418E-02 4.046E-04 1.136E-02 4.134E-05 3.607E-02 3.598E-02
       4.500E+00 6.884E-05 2.239E-02 3.444E-04 1.312E-02 6.107E-05 3.599E-02 3.592E-02
       5.000E+00 5.576E-05 2.088E-02 2.992E-04 1.476E-02 8.229E-05 3.608E-02 3.602E-02
       5.500E+00 4.609E-05 1.959E-02 2.641E-04 1.627E-02 1.042E-04 3.627E-02 3.623E-02
       6.000E+00 3.873E-05 1.846E-02 2.361E-04 1.769E-02 1.262E-04 3.655E-02 3.651E-02
       6.500E+00 3.300E-05 1.747E-02 2.133E-04 1.903E-02 1.482E-04 3.690E-02 3.686E-02
       7.000E+00 2.846E-05 1.659E-02 1.944E-04 2.030E-02 1.700E-04 3.729E-02 3.726E-02
       7.500E+00 2.479E-05 1.581E-02 1.785E-04 2.150E-02 1.914E-04 3.771E-02 3.768E-02
       8.000E+00 2.179E-05 1.510E-02 1.650E-04 2.265E-02 2.123E-04 3.815E-02 3.813E-02
       8.500E+00 1.930E-05 1.447E-02 1.533E-04 2.373E-02 2.328E-04 3.861E-02 3.859E-02
       9.000E+00 1.722E-05 1.389E-02 1.431E-04 2.478E-02 2.528E-04 3.907E-02 3.906E-02
       9.500E+00 1.545E-05 1.335E-02 1.341E-04 2.577E-02 2.723E-04 3.955E-02 3.953E-02
       1.000E+01 1.395E-05 1.286E-02 1.262E-04 2.673E-02 2.913E-04 4.002E-02 4.001E-02