       1.000E-03 8.458E+00 4.417E-03 9.403E+03 0.000E+00 0.000E+00 9.412E+03 9.403E+03
       1.500E-03 8.000E+00 8.522E-03 4.077E+03 0.000E+00 0.000E+00 4.085E+03 4.077E+03
       2.000E-03 7.481E+00 1.285E-02 2.080E+03 0.000E+00 0.000E+00 2.088E+03 2.080E+03
       3.000E-03 6.481E+00 2.123E-02 7.715E+02 0.000E+00 0.000E+00 7.780E+02 7.715E+02
       4.000E-03 5.637E+00 2.874E-02 3.730E+02 0.000E+00 0.000E+00 3.787E+02 3.730E+02
       5.000E-03 4.945E+00 3.515E-02 6.344E+02 0.000E+00 0.000E+00 6.393E+02 6.344E+02
       6.000E-03 4.368E+00 4.071E-02 6.330E+02 0.000E+00 0.000E+00 6.374E+02 6.330E+02
       7.000E-03 3.881E+00 4.569E-02 4.241E+02 0.000E+00 0.000E+00 4.280E+02 4.241E+02
       8.000E-03 3.464E+00 5.027E-02 2.998E+02 0.000E+00 0.000E+00 3.033E+02 2.998E+02
       9.000E-03 3.112E+00 5.452E-02 2.196E+02 0.000E+00 0.000E+00 2.227E+02 2.196E+02
       1.000E-02 2.815E+00 5.848E-02 1.662E+02 0.000E+00 0.000E+00 1.691E+02 1.662E+02
       1.500E-02 1.852E+00 7.440E-02 5.550E+01 0.000E+00 0.000E+00 5.743E+01 5.558E+01
       2.000E-02 1.322E+00 8.486E-02 2.510E+01 0.000E+00 0.000E+00 2.651E+01 2.519E+01
       2.500E-02 9.808E-01 9.210E-02 1.345E+01 0.000E+00 0.000E+00 1.452E+01 1.354E+01
       3.000E-02 7.545E-01 9.729E-02 8.078E+00 0.000E+00 0.000E+00 8.929E+00 8.175E+00
       3.500E-02 6.005E-01 1.011E-01 3.139E+01 0.000E+00 0.000E+00 3.209E+01 3.149E+01
       4.000E-02 4.913E-01 1.038E-01 2.211E+01 0.000E+00 0.000E+00 2.270E+01 2.221E+01
       4.500E-02 4.109E-01 1.059E-01 1.624E+01 0.000E+00 0.000E+00 1.675E+01 1.634E+01
       5.000E-02 3.492E-01 1.073E-01 1.227E+01 0.000E+00 0.000E+00 1.273E+01 1.238E+01
       5.500E-02 3.004E-01 1.084E-01 9.469E+00 0.000E+00 0.000E+00 9.878E+00 9.578E+00
       6.000E-02 2.610E-01 1.091E-01 7.454E+00 0.000E+00 0.000E+00 7.824E+00 7.563E+00
       6.500E-02 2.287E-01 1.095E-01 5.978E+00 0.000E+00 0.000E+00 6.317E+00 6.088E+00
       7.000E-02 2.020E-01 1.097E-01 4.872E+00 0.000E+00 0.000E+00 5.184E+00 4.982E+00
       7.500E-02 1.796E-01 1.098E-01 4.025E+00 0.000E+00 0.000E+00 4.314E+00 4.134E+00
       8.000E-02 1.608E-01 1.096E-01 3.363E+00 0.000E+00 0.000E+00 3.633E+00 3.472E+00
       8.500E-02 1.447E-01 1.094E-01 2.838E+00 0.000E+00 0.000E+00 3.092E+00 2.947E+00
       9.000E-02 1.310E-01 1.090E-01 2.416E+00 0.000E+00 0.000E+00 2.656E+00 2.525E+00
       9.500E-02 1.192E-01 1.086E-01 2.074E+00 0.000E+00 0.000E+00 2.302E+00 2.182E+00
       1.000E-01 1.089E-01 1.081E-01 1.793E+00 0.000E+00 0.000E+00 2.010E+00 1.902E+00
       1.130E-01 8.778E-02 1.067E-01 1.267E+00 0.000E+00 0.000E+00 1.462E+00 1.374E+00
       1.250E-01 7.340E-02 1.052E-01 9.508E-01 0.000E+00 0.000E+00 1.129E+00 1.056E+00
       1.500E-01 5.298E-02 1.019E-01 5.651E-01 0.000E+00 0.000E+00 7.200E-01 6.670E-01
       1.750E-01 4.007E-02 9.866E-02 3.640E-01 0.000E+00 0.000E+00 5.028E-01 4.627E-01
       2.000E-01 3.136E-02 9.555E-02 2.490E-01 0.000E+00 0.000E+00 3.759E-01 3.446E-01
       2.250E-01 2.519E-02 9.262E-02 1.785E-01 0.000E+00 0.000E+00 2.963E-01 2.711E-01
       2.500E-01 2.068E-02 8.988E-02 1.327E-01 0.000E+00 0.000E+00 2.433E-01 2.226E-01
       2.750E-01 1.727E-02 8.733E-02 1.018E-01 0.000E+00 0.000E+00 2.064E-01 1.891E-01
       3.000E-01 1.464E-02 8.495E-02 8.009E-02 0.000E+00 0.000E+00 1.797E-01 1.650E-01
       3.500E-01 1.091E-02 8.064E-02 5.271E-02 0.000E+00 0.000E+00 1.443E-01 1.334E-01
       4.000E-01 8.435E-03 7.688E-02 3.699E-02 0.000E+00 0.000E+00 1.223E-01 1.139E-01
       4.500E-01 6.715E-03 7.358E-02 2.726E-02 0.000E+00 0.000E+00 1.075E-01 1.008E-01
       5.000E-01 5.472E-03 7.064E-02 2.088E-02 0.000E+00 0.000E+00 9.699E-02 9.152E-02
       5.500E-01 4.546E-03 6.799E-02 1.651E-02 0.000E+00 0.000E+00 8.905E-02 8.451E-02
       6.000E-01 3.837E-03 6.559E-02 1.338E-02 0.000E+00 0.000E+00 8.281E-02 7.898E-02
       6.500E-01 3.281E-03 6.340E-02 1.107E-02 0.000E+00 0.000E+00 7.775E-02 7.447E-02
       7.000E-01 2.837E-03 6.139E-02 9.319E-03 0.000E+00 0.000E+00 7.355E-02 7.071E-02
       7.500E-01 2.477E-03 5.955E-02 7.980E-03 0.000E+00 0.000E+00 7.000E-02 6.752E-02
       8.000E-01 2.181E-03 5.784E-02 6.940E-03 0.000E+00 0.000E+00 6.696E-02 6.478E-02
       8.500E-01 1.935E-03 5.626E-02 6.117E-03 0.000E+00 0.000E+00 6.431E-02 6.238E-02
       9.000E-01 1.729E-03 5.479E-02 5.438E-03 0.000E+00 0.000E+00 6.196E-02 6.023E-02
       9.500E-01 1.554E-03 5.341E-02 4.853E-03 0.000E+00 0.000E+00 5.982E-02 5.826E-02
       1.000E+00 1.404E-03 5.211E-02 4.335E-03 0.000E+00 0.000E+00 5.785E-02 5.644E-02
       1.130E+00 1.102E-03 4.907E-02 3.354E-03 3.089E-05 0.000E+00 5.356E-02 5.245E-02
       1.250E+00 9.022E-04 4.665E-02 2.782E-03 1.914E-04 0.000E+00 5.052E-02 4.962E-02
       1.500E+00 6.279E-04 4.244E-02 1.991E-03 8.853E-04 0.000E+00 4.594E-02 4.531E-02
       1.750E+00 4.618E-04 3.905E-02 1.517E-03 1.861E-03 0.000E+00 4.289E-02 4.243E-02
       2.000E+00 3.540E-04 3.625E-02 1.211E-03 2.971E-03 0.000E+00 4.078E-02 4.043E-02
       2.250E+00 2.800E-04 3.388E-02 1.000E-03 4.122E-03 2.080E-07 3.928E-02 3.900E-02
       2.500E+00 2.269E-04 3.185E-02 8.472E-04 5.264E-03 1.728E-06 3.819E-02 3.797E-02
       2.750E+00 1.875E-04 3.009E-02 7.318E-04 6.379E-03 5.028E-06 3.739E-02 3.721E-02
       3.000E+00 1.576E-04 2.854E-02 6.422E-04 7.458E-03 9.981E-06 3.681E-02 3.665E-02
       3.500E+00 1.158E-04 2.593E-02 5.130E-04 9.506E-03 2.364E-05 3.609E-02 3.597E-02
       4.000E+00 8.871E-05 2.381E-02 4.250E-04 1.141E-02 4.070E-05 3.577E-02 3.568E-02
       4.500E+00 7.010E-05 2.205E-02 3.617E-04 1.317E-02 6.012E-05 3.572E-02 3.565E-02
       5.000E+00 5.679E-05 2.057E-02 3.142E-04 1.481E-02 8.100E-05 3.583E-02 3.577E-02
       5.500E+00 4.694E-05 1.929E-02 2.772E-04 1.633E-02 1.026E-04 3.604E-02 3.600E-02
       6.000E+00 3.944E-05 1.818E-02 2.478E-04 1.774E-02 1.243E-04 3.634E-02 3.630E-02
       6.500E+00 3.361E-05 1.721E-02 2.239E-04 1.908E-02 1.460E-04 3.669E-02 3.666E-02
       7.000E+00 2.898E-05 1.634E-02 2.040E-04 2.035E-02 1.674E-04 3.709E-02 3.706E-02
       7.500E+00 2.525E-05 1.557E-02 1.873E-04 2.155E-02 1.884E-04 3.752E-02 3.750E-02
       8.000E+00 2.219E-05 1.488E-02 1.731E-04 2.269E-02 2.091E-04 3.797E-02 3.795E-02
       8.500E+00 1.966E-05 1.425E-02 1.608E-04 2.378E-02 2.292E-04 3.844E-02 3.842E-02
       9.000E+00 1.754E-05 1.367E-02 1.501E-04 2.482E-02 2.489E-04 3.891E-02 3.889E-02
       9.500E+00 1.574E-05 1.315E-02 1.407E-04 2.581E-02 2.681E-04 3.939E-02 3.937E-02
       1.000E+01 1.420E-05 1.267E-02 1.324E-04 2.677E-02 2.868E-04 3.987E-02 3.986E-02