       1.000E-03 8.550E+00 5.881E-03 9.357E+03 0.000E+00 0.000E+00 9.365E+03 9.357E+03
       1.500E-03 8.074E+00 9.864E-03 4.327E+03 0.000E+00 0.000E+00 4.335E+03 4.327E+03
       2.000E-03 7.576E+00 1.399E-02 2.218E+03 0.000E+00 0.000E+00 2.226E+03 2.218E+03
       3.000E-03 6.593E+00 2.203E-02 8.251E+02 0.000E+00 0.000E+00 8.317E+02 8.251E+02
       4.000E-03 5.745E+00 2.941E-02 3.997E+02 0.000E+00 0.000E+00 4.055E+02 3.997E+02
       5.000E-03 5.043E+00 3.582E-02 2.253E+02 0.000E+00 0.000E+00 2.304E+02 2.253E+02
       6.000E-03 4.459E+00 4.137E-02 6.665E+02 0.000E+00 0.000E+00 6.710E+02 6.666E+02
       7.000E-03 3.965E+00 4.631E-02 4.482E+02 0.000E+00 0.000E+00 4.522E+02 4.483E+02
       8.000E-03 3.548E+00 5.079E-02 3.179E+02 0.000E+00 0.000E+00 3.215E+02 3.179E+02
       9.000E-03 3.191E+00 5.499E-02 2.329E+02 0.000E+00 0.000E+00 2.362E+02 2.330E+02
       1.000E-02 2.886E+00 5.890E-02 1.764E+02 0.000E+00 0.000E+00 1.793E+02 1.764E+02
       1.500E-02 1.899E+00 7.463E-02 5.909E+01 0.000E+00 0.000E+00 6.106E+01 5.916E+01
       2.000E-02 1.359E+00 8.519E-02 2.677E+01 0.000E+00 0.000E+00 2.822E+01 2.686E+01
       2.500E-02 1.011E+00 9.244E-02 1.436E+01 0.000E+00 0.000E+00 1.546E+01 1.445E+01
       3.000E-02 7.789E-01 9.760E-02 8.632E+00 0.000E+00 0.000E+00 9.508E+00 8.729E+00
       3.500E-02 6.197E-01 1.014E-01 5.586E+00 0.000E+00 0.000E+00 6.308E+00 5.688E+00
       4.000E-02 5.070E-01 1.042E-01 2.319E+01 0.000E+00 0.000E+00 2.381E+01 2.330E+01
       4.500E-02 4.240E-01 1.062E-01 1.705E+01 0.000E+00 0.000E+00 1.758E+01 1.716E+01
       5.000E-02 3.605E-01 1.077E-01 1.293E+01 0.000E+00 0.000E+00 1.340E+01 1.304E+01
       5.500E-02 3.103E-01 1.088E-01 9.992E+00 0.000E+00 0.000E+00 1.041E+01 1.010E+01
       6.000E-02 2.698E-01 1.095E-01 7.871E+00 0.000E+00 0.000E+00 8.250E+00 7.980E+00
       6.500E-02 2.366E-01 1.099E-01 6.316E+00 0.000E+00 0.000E+00 6.663E+00 6.426E+00
       7.000E-02 2.090E-01 1.101E-01 5.151E+00 0.000E+00 0.000E+00 5.470E+00 5.261E+00
       7.500E-02 1.859E-01 1.102E-01 4.258E+00 0.000E+00 0.000E+00 4.554E+00 4.368E+00
       8.000E-02 1.664E-01 1.101E-01 3.560E+00 0.000E+00 0.000E+00 3.836E+00 3.670E+00
       8.500E-02 1.499E-01 1.098E-01 3.006E+00 0.000E+00 0.000E+00 3.265E+00 3.116E+00
       9.000E-02 1.357E-01 1.095E-01 2.561E+00 0.000E+00 0.000E+00 2.806E+00 2.670E+00
       9.500E-02 1.234E-01 1.091E-01 2.199E+00 0.000E+00 0.000E+00 2.432E+00 2.308E+00
       1.000E-01 1.128E-01 1.086E-01 1.903E+00 0.000E+00 0.000E+00 2.124E+00 2.012E+00
       1.130E-01 9.092E-02 1.072E-01 1.347E+00 0.000E+00 0.000E+00 1.545E+00 1.454E+00
       1.250E-01 7.602E-02 1.057E-01 1.011E+00 0.000E+00 0.000E+00 1.193E+00 1.117E+00
       1.500E-01 5.487E-02 1.024E-01 6.017E-01 0.000E+00 0.000E+00 7.590E-01 7.041E-01
       1.750E-01 4.151E-02 9.914E-02 3.880E-01 0.000E+00 0.000E+00 5.286E-01 4.871E-01
       2.000E-01 3.251E-02 9.601E-02 2.656E-01 0.000E+00 0.000E+00 3.941E-01 3.616E-01
       2.250E-01 2.613E-02 9.308E-02 1.905E-01 0.000E+00 0.000E+00 3.097E-01 2.835E-01
       2.500E-01 2.146E-02 9.034E-02 1.418E-01 0.000E+00 0.000E+00 2.536E-01 2.321E-01
       2.750E-01 1.793E-02 8.779E-02 1.088E-01 0.000E+00 0.000E+00 2.145E-01 1.966E-01
       3.000E-01 1.520E-02 8.541E-02 8.564E-02 0.000E+00 0.000E+00 1.862E-01 1.711E-01
       3.500E-01 1.132E-02 8.112E-02 5.641E-02 0.000E+00 0.000E+00 1.488E-01 1.375E-01
       4.000E-01 8.754E-03 7.735E-02 3.961E-02 0.000E+00 0.000E+00 1.257E-01 1.170E-01
       4.500E-01 6.975E-03 7.402E-02 2.921E-02 0.000E+00 0.000E+00 1.102E-01 1.032E-01
       5.000E-01 5.687E-03 7.105E-02 2.238E-02 0.000E+00 0.000E+00 9.912E-02 9.343E-02
       5.500E-01 4.723E-03 6.839E-02 1.770E-02 0.000E+00 0.000E+00 9.081E-02 8.608E-02
       6.000E-01 3.985E-03 6.597E-02 1.435E-02 0.000E+00 0.000E+00 8.431E-02 8.033E-02
       6.500E-01 3.407E-03 6.377E-02 1.189E-02 0.000E+00 0.000E+00 7.907E-02 7.567E-02
       7.000E-01 2.947E-03 6.176E-02 1.003E-02 0.000E+00 0.000E+00 7.473E-02 7.179E-02
       7.500E-01 2.573E-03 5.990E-02 8.589E-03 0.000E+00 0.000E+00 7.106E-02 6.849E-02
       8.000E-01 2.266E-03 5.818E-02 7.449E-03 0.000E+00 0.000E+00 6.790E-02 6.563E-02
       8.500E-01 2.010E-03 5.659E-02 6.533E-03 0.000E+00 0.000E+00 6.513E-02 6.312E-02
       9.000E-01 1.796E-03 5.510E-02 5.786E-03 0.000E+00 0.000E+00 6.268E-02 6.089E-02
       9.500E-01 1.614E-03 5.372E-02 5.169E-03 0.000E+00 0.000E+00 6.050E-02 5.889E-02
       1.000E+00 1.459E-03 5.243E-02 4.653E-03 0.000E+00 0.000E+00 5.854E-02 5.708E-02
       1.130E+00 1.146E-03 4.939E-02 3.647E-03 3.205E-05 0.000E+00 5.422E-02 5.307E-02
       1.250E+00 9.375E-04 4.694E-02 3.003E-03 1.987E-04 0.000E+00 5.108E-02 5.014E-02
       1.500E+00 6.525E-04 4.269E-02 2.148E-03 9.189E-04 0.000E+00 4.641E-02 4.576E-02
       1.750E+00 4.801E-04 3.929E-02 1.638E-03 1.927E-03 0.000E+00 4.333E-02 4.285E-02
       2.000E+00 3.679E-04 3.647E-02 1.307E-03 3.069E-03 0.000E+00 4.121E-02 4.084E-02
       2.250E+00 2.909E-04 3.408E-02 1.078E-03 4.250E-03 2.092E-07 3.970E-02 3.941E-02
       2.500E+00 2.357E-04 3.205E-02 9.129E-04 5.422E-03 1.738E-06 3.862E-02 3.838E-02
       2.750E+00 1.949E-04 3.027E-02 7.884E-04 6.565E-03 5.058E-06 3.783E-02 3.763E-02
       3.000E+00 1.638E-04 2.871E-02 6.919E-04 7.671E-03 1.004E-05 3.725E-02 3.709E-02
       3.500E+00 1.204E-04 2.609E-02 5.529E-04 9.763E-03 2.378E-05 3.655E-02 3.643E-02
       4.000E+00 9.221E-05 2.396E-02 4.581E-04 1.170E-02 4.095E-05 3.625E-02 3.616E-02
       4.500E+00 7.288E-05 2.219E-02 3.897E-04 1.351E-02 6.050E-05 3.622E-02 3.615E-02
       5.000E+00 5.904E-05 2.069E-02 3.383E-04 1.518E-02 8.152E-05 3.635E-02 3.629E-02
       5.500E+00 4.880E-05 1.941E-02 2.985E-04 1.673E-02 1.032E-04 3.658E-02 3.654E-02
       6.000E+00 4.100E-05 1.829E-02 2.668E-04 1.817E-02 1.250E-04 3.689E-02 3.685E-02
       6.500E+00 3.494E-05 1.731E-02 2.410E-04 1.954E-02 1.468E-04 3.727E-02 3.724E-02
       7.000E+00 3.013E-05 1.644E-02 2.196E-04 2.083E-02 1.684E-04 3.769E-02 3.766E-02
       7.500E+00 2.625E-05 1.567E-02 2.016E-04 2.205E-02 1.896E-04 3.814E-02 3.811E-02
       8.000E+00 2.307E-05 1.497E-02 1.863E-04 2.322E-02 2.103E-04 3.860E-02 3.858E-02
       8.500E+00 2.043E-05 1.433E-02 1.730E-04 2.433E-02 2.306E-04 3.908E-02 3.906E-02
       9.000E+00 1.822E-05 1.376E-02 1.615E-04 2.539E-02 2.504E-04 3.957E-02 3.956E-02
       9.500E+00 1.636E-05 1.323E-02 1.514E-04 2.640E-02 2.697E-04 4.007E-02 4.005E-02
       1.000E+01 1.476E-05 1.275E-02 1.425E-04 2.738E-02 2.885E-04 4.057E-02 4.055E-02