       1.000E-03 8.521E+00 6.863E-03 8.534E+03 0.000E+00 0.000E+00 8.542E+03 8.534E+03
       1.500E-03 8.016E+00 1.094E-02 4.490E+03 0.000E+00 0.000E+00 4.499E+03 4.491E+03
       2.000E-03 7.512E+00 1.490E-02 2.311E+03 0.000E+00 0.000E+00 2.319E+03 2.311E+03
       3.000E-03 6.565E+00 2.251E-02 8.630E+02 0.000E+00 0.000E+00 8.696E+02 8.630E+02
       4.000E-03 5.727E+00 2.955E-02 4.188E+02 0.000E+00 0.000E+00 4.245E+02 4.188E+02
       5.000E-03 5.034E+00 3.580E-02 2.363E+02 0.000E+00 0.000E+00 2.414E+02 2.364E+02
       6.000E-03 4.455E+00 4.122E-02 6.854E+02 0.000E+00 0.000E+00 6.899E+02 6.855E+02
       7.000E-03 4.000E+00 4.601E-02 4.632E+02 0.000E+00 0.000E+00 4.672E+02 4.632E+02
       8.000E-03 3.555E+00 5.034E-02 3.299E+02 0.000E+00 0.000E+00 3.335E+02 3.299E+02
       9.000E-03 3.195E+00 5.438E-02 2.417E+02 0.000E+00 0.000E+00 2.450E+02 2.418E+02
       1.000E-02 2.897E+00 5.815E-02 1.830E+02 0.000E+00 0.000E+00 1.860E+02 1.831E+02
       1.500E-02 1.905E+00 7.341E-02 6.148E+01 0.000E+00 0.000E+00 6.346E+01 6.155E+01
       2.000E-02 1.367E+00 8.376E-02 2.793E+01 0.000E+00 0.000E+00 2.938E+01 2.801E+01
       2.500E-02 1.020E+00 9.089E-02 1.499E+01 0.000E+00 0.000E+00 1.610E+01 1.508E+01
       3.000E-02 7.867E-01 9.595E-02 9.020E+00 0.000E+00 0.000E+00 9.903E+00 9.116E+00
       3.500E-02 6.259E-01 9.964E-02 5.843E+00 0.000E+00 0.000E+00 6.569E+00 5.943E+00
       4.000E-02 5.122E-01 1.024E-01 2.396E+01 0.000E+00 0.000E+00 2.457E+01 2.406E+01
       4.500E-02 4.284E-01 1.044E-01 1.759E+01 0.000E+00 0.000E+00 1.812E+01 1.770E+01
       5.000E-02 3.642E-01 1.059E-01 1.332E+01 0.000E+00 0.000E+00 1.379E+01 1.342E+01
       5.500E-02 3.137E-01 1.069E-01 1.030E+01 0.000E+00 0.000E+00 1.072E+01 1.041E+01
       6.000E-02 2.729E-01 1.076E-01 8.130E+00 0.000E+00 0.000E+00 8.511E+00 8.238E+00
       6.500E-02 2.394E-01 1.081E-01 6.532E+00 0.000E+00 0.000E+00 6.880E+00 6.640E+00
       7.000E-02 2.116E-01 1.083E-01 5.330E+00 0.000E+00 0.000E+00 5.650E+00 5.439E+00
       7.500E-02 1.883E-01 1.083E-01 4.407E+00 0.000E+00 0.000E+00 4.704E+00 4.516E+00
       8.000E-02 1.686E-01 1.082E-01 3.686E+00 0.000E+00 0.000E+00 3.963E+00 3.794E+00
       8.500E-02 1.519E-01 1.080E-01 3.114E+00 0.000E+00 0.000E+00 3.374E+00 3.222E+00
       9.000E-02 1.375E-01 1.077E-01 2.654E+00 0.000E+00 0.000E+00 2.899E+00 2.762E+00
       9.500E-02 1.251E-01 1.073E-01 2.281E+00 0.000E+00 0.000E+00 2.513E+00 2.388E+00
       1.000E-01 1.143E-01 1.068E-01 1.974E+00 0.000E+00 0.000E+00 2.195E+00 2.081E+00
       1.130E-01 9.218E-02 1.054E-01 1.398E+00 0.000E+00 0.000E+00 1.596E+00 1.504E+00
       1.250E-01 7.708E-02 1.040E-01 1.051E+00 0.000E+00 0.000E+00 1.232E+00 1.155E+00
       1.500E-01 5.565E-02 1.008E-01 6.262E-01 0.000E+00 0.000E+00 7.827E-01 7.270E-01
       1.750E-01 4.211E-02 9.762E-02 4.043E-01 0.000E+00 0.000E+00 5.440E-01 5.019E-01
       2.000E-01 3.298E-02 9.455E-02 2.770E-01 0.000E+00 0.000E+00 4.045E-01 3.716E-01
       2.250E-01 2.652E-02 9.166E-02 1.988E-01 0.000E+00 0.000E+00 3.170E-01 2.905E-01
       2.500E-01 2.178E-02 8.897E-02 1.481E-01 0.000E+00 0.000E+00 2.588E-01 2.371E-01
       2.750E-01 1.820E-02 8.645E-02 1.137E-01 0.000E+00 0.000E+00 2.184E-01 2.002E-01
       3.000E-01 1.543E-02 8.411E-02 8.955E-02 0.000E+00 0.000E+00 1.891E-01 1.737E-01
       3.500E-01 1.150E-02 7.988E-02 5.903E-02 0.000E+00 0.000E+00 1.504E-01 1.389E-01
       4.000E-01 8.898E-03 7.617E-02 4.148E-02 0.000E+00 0.000E+00 1.265E-01 1.177E-01
       4.500E-01 7.085E-03 7.290E-02 3.061E-02 0.000E+00 0.000E+00 1.106E-01 1.035E-01
       5.000E-01 5.775E-03 6.999E-02 2.347E-02 0.000E+00 0.000E+00 9.923E-02 9.346E-02
       5.500E-01 4.799E-03 6.737E-02 1.857E-02 0.000E+00 0.000E+00 9.073E-02 8.594E-02
       6.000E-01 4.051E-03 6.499E-02 1.506E-02 0.000E+00 0.000E+00 8.410E-02 8.005E-02
       6.500E-01 3.464E-03 6.281E-02 1.248E-02 0.000E+00 0.000E+00 7.875E-02 7.529E-02
       7.000E-01 2.996E-03 6.081E-02 1.053E-02 0.000E+00 0.000E+00 7.433E-02 7.134E-02
       7.500E-01 2.616E-03 5.898E-02 9.015E-03 0.000E+00 0.000E+00 7.061E-02 6.800E-02
       8.000E-01 2.304E-03 5.732E-02 7.819E-03 0.000E+00 0.000E+00 6.744E-02 6.513E-02
       8.500E-01 2.044E-03 5.578E-02 6.858E-03 0.000E+00 0.000E+00 6.469E-02 6.264E-02
       9.000E-01 1.826E-03 5.435E-02 6.074E-03 0.000E+00 0.000E+00 6.225E-02 6.043E-02
       9.500E-01 1.641E-03 5.298E-02 5.426E-03 0.000E+00 0.000E+00 6.005E-02 5.841E-02
       1.000E+00 1.484E-03 5.166E-02 4.885E-03 0.000E+00 0.000E+00 5.803E-02 5.654E-02
       1.130E+00 1.165E-03 4.861E-02 3.829E-03 3.255E-05 0.000E+00 5.364E-02 5.247E-02
       1.250E+00 9.538E-04 4.626E-02 3.153E-03 2.019E-04 0.000E+00 5.057E-02 4.962E-02
       1.500E+00 6.639E-04 4.207E-02 2.256E-03 9.332E-04 0.000E+00 4.592E-02 4.526E-02
       1.750E+00 4.884E-04 3.871E-02 1.719E-03 1.953E-03 0.000E+00 4.287E-02 4.238E-02
       2.000E+00 3.743E-04 3.593E-02 1.371E-03 3.104E-03 0.000E+00 4.078E-02 4.041E-02
       2.250E+00 2.960E-04 3.358E-02 1.132E-03 4.293E-03 2.061E-07 3.930E-02 3.901E-02
       2.500E+00 2.399E-04 3.157E-02 9.588E-04 5.469E-03 1.712E-06 3.824E-02 3.800E-02
       2.750E+00 1.983E-04 2.983E-02 8.278E-04 6.615E-03 4.984E-06 3.748E-02 3.728E-02
       3.000E+00 1.667E-04 2.829E-02 7.262E-04 7.722E-03 9.893E-06 3.692E-02 3.675E-02
       3.500E+00 1.225E-04 2.571E-02 5.798E-04 9.816E-03 2.343E-05 3.625E-02 3.612E-02
       4.000E+00 9.380E-05 2.361E-02 4.802E-04 1.176E-02 4.035E-05 3.598E-02 3.588E-02
       4.500E+00 7.415E-05 2.186E-02 4.085E-04 1.356E-02 5.960E-05 3.597E-02 3.589E-02
       5.000E+00 6.008E-05 2.039E-02 3.546E-04 1.523E-02 8.029E-05 3.612E-02 3.606E-02
       5.500E+00 4.965E-05 1.912E-02 3.129E-04 1.678E-02 1.016E-04 3.636E-02 3.631E-02
       6.000E+00 4.172E-05 1.802E-02 2.796E-04 1.822E-02 1.232E-04 3.669E-02 3.665E-02
       6.500E+00 3.555E-05 1.706E-02 2.525E-04 1.959E-02 1.446E-04 3.708E-02 3.704E-02
       7.000E+00 3.065E-05 1.620E-02 2.301E-04 2.088E-02 1.659E-04 3.751E-02 3.748E-02
       7.500E+00 2.670E-05 1.544E-02 2.112E-04 2.210E-02 1.867E-04 3.796E-02 3.794E-02
       8.000E+00 2.347E-05 1.475E-02 1.951E-04 2.326E-02 2.072E-04 3.844E-02 3.841E-02
       8.500E+00 2.079E-05 1.412E-02 1.812E-04 2.437E-02 2.272E-04 3.892E-02 3.890E-02
       9.000E+00 1.855E-05 1.355E-02 1.692E-04 2.543E-02 2.467E-04 3.942E-02 3.940E-02
       9.500E+00 1.664E-05 1.304E-02 1.586E-04 2.644E-02 2.657E-04 3.992E-02 3.990E-02
       1.000E+01 1.502E-05 1.256E-02 1.492E-04 2.742E-02 2.842E-04 4.042E-02 4.041E-02