       1.000E-03 8.736E+00 6.885E-03 9.078E+03 0.000E+00 0.000E+00 9.087E+03 9.078E+03
       1.500E-03 8.203E+00 1.110E-02 4.765E+03 0.000E+00 0.000E+00 4.773E+03 4.765E+03
       2.000E-03 7.674E+00 1.512E-02 2.456E+03 0.000E+00 0.000E+00 2.464E+03 2.456E+03
       3.000E-03 6.690E+00 2.278E-02 9.200E+02 0.000E+00 0.000E+00 9.267E+02 9.200E+02
       4.000E-03 5.844E+00 2.983E-02 4.470E+02 0.000E+00 0.000E+00 4.529E+02 4.470E+02
       5.000E-03 5.133E+00 3.615E-02 2.527E+02 0.000E+00 0.000E+00 2.578E+02 2.527E+02
       6.000E-03 4.548E+00 4.165E-02 6.273E+02 0.000E+00 0.000E+00 6.319E+02 6.274E+02
       7.000E-03 4.058E+00 4.649E-02 4.893E+02 0.000E+00 0.000E+00 4.934E+02 4.894E+02
       8.000E-03 3.638E+00 5.081E-02 3.492E+02 0.000E+00 0.000E+00 3.529E+02 3.492E+02
       9.000E-03 3.278E+00 5.480E-02 2.558E+02 0.000E+00 0.000E+00 2.592E+02 2.559E+02
       1.000E-02 2.970E+00 5.853E-02 1.937E+02 0.000E+00 0.000E+00 1.967E+02 1.938E+02
       1.500E-02 1.953E+00 7.370E-02 6.529E+01 0.000E+00 0.000E+00 6.732E+01 6.537E+01
       2.000E-02 1.404E+00 8.411E-02 2.970E+01 0.000E+00 0.000E+00 3.119E+01 2.978E+01
       2.500E-02 1.050E+00 9.125E-02 1.597E+01 0.000E+00 0.000E+00 1.711E+01 1.606E+01
       3.000E-02 8.116E-01 9.633E-02 9.616E+00 0.000E+00 0.000E+00 1.052E+01 9.712E+00
       3.500E-02 6.456E-01 1.001E-01 6.229E+00 0.000E+00 0.000E+00 6.975E+00 6.329E+00
       4.000E-02 5.281E-01 1.028E-01 2.515E+01 0.000E+00 0.000E+00 2.578E+01 2.526E+01
       4.500E-02 4.417E-01 1.048E-01 1.843E+01 0.000E+00 0.000E+00 1.898E+01 1.854E+01
       5.000E-02 3.757E-01 1.063E-01 1.399E+01 0.000E+00 0.000E+00 1.447E+01 1.410E+01
       5.500E-02 3.236E-01 1.073E-01 1.085E+01 0.000E+00 0.000E+00 1.128E+01 1.096E+01
       6.000E-02 2.817E-01 1.080E-01 8.571E+00 0.000E+00 0.000E+00 8.961E+00 8.679E+00
       6.500E-02 2.473E-01 1.085E-01 6.892E+00 0.000E+00 0.000E+00 7.247E+00 7.000E+00
       7.000E-02 2.187E-01 1.087E-01 5.626E+00 0.000E+00 0.000E+00 5.954E+00 5.735E+00
       7.500E-02 1.947E-01 1.088E-01 4.654E+00 0.000E+00 0.000E+00 4.957E+00 4.762E+00
       8.000E-02 1.744E-01 1.087E-01 3.894E+00 0.000E+00 0.000E+00 4.177E+00 4.002E+00
       8.500E-02 1.571E-01 1.085E-01 3.291E+00 0.000E+00 0.000E+00 3.556E+00 3.399E+00
       9.000E-02 1.423E-01 1.082E-01 2.806E+00 0.000E+00 0.000E+00 3.057E+00 2.914E+00
       9.500E-02 1.294E-01 1.078E-01 2.413E+00 0.000E+00 0.000E+00 2.650E+00 2.521E+00
       1.000E-01 1.183E-01 1.073E-01 2.090E+00 0.000E+00 0.000E+00 2.315E+00 2.197E+00
       1.130E-01 9.541E-02 1.060E-01 1.482E+00 0.000E+00 0.000E+00 1.683E+00 1.588E+00
       1.250E-01 7.979E-02 1.045E-01 1.114E+00 0.000E+00 0.000E+00 1.299E+00 1.219E+00
       1.500E-01 5.762E-02 1.013E-01 6.651E-01 0.000E+00 0.000E+00 8.240E-01 7.664E-01
       1.750E-01 4.361E-02 9.811E-02 4.298E-01 0.000E+00 0.000E+00 5.715E-01 5.279E-01
       2.000E-01 3.416E-02 9.503E-02 2.947E-01 0.000E+00 0.000E+00 4.239E-01 3.898E-01
       2.250E-01 2.747E-02 9.215E-02 2.117E-01 0.000E+00 0.000E+00 3.313E-01 3.038E-01
       2.500E-01 2.257E-02 8.945E-02 1.578E-01 0.000E+00 0.000E+00 2.698E-01 2.472E-01
       2.750E-01 1.886E-02 8.693E-02 1.212E-01 0.000E+00 0.000E+00 2.270E-01 2.082E-01
       3.000E-01 1.600E-02 8.458E-02 9.551E-02 0.000E+00 0.000E+00 1.961E-01 1.801E-01
       3.500E-01 1.192E-02 8.033E-02 6.302E-02 0.000E+00 0.000E+00 1.553E-01 1.433E-01
       4.000E-01 9.226E-03 7.661E-02 4.431E-02 0.000E+00 0.000E+00 1.301E-01 1.209E-01
       4.500E-01 7.352E-03 7.333E-02 3.271E-02 0.000E+00 0.000E+00 1.134E-01 1.060E-01
       5.000E-01 5.996E-03 7.041E-02 2.510E-02 0.000E+00 0.000E+00 1.015E-01 9.550E-02
       5.500E-01 4.981E-03 6.777E-02 1.986E-02 0.000E+00 0.000E+00 9.262E-02 8.764E-02
       6.000E-01 4.203E-03 6.538E-02 1.612E-02 0.000E+00 0.000E+00 8.570E-02 8.150E-02
       6.500E-01 3.595E-03 6.319E-02 1.336E-02 0.000E+00 0.000E+00 8.014E-02 7.654E-02
       7.000E-01 3.109E-03 6.118E-02 1.127E-02 0.000E+00 0.000E+00 7.556E-02 7.245E-02
       7.500E-01 2.716E-03 5.934E-02 9.650E-03 0.000E+00 0.000E+00 7.171E-02 6.899E-02
       8.000E-01 2.392E-03 5.766E-02 8.376E-03 0.000E+00 0.000E+00 6.843E-02 6.604E-02
       8.500E-01 2.122E-03 5.611E-02 7.354E-03 0.000E+00 0.000E+00 6.559E-02 6.347E-02
       9.000E-01 1.896E-03 5.467E-02 6.519E-03 0.000E+00 0.000E+00 6.308E-02 6.119E-02
       9.500E-01 1.704E-03 5.330E-02 5.824E-03 0.000E+00 0.000E+00 6.083E-02 5.912E-02
       1.000E+00 1.540E-03 5.198E-02 5.237E-03 0.000E+00 0.000E+00 5.876E-02 5.722E-02
       1.130E+00 1.210E-03 4.892E-02 4.097E-03 3.373E-05 0.000E+00 5.426E-02 5.305E-02
       1.250E+00 9.902E-04 4.652E-02 3.378E-03 2.094E-04 0.000E+00 5.110E-02 5.011E-02
       1.500E+00 6.893E-04 4.233E-02 2.416E-03 9.677E-04 0.000E+00 4.640E-02 4.571E-02
       1.750E+00 5.071E-04 3.895E-02 1.841E-03 2.020E-03 0.000E+00 4.332E-02 4.281E-02
       2.000E+00 3.887E-04 3.616E-02 1.468E-03 3.204E-03 0.000E+00 4.122E-02 4.083E-02
       2.250E+00 3.074E-04 3.380E-02 1.211E-03 4.426E-03 2.074E-07 3.975E-02 3.944E-02
       2.500E+00 2.491E-04 3.178E-02 1.026E-03 5.632E-03 1.723E-06 3.869E-02 3.844E-02
       2.750E+00 2.059E-04 3.002E-02 8.856E-04 6.805E-03 5.014E-06 3.792E-02 3.772E-02
       3.000E+00 1.731E-04 2.847E-02 7.769E-04 7.938E-03 9.954E-06 3.737E-02 3.720E-02
       3.500E+00 1.272E-04 2.587E-02 6.200E-04 1.008E-02 2.357E-05 3.671E-02 3.659E-02
       4.000E+00 9.742E-05 2.375E-02 5.133E-04 1.206E-02 4.060E-05 3.646E-02 3.636E-02
       4.500E+00 7.700E-05 2.200E-02 4.367E-04 1.390E-02 5.998E-05 3.647E-02 3.640E-02
       5.000E+00 6.239E-05 2.052E-02 3.791E-04 1.560E-02 8.081E-05 3.665E-02 3.658E-02
       5.500E+00 5.156E-05 1.925E-02 3.344E-04 1.718E-02 1.023E-04 3.692E-02 3.686E-02
       6.000E+00 4.332E-05 1.814E-02 2.988E-04 1.866E-02 1.239E-04 3.726E-02 3.722E-02
       6.500E+00 3.692E-05 1.717E-02 2.699E-04 2.005E-02 1.455E-04 3.767E-02 3.763E-02
       7.000E+00 3.183E-05 1.631E-02 2.459E-04 2.136E-02 1.669E-04 3.811E-02 3.808E-02
       7.500E+00 2.773E-05 1.553E-02 2.257E-04 2.261E-02 1.879E-04 3.858E-02 3.856E-02
       8.000E+00 2.437E-05 1.484E-02 2.084E-04 2.379E-02 2.084E-04 3.907E-02 3.905E-02
       8.500E+00 2.159E-05 1.421E-02 1.936E-04 2.492E-02 2.285E-04 3.958E-02 3.956E-02
       9.000E+00 1.926E-05 1.364E-02 1.807E-04 2.600E-02 2.482E-04 4.009E-02 4.007E-02
       9.500E+00 1.728E-05 1.312E-02 1.694E-04 2.704E-02 2.673E-04 4.061E-02 4.059E-02
       1.000E+01 1.560E-05 1.264E-02 1.594E-04 2.803E-02 2.859E-04 4.113E-02 4.111E-02