       1.000E-03 8.987E+00 6.731E-03 9.701E+03 0.000E+00 0.000E+00 9.710E+03 9.701E+03
       1.500E-03 8.454E+00 1.090E-02 5.024E+03 0.000E+00 0.000E+00 5.033E+03 5.024E+03
       2.000E-03 7.921E+00 1.488E-02 2.599E+03 0.000E+00 0.000E+00 2.607E+03 2.599E+03
       3.000E-03 6.920E+00 2.252E-02 9.787E+02 0.000E+00 0.000E+00 9.856E+02 9.787E+02
       4.000E-03 6.047E+00 2.956E-02 4.749E+02 0.000E+00 0.000E+00 4.810E+02 4.750E+02
       5.000E-03 5.312E+00 3.591E-02 2.686E+02 0.000E+00 0.000E+00 2.740E+02 2.687E+02
       6.000E-03 4.706E+00 4.146E-02 4.861E+02 0.000E+00 0.000E+00 4.909E+02 4.861E+02
       7.000E-03 4.194E+00 4.636E-02 5.164E+02 0.000E+00 0.000E+00 5.206E+02 5.164E+02
       8.000E-03 3.762E+00 5.072E-02 3.694E+02 0.000E+00 0.000E+00 3.732E+02 3.695E+02
       9.000E-03 3.391E+00 5.472E-02 2.708E+02 0.000E+00 0.000E+00 2.742E+02 2.708E+02
       1.000E-02 3.071E+00 5.845E-02 2.051E+02 0.000E+00 0.000E+00 2.082E+02 2.051E+02
       1.500E-02 2.015E+00 7.375E-02 6.933E+01 0.000E+00 0.000E+00 7.142E+01 6.940E+01
       2.000E-02 1.449E+00 8.433E-02 3.159E+01 0.000E+00 0.000E+00 3.312E+01 3.167E+01
       2.500E-02 1.086E+00 9.163E-02 1.700E+01 0.000E+00 0.000E+00 1.818E+01 1.710E+01
       3.000E-02 8.403E-01 9.679E-02 1.025E+01 0.000E+00 0.000E+00 1.119E+01 1.035E+01
       3.500E-02 6.688E-01 1.005E-01 6.645E+00 0.000E+00 0.000E+00 7.414E+00 6.745E+00
       4.000E-02 5.467E-01 1.033E-01 4.564E+00 0.000E+00 0.000E+00 5.215E+00 4.668E+00
       4.500E-02 4.572E-01 1.054E-01 1.942E+01 0.000E+00 0.000E+00 1.998E+01 1.952E+01
       5.000E-02 3.889E-01 1.069E-01 1.471E+01 0.000E+00 0.000E+00 1.520E+01 1.481E+01
       5.500E-02 3.351E-01 1.080E-01 1.142E+01 0.000E+00 0.000E+00 1.186E+01 1.153E+01
       6.000E-02 2.918E-01 1.087E-01 9.047E+00 0.000E+00 0.000E+00 9.448E+00 9.156E+00
       6.500E-02 2.563E-01 1.092E-01 7.285E+00 0.000E+00 0.000E+00 7.650E+00 7.394E+00
       7.000E-02 2.267E-01 1.094E-01 5.950E+00 0.000E+00 0.000E+00 6.286E+00 6.059E+00
       7.500E-02 2.019E-01 1.095E-01 4.922E+00 0.000E+00 0.000E+00 5.234E+00 5.032E+00
       8.000E-02 1.809E-01 1.094E-01 4.119E+00 0.000E+00 0.000E+00 4.409E+00 4.228E+00
       8.500E-02 1.630E-01 1.092E-01 3.482E+00 0.000E+00 0.000E+00 3.754E+00 3.591E+00
       9.000E-02 1.476E-01 1.089E-01 2.971E+00 0.000E+00 0.000E+00 3.227E+00 3.080E+00
       9.500E-02 1.343E-01 1.085E-01 2.555E+00 0.000E+00 0.000E+00 2.798E+00 2.664E+00
       1.000E-01 1.228E-01 1.081E-01 2.214E+00 0.000E+00 0.000E+00 2.445E+00 2.322E+00
       1.130E-01 9.902E-02 1.067E-01 1.572E+00 0.000E+00 0.000E+00 1.778E+00 1.679E+00
       1.250E-01 8.280E-02 1.053E-01 1.183E+00 0.000E+00 0.000E+00 1.371E+00 1.288E+00
       1.500E-01 5.979E-02 1.021E-01 7.070E-01 0.000E+00 0.000E+00 8.689E-01 8.091E-01
       1.750E-01 4.527E-02 9.887E-02 4.574E-01 0.000E+00 0.000E+00 6.015E-01 5.562E-01
       2.000E-01 3.548E-02 9.580E-02 3.139E-01 0.000E+00 0.000E+00 4.452E-01 4.097E-01
       2.250E-01 2.855E-02 9.290E-02 2.256E-01 0.000E+00 0.000E+00 3.471E-01 3.185E-01
       2.500E-01 2.346E-02 9.019E-02 1.683E-01 0.000E+00 0.000E+00 2.819E-01 2.585E-01
       2.750E-01 1.961E-02 8.765E-02 1.294E-01 0.000E+00 0.000E+00 2.366E-01 2.170E-01
       3.000E-01 1.663E-02 8.527E-02 1.020E-01 0.000E+00 0.000E+00 2.039E-01 1.873E-01
       3.500E-01 1.240E-02 8.098E-02 6.737E-02 0.000E+00 0.000E+00 1.608E-01 1.484E-01
       4.000E-01 9.597E-03 7.723E-02 4.741E-02 0.000E+00 0.000E+00 1.342E-01 1.246E-01
       4.500E-01 7.648E-03 7.394E-02 3.501E-02 0.000E+00 0.000E+00 1.166E-01 1.090E-01
       5.000E-01 6.236E-03 7.100E-02 2.687E-02 0.000E+00 0.000E+00 1.041E-01 9.787E-02
       5.500E-01 5.180E-03 6.834E-02 2.127E-02 0.000E+00 0.000E+00 9.479E-02 8.961E-02
       6.000E-01 4.371E-03 6.593E-02 1.727E-02 0.000E+00 0.000E+00 8.757E-02 8.320E-02
       6.500E-01 3.738E-03 6.374E-02 1.432E-02 0.000E+00 0.000E+00 8.180E-02 7.806E-02
       7.000E-01 3.234E-03 6.174E-02 1.208E-02 0.000E+00 0.000E+00 7.706E-02 7.382E-02
       7.500E-01 2.825E-03 5.988E-02 1.035E-02 0.000E+00 0.000E+00 7.306E-02 7.023E-02
       8.000E-01 2.489E-03 5.815E-02 8.979E-03 0.000E+00 0.000E+00 6.962E-02 6.713E-02
       8.500E-01 2.209E-03 5.653E-02 7.875E-03 0.000E+00 0.000E+00 6.661E-02 6.440E-02
       9.000E-01 1.974E-03 5.502E-02 6.976E-03 0.000E+00 0.000E+00 6.397E-02 6.200E-02
       9.500E-01 1.774E-03 5.365E-02 6.233E-03 0.000E+00 0.000E+00 6.165E-02 5.988E-02
       1.000E+00 1.603E-03 5.239E-02 5.613E-03 0.000E+00 0.000E+00 5.961E-02 5.801E-02
       1.130E+00 1.259E-03 4.942E-02 4.401E-03 3.501E-05 0.000E+00 5.512E-02 5.386E-02
       1.250E+00 1.031E-03 4.693E-02 3.622E-03 2.177E-04 0.000E+00 5.180E-02 5.077E-02
       1.500E+00 7.178E-04 4.270E-02 2.590E-03 1.006E-03 0.000E+00 4.701E-02 4.629E-02
       1.750E+00 5.280E-04 3.929E-02 1.974E-03 2.096E-03 0.000E+00 4.389E-02 4.336E-02
       2.000E+00 4.047E-04 3.647E-02 1.574E-03 3.315E-03 0.000E+00 4.177E-02 4.136E-02
       2.250E+00 3.201E-04 3.410E-02 1.298E-03 4.570E-03 2.092E-07 4.028E-02 3.996E-02
       2.500E+00 2.594E-04 3.205E-02 1.099E-03 5.808E-03 1.738E-06 3.922E-02 3.896E-02
       2.750E+00 2.145E-04 3.028E-02 9.485E-04 7.013E-03 5.058E-06 3.846E-02 3.825E-02
       3.000E+00 1.803E-04 2.872E-02 8.321E-04 8.175E-03 1.004E-05 3.792E-02 3.774E-02
       3.500E+00 1.325E-04 2.610E-02 6.641E-04 1.037E-02 2.378E-05 3.728E-02 3.715E-02
       4.000E+00 1.015E-04 2.397E-02 5.497E-04 1.239E-02 4.095E-05 3.705E-02 3.695E-02
       4.500E+00 8.017E-05 2.220E-02 4.675E-04 1.427E-02 6.049E-05 3.708E-02 3.700E-02
       5.000E+00 6.494E-05 2.070E-02 4.058E-04 1.601E-02 8.149E-05 3.727E-02 3.720E-02
       5.500E+00 5.369E-05 1.941E-02 3.579E-04 1.763E-02 1.032E-04 3.756E-02 3.750E-02
       6.000E+00 4.513E-05 1.830E-02 3.198E-04 1.913E-02 1.250E-04 3.792E-02 3.788E-02
       6.500E+00 3.845E-05 1.732E-02 2.887E-04 2.056E-02 1.468E-04 3.835E-02 3.831E-02
       7.000E+00 3.315E-05 1.645E-02 2.630E-04 2.190E-02 1.683E-04 3.882E-02 3.878E-02
       7.500E+00 2.888E-05 1.567E-02 2.414E-04 2.318E-02 1.895E-04 3.931E-02 3.928E-02
       8.000E+00 2.538E-05 1.497E-02 2.230E-04 2.439E-02 2.102E-04 3.982E-02 3.979E-02
       8.500E+00 2.248E-05 1.434E-02 2.071E-04 2.554E-02 2.305E-04 4.034E-02 4.032E-02
       9.000E+00 2.005E-05 1.376E-02 1.933E-04 2.664E-02 2.503E-04 4.087E-02 4.085E-02
       9.500E+00 1.800E-05 1.324E-02 1.812E-04 2.770E-02 2.695E-04 4.141E-02 4.139E-02
       1.000E+01 1.625E-05 1.275E-02 1.705E-04 2.871E-02 2.883E-04 4.194E-02 4.193E-02