       1.000E-03 9.283E+00 6.535E-03 1.057E+04 0.000E+00 0.000E+00 1.058E+04 1.057E+04
       1.500E-03 8.770E+00 1.055E-02 5.082E+03 0.000E+00 0.000E+00 5.090E+03 5.082E+03
       2.000E-03 8.248E+00 1.447E-02 2.760E+03 0.000E+00 0.000E+00 2.768E+03 2.760E+03
       3.000E-03 7.244E+00 2.203E-02 1.039E+03 0.000E+00 0.000E+00 1.047E+03 1.039E+03
       4.000E-03 6.338E+00 2.900E-02 5.069E+02 0.000E+00 0.000E+00 5.132E+02 5.069E+02
       5.000E-03 5.569E+00 3.529E-02 2.869E+02 0.000E+00 0.000E+00 2.925E+02 2.869E+02
       6.000E-03 4.928E+00 4.083E-02 5.094E+02 0.000E+00 0.000E+00 5.144E+02 5.095E+02
       7.000E-03 4.387E+00 4.578E-02 5.456E+02 0.000E+00 0.000E+00 5.500E+02 5.456E+02
       8.000E-03 3.931E+00 5.017E-02 3.910E+02 0.000E+00 0.000E+00 3.950E+02 3.911E+02
       9.000E-03 3.540E+00 5.424E-02 2.870E+02 0.000E+00 0.000E+00 2.906E+02 2.870E+02
       1.000E-02 3.202E+00 5.804E-02 2.176E+02 0.000E+00 0.000E+00 2.209E+02 2.177E+02
       1.500E-02 2.094E+00 7.360E-02 7.381E+01 0.000E+00 0.000E+00 7.598E+01 7.388E+01
       2.000E-02 1.504E+00 8.449E-02 3.367E+01 0.000E+00 0.000E+00 3.526E+01 3.376E+01
       2.500E-02 1.128E+00 9.201E-02 1.815E+01 0.000E+00 0.000E+00 1.937E+01 1.824E+01
       3.000E-02 8.740E-01 9.736E-02 1.095E+01 0.000E+00 0.000E+00 1.192E+01 1.105E+01
       3.500E-02 6.962E-01 1.013E-01 7.105E+00 0.000E+00 0.000E+00 7.903E+00 7.206E+00
       4.000E-02 5.688E-01 1.041E-01 4.885E+00 0.000E+00 0.000E+00 5.558E+00 4.989E+00
       4.500E-02 4.752E-01 1.062E-01 2.044E+01 0.000E+00 0.000E+00 2.102E+01 2.054E+01
       5.000E-02 4.041E-01 1.077E-01 1.548E+01 0.000E+00 0.000E+00 1.599E+01 1.558E+01
       5.500E-02 3.483E-01 1.089E-01 1.204E+01 0.000E+00 0.000E+00 1.250E+01 1.215E+01
       6.000E-02 3.034E-01 1.096E-01 9.565E+00 0.000E+00 0.000E+00 9.978E+00 9.674E+00
       6.500E-02 2.665E-01 1.101E-01 7.711E+00 0.000E+00 0.000E+00 8.088E+00 7.822E+00
       7.000E-02 2.359E-01 1.104E-01 6.301E+00 0.000E+00 0.000E+00 6.648E+00 6.412E+00
       7.500E-02 2.101E-01 1.105E-01 5.214E+00 0.000E+00 0.000E+00 5.534E+00 5.324E+00
       8.000E-02 1.883E-01 1.104E-01 4.364E+00 0.000E+00 0.000E+00 4.662E+00 4.474E+00
       8.500E-02 1.697E-01 1.102E-01 3.691E+00 0.000E+00 0.000E+00 3.970E+00 3.801E+00
       9.000E-02 1.537E-01 1.099E-01 3.150E+00 0.000E+00 0.000E+00 3.414E+00 3.260E+00
       9.500E-02 1.399E-01 1.095E-01 2.712E+00 0.000E+00 0.000E+00 2.961E+00 2.821E+00
       1.000E-01 1.279E-01 1.091E-01 2.351E+00 0.000E+00 0.000E+00 2.588E+00 2.460E+00
       1.130E-01 1.031E-01 1.078E-01 1.671E+00 0.000E+00 0.000E+00 1.881E+00 1.778E+00
       1.250E-01 8.623E-02 1.063E-01 1.258E+00 0.000E+00 0.000E+00 1.451E+00 1.364E+00
       1.500E-01 6.227E-02 1.031E-01 7.526E-01 0.000E+00 0.000E+00 9.180E-01 8.557E-01
       1.750E-01 4.716E-02 9.990E-02 4.874E-01 0.000E+00 0.000E+00 6.344E-01 5.873E-01
       2.000E-01 3.696E-02 9.680E-02 3.349E-01 0.000E+00 0.000E+00 4.687E-01 4.317E-01
       2.250E-01 2.974E-02 9.388E-02 2.409E-01 0.000E+00 0.000E+00 3.646E-01 3.348E-01
       2.500E-01 2.444E-02 9.114E-02 1.798E-01 0.000E+00 0.000E+00 2.954E-01 2.710E-01
       2.750E-01 2.044E-02 8.859E-02 1.383E-01 0.000E+00 0.000E+00 2.474E-01 2.269E-01
       3.000E-01 1.734E-02 8.620E-02 1.091E-01 0.000E+00 0.000E+00 2.127E-01 1.953E-01
       3.500E-01 1.294E-02 8.190E-02 7.211E-02 0.000E+00 0.000E+00 1.670E-01 1.540E-01
       4.000E-01 1.001E-02 7.813E-02 5.077E-02 0.000E+00 0.000E+00 1.389E-01 1.289E-01
       4.500E-01 7.977E-03 7.478E-02 3.752E-02 0.000E+00 0.000E+00 1.203E-01 1.123E-01
       5.000E-01 6.505E-03 7.180E-02 2.881E-02 0.000E+00 0.000E+00 1.071E-01 1.006E-01
       5.500E-01 5.406E-03 6.911E-02 2.282E-02 0.000E+00 0.000E+00 9.734E-02 9.193E-02
       6.000E-01 4.564E-03 6.667E-02 1.853E-02 0.000E+00 0.000E+00 8.977E-02 8.520E-02
       6.500E-01 3.904E-03 6.445E-02 1.537E-02 0.000E+00 0.000E+00 8.372E-02 7.981E-02
       7.000E-01 3.377E-03 6.241E-02 1.297E-02 0.000E+00 0.000E+00 7.876E-02 7.538E-02
       7.500E-01 2.950E-03 6.054E-02 1.111E-02 0.000E+00 0.000E+00 7.460E-02 7.165E-02
       8.000E-01 2.598E-03 5.881E-02 9.642E-03 0.000E+00 0.000E+00 7.105E-02 6.845E-02
       8.500E-01 2.306E-03 5.721E-02 8.461E-03 0.000E+00 0.000E+00 6.797E-02 6.567E-02
       9.000E-01 2.061E-03 5.571E-02 7.497E-03 0.000E+00 0.000E+00 6.527E-02 6.321E-02
       9.500E-01 1.853E-03 5.431E-02 6.699E-03 0.000E+00 0.000E+00 6.286E-02 6.101E-02
       1.000E+00 1.674E-03 5.300E-02 6.030E-03 0.000E+00 0.000E+00 6.070E-02 5.903E-02
       1.130E+00 1.315E-03 4.993E-02 4.724E-03 3.643E-05 0.000E+00 5.600E-02 5.469E-02
       1.250E+00 1.077E-03 4.748E-02 3.890E-03 2.267E-04 0.000E+00 5.268E-02 5.160E-02
       1.500E+00 7.492E-04 4.321E-02 2.781E-03 1.048E-03 0.000E+00 4.779E-02 4.704E-02
       1.750E+00 5.513E-04 3.975E-02 2.119E-03 2.178E-03 0.000E+00 4.460E-02 4.405E-02
       2.000E+00 4.227E-04 3.689E-02 1.690E-03 3.439E-03 0.000E+00 4.244E-02 4.202E-02
       2.250E+00 3.343E-04 3.448E-02 1.394E-03 4.733E-03 2.118E-07 4.095E-02 4.061E-02
       2.500E+00 2.710E-04 3.242E-02 1.179E-03 6.007E-03 1.759E-06 3.988E-02 3.961E-02
       2.750E+00 2.240E-04 3.063E-02 1.018E-03 7.244E-03 5.119E-06 3.912E-02 3.889E-02
       3.000E+00 1.883E-04 2.905E-02 8.928E-04 8.437E-03 1.016E-05 3.858E-02 3.839E-02
       3.500E+00 1.384E-04 2.640E-02 7.125E-04 1.069E-02 2.405E-05 3.796E-02 3.782E-02
       4.000E+00 1.060E-04 2.424E-02 5.898E-04 1.277E-02 4.142E-05 3.774E-02 3.764E-02
       4.500E+00 8.377E-05 2.245E-02 5.014E-04 1.469E-02 6.119E-05 3.779E-02 3.771E-02
       5.000E+00 6.787E-05 2.094E-02 4.351E-04 1.648E-02 8.244E-05 3.800E-02 3.793E-02
       5.500E+00 5.610E-05 1.964E-02 3.837E-04 1.813E-02 1.043E-04 3.831E-02 3.826E-02
       6.000E+00 4.714E-05 1.851E-02 3.428E-04 1.968E-02 1.264E-04 3.870E-02 3.865E-02
       6.500E+00 4.016E-05 1.751E-02 3.095E-04 2.113E-02 1.484E-04 3.914E-02 3.910E-02
       7.000E+00 3.463E-05 1.663E-02 2.819E-04 2.251E-02 1.702E-04 3.963E-02 3.960E-02
       7.500E+00 3.017E-05 1.585E-02 2.587E-04 2.381E-02 1.916E-04 4.014E-02 4.011E-02
       8.000E+00 2.651E-05 1.514E-02 2.389E-04 2.505E-02 2.126E-04 4.067E-02 4.065E-02
       8.500E+00 2.349E-05 1.450E-02 2.219E-04 2.623E-02 2.331E-04 4.122E-02 4.119E-02
       9.000E+00 2.095E-05 1.392E-02 2.071E-04 2.737E-02 2.531E-04 4.177E-02 4.175E-02
       9.500E+00 1.880E-05 1.339E-02 1.941E-04 2.845E-02 2.726E-04 4.232E-02 4.230E-02
       1.000E+01 1.697E-05 1.290E-02 1.826E-04 2.949E-02 2.916E-04 4.288E-02 4.286E-02