       1.000E-03 9.402E+00 6.317E-03 6.618E+03 0.000E+00 0.000E+00 6.627E+03 6.618E+03
       1.500E-03 8.893E+00 1.024E-02 5.265E+03 0.000E+00 0.000E+00 5.274E+03 5.265E+03
       2.000E-03 8.375E+00 1.407E-02 2.870E+03 0.000E+00 0.000E+00 2.878E+03 2.870E+03
       3.000E-03 7.373E+00 2.146E-02 1.086E+03 0.000E+00 0.000E+00 1.093E+03 1.086E+03
       4.000E-03 6.463E+00 2.830E-02 5.302E+02 0.000E+00 0.000E+00 5.367E+02 5.303E+02
       5.000E-03 5.682E+00 3.448E-02 3.004E+02 0.000E+00 0.000E+00 3.062E+02 3.005E+02
       6.000E-03 5.027E+00 3.996E-02 1.876E+02 0.000E+00 0.000E+00 1.927E+02 1.877E+02
       7.000E-03 4.475E+00 4.482E-02 4.891E+02 0.000E+00 0.000E+00 4.936E+02 4.892E+02
       8.000E-03 4.008E+00 4.922E-02 4.054E+02 0.000E+00 0.000E+00 4.094E+02 4.054E+02
       9.000E-03 3.607E+00 5.327E-02 2.983E+02 0.000E+00 0.000E+00 3.019E+02 2.983E+02
       1.000E-02 3.264E+00 5.699E-02 2.267E+02 0.000E+00 0.000E+00 2.300E+02 2.267E+02
       1.500E-02 2.130E+00 7.244E-02 7.703E+01 0.000E+00 0.000E+00 7.923E+01 7.710E+01
       2.000E-02 1.529E+00 8.333E-02 3.523E+01 0.000E+00 0.000E+00 3.684E+01 3.531E+01
       2.500E-02 1.149E+00 9.091E-02 1.900E+01 0.000E+00 0.000E+00 2.024E+01 1.909E+01
       3.000E-02 8.914E-01 9.628E-02 1.148E+01 0.000E+00 0.000E+00 1.246E+01 1.157E+01
       3.500E-02 7.097E-01 1.002E-01 7.453E+00 0.000E+00 0.000E+00 8.263E+00 7.553E+00
       4.000E-02 5.799E-01 1.030E-01 5.127E+00 0.000E+00 0.000E+00 5.810E+00 5.230E+00
       4.500E-02 4.848E-01 1.052E-01 2.114E+01 0.000E+00 0.000E+00 2.173E+01 2.124E+01
       5.000E-02 4.119E-01 1.067E-01 1.598E+01 0.000E+00 0.000E+00 1.650E+01 1.608E+01
       5.500E-02 3.549E-01 1.078E-01 1.245E+01 0.000E+00 0.000E+00 1.291E+01 1.256E+01
       6.000E-02 3.093E-01 1.086E-01 9.907E+00 0.000E+00 0.000E+00 1.033E+01 1.002E+01
       6.500E-02 2.718E-01 1.091E-01 8.001E+00 0.000E+00 0.000E+00 8.382E+00 8.110E+00
       7.000E-02 2.407E-01 1.094E-01 6.545E+00 0.000E+00 0.000E+00 6.895E+00 6.655E+00
       7.500E-02 2.145E-01 1.095E-01 5.420E+00 0.000E+00 0.000E+00 5.743E+00 5.529E+00
       8.000E-02 1.923E-01 1.094E-01 4.538E+00 0.000E+00 0.000E+00 4.840E+00 4.648E+00
       8.500E-02 1.733E-01 1.093E-01 3.840E+00 0.000E+00 0.000E+00 4.123E+00 3.949E+00
       9.000E-02 1.570E-01 1.090E-01 3.279E+00 0.000E+00 0.000E+00 3.545E+00 3.388E+00
       9.500E-02 1.429E-01 1.086E-01 2.823E+00 0.000E+00 0.000E+00 3.075E+00 2.932E+00
       1.000E-01 1.306E-01 1.082E-01 2.449E+00 0.000E+00 0.000E+00 2.688E+00 2.557E+00
       1.130E-01 1.054E-01 1.069E-01 1.741E+00 0.000E+00 0.000E+00 1.954E+00 1.848E+00
       1.250E-01 8.811E-02 1.055E-01 1.312E+00 0.000E+00 0.000E+00 1.506E+00 1.418E+00
       1.500E-01 6.363E-02 1.024E-01 7.862E-01 0.000E+00 0.000E+00 9.522E-01 8.885E-01
       1.750E-01 4.819E-02 9.918E-02 5.097E-01 0.000E+00 0.000E+00 6.571E-01 6.089E-01
       2.000E-01 3.778E-02 9.611E-02 3.506E-01 0.000E+00 0.000E+00 4.845E-01 4.467E-01
       2.250E-01 3.042E-02 9.321E-02 2.524E-01 0.000E+00 0.000E+00 3.760E-01 3.456E-01
       2.500E-01 2.500E-02 9.049E-02 1.885E-01 0.000E+00 0.000E+00 3.040E-01 2.790E-01
       2.750E-01 2.091E-02 8.796E-02 1.451E-01 0.000E+00 0.000E+00 2.539E-01 2.330E-01
       3.000E-01 1.774E-02 8.559E-02 1.145E-01 0.000E+00 0.000E+00 2.178E-01 2.001E-01
       3.500E-01 1.323E-02 8.132E-02 7.573E-02 0.000E+00 0.000E+00 1.703E-01 1.570E-01
       4.000E-01 1.025E-02 7.757E-02 5.336E-02 0.000E+00 0.000E+00 1.412E-01 1.309E-01
       4.500E-01 8.169E-03 7.427E-02 3.946E-02 0.000E+00 0.000E+00 1.219E-01 1.137E-01
       5.000E-01 6.663E-03 7.131E-02 3.032E-02 0.000E+00 0.000E+00 1.083E-01 1.016E-01
       5.500E-01 5.536E-03 6.864E-02 2.402E-02 0.000E+00 0.000E+00 9.819E-02 9.265E-02
       6.000E-01 4.672E-03 6.622E-02 1.951E-02 0.000E+00 0.000E+00 9.040E-02 8.573E-02
       6.500E-01 3.996E-03 6.403E-02 1.619E-02 0.000E+00 0.000E+00 8.421E-02 8.021E-02
       7.000E-01 3.457E-03 6.202E-02 1.366E-02 0.000E+00 0.000E+00 7.914E-02 7.569E-02
       7.500E-01 3.021E-03 6.017E-02 1.171E-02 0.000E+00 0.000E+00 7.490E-02 7.188E-02
       8.000E-01 2.662E-03 5.845E-02 1.016E-02 0.000E+00 0.000E+00 7.127E-02 6.861E-02
       8.500E-01 2.363E-03 5.684E-02 8.910E-03 0.000E+00 0.000E+00 6.812E-02 6.575E-02
       9.000E-01 2.111E-03 5.534E-02 7.893E-03 0.000E+00 0.000E+00 6.535E-02 6.324E-02
       9.500E-01 1.898E-03 5.395E-02 7.054E-03 0.000E+00 0.000E+00 6.290E-02 6.100E-02
       1.000E+00 1.715E-03 5.265E-02 6.354E-03 0.000E+00 0.000E+00 6.072E-02 5.900E-02
       1.130E+00 1.346E-03 4.962E-02 4.984E-03 3.721E-05 0.000E+00 5.599E-02 5.465E-02
       1.250E+00 1.103E-03 4.718E-02 4.100E-03 2.318E-04 0.000E+00 5.261E-02 5.151E-02
       1.500E+00 7.678E-04 4.292E-02 2.931E-03 1.071E-03 0.000E+00 4.769E-02 4.692E-02
       1.750E+00 5.643E-04 3.949E-02 2.233E-03 2.223E-03 0.000E+00 4.451E-02 4.394E-02
       2.000E+00 4.330E-04 3.665E-02 1.780E-03 3.502E-03 0.000E+00 4.236E-02 4.193E-02
       2.250E+00 3.430E-04 3.425E-02 1.468E-03 4.813E-03 2.103E-07 4.088E-02 4.054E-02
       2.500E+00 2.780E-04 3.220E-02 1.242E-03 6.102E-03 1.747E-06 3.983E-02 3.955E-02
       2.750E+00 2.297E-04 3.042E-02 1.072E-03 7.352E-03 5.084E-06 3.908E-02 3.885E-02
       3.000E+00 1.929E-04 2.886E-02 9.402E-04 8.555E-03 1.009E-05 3.856E-02 3.836E-02
       3.500E+00 1.418E-04 2.622E-02 7.499E-04 1.082E-02 2.389E-05 3.796E-02 3.781E-02
       4.000E+00 1.086E-04 2.408E-02 6.204E-04 1.291E-02 4.115E-05 3.776E-02 3.765E-02
       4.500E+00 8.586E-05 2.230E-02 5.273E-04 1.485E-02 6.077E-05 3.783E-02 3.774E-02
       5.000E+00 6.956E-05 2.080E-02 4.576E-04 1.665E-02 8.187E-05 3.806E-02 3.799E-02
       5.500E+00 5.749E-05 1.951E-02 4.036E-04 1.831E-02 1.036E-04 3.839E-02 3.833E-02
       6.000E+00 4.831E-05 1.839E-02 3.605E-04 1.987E-02 1.256E-04 3.879E-02 3.874E-02
       6.500E+00 4.116E-05 1.740E-02 3.255E-04 2.133E-02 1.475E-04 3.924E-02 3.920E-02
       7.000E+00 3.549E-05 1.652E-02 2.964E-04 2.272E-02 1.691E-04 3.974E-02 3.971E-02
       7.500E+00 3.092E-05 1.574E-02 2.720E-04 2.403E-02 1.904E-04 4.027E-02 4.024E-02
       8.000E+00 2.718E-05 1.504E-02 2.512E-04 2.528E-02 2.112E-04 4.081E-02 4.078E-02
       8.500E+00 2.407E-05 1.441E-02 2.333E-04 2.646E-02 2.315E-04 4.136E-02 4.133E-02
       9.000E+00 2.147E-05 1.383E-02 2.177E-04 2.760E-02 2.514E-04 4.192E-02 4.189E-02
       9.500E+00 1.927E-05 1.330E-02 2.040E-04 2.869E-02 2.707E-04 4.248E-02 4.246E-02
       1.000E+01 1.739E-05 1.281E-02 1.919E-04 2.973E-02 2.896E-04 4.304E-02 4.303E-02