       1.000E-03 9.691E+00 6.225E-03 2.047E+03 0.000E+00 0.000E+00 2.056E+03 2.047E+03
       1.500E-03 9.180E+00 1.011E-02 5.544E+03 0.000E+00 0.000E+00 5.553E+03 5.544E+03
       2.000E-03 8.660E+00 1.392E-02 3.039E+03 0.000E+00 0.000E+00 3.048E+03 3.039E+03
       3.000E-03 7.642E+00 2.130E-02 1.154E+03 0.000E+00 0.000E+00 1.162E+03 1.154E+03
       4.000E-03 6.707E+00 2.812E-02 5.643E+02 0.000E+00 0.000E+00 5.711E+02 5.644E+02
       5.000E-03 5.901E+00 3.431E-02 3.201E+02 0.000E+00 0.000E+00 3.260E+02 3.201E+02
       6.000E-03 5.224E+00 3.982E-02 2.001E+02 0.000E+00 0.000E+00 2.053E+02 2.001E+02
       7.000E-03 4.649E+00 4.474E-02 3.775E+02 0.000E+00 0.000E+00 3.822E+02 3.776E+02
       8.000E-03 4.164E+00 4.916E-02 4.272E+02 0.000E+00 0.000E+00 4.314E+02 4.273E+02
       9.000E-03 3.747E+00 5.324E-02 3.155E+02 0.000E+00 0.000E+00 3.193E+02 3.156E+02
       1.000E-02 3.391E+00 5.702E-02 2.406E+02 0.000E+00 0.000E+00 2.440E+02 2.406E+02
       1.500E-02 2.208E+00 7.256E-02 8.183E+01 0.000E+00 0.000E+00 8.411E+01 8.190E+01
       2.000E-02 1.584E+00 8.365E-02 3.749E+01 0.000E+00 0.000E+00 3.916E+01 3.758E+01
       2.500E-02 1.192E+00 9.143E-02 2.025E+01 0.000E+00 0.000E+00 2.153E+01 2.034E+01
       3.000E-02 9.255E-01 9.695E-02 1.224E+01 0.000E+00 0.000E+00 1.327E+01 1.234E+01
       3.500E-02 7.373E-01 1.009E-01 7.953E+00 0.000E+00 0.000E+00 8.791E+00 8.054E+00
       4.000E-02 6.022E-01 1.039E-01 5.473E+00 0.000E+00 0.000E+00 6.179E+00 5.577E+00
       4.500E-02 5.031E-01 1.061E-01 3.930E+00 0.000E+00 0.000E+00 4.539E+00 4.036E+00
       5.000E-02 4.276E-01 1.076E-01 1.681E+01 0.000E+00 0.000E+00 1.735E+01 1.692E+01
       5.500E-02 3.686E-01 1.088E-01 1.310E+01 0.000E+00 0.000E+00 1.358E+01 1.321E+01
       6.000E-02 3.212E-01 1.096E-01 1.044E+01 0.000E+00 0.000E+00 1.087E+01 1.055E+01
       6.500E-02 2.823E-01 1.101E-01 8.441E+00 0.000E+00 0.000E+00 8.834E+00 8.552E+00
       7.000E-02 2.500E-01 1.104E-01 6.910E+00 0.000E+00 0.000E+00 7.270E+00 7.020E+00
       7.500E-02 2.229E-01 1.105E-01 5.724E+00 0.000E+00 0.000E+00 6.057E+00 5.834E+00
       8.000E-02 1.999E-01 1.105E-01 4.796E+00 0.000E+00 0.000E+00 5.106E+00 4.906E+00
       8.500E-02 1.802E-01 1.103E-01 4.060E+00 0.000E+00 0.000E+00 4.351E+00 4.171E+00
       9.000E-02 1.633E-01 1.101E-01 3.470E+00 0.000E+00 0.000E+00 3.743E+00 3.580E+00
       9.500E-02 1.486E-01 1.097E-01 2.990E+00 0.000E+00 0.000E+00 3.248E+00 3.099E+00
       1.000E-01 1.359E-01 1.093E-01 2.594E+00 0.000E+00 0.000E+00 2.840E+00 2.704E+00
       1.130E-01 1.096E-01 1.080E-01 1.847E+00 0.000E+00 0.000E+00 2.065E+00 1.955E+00
       1.250E-01 9.166E-02 1.066E-01 1.393E+00 0.000E+00 0.000E+00 1.592E+00 1.500E+00
       1.500E-01 6.620E-02 1.034E-01 8.357E-01 0.000E+00 0.000E+00 1.005E+00 9.391E-01
       1.750E-01 5.015E-02 1.002E-01 5.424E-01 0.000E+00 0.000E+00 6.928E-01 6.426E-01
       2.000E-01 3.933E-02 9.716E-02 3.733E-01 0.000E+00 0.000E+00 5.098E-01 4.705E-01
       2.250E-01 3.167E-02 9.425E-02 2.690E-01 0.000E+00 0.000E+00 3.949E-01 3.632E-01
       2.500E-01 2.604E-02 9.151E-02 2.010E-01 0.000E+00 0.000E+00 3.186E-01 2.925E-01
       2.750E-01 2.178E-02 8.895E-02 1.548E-01 0.000E+00 0.000E+00 2.655E-01 2.438E-01
       3.000E-01 1.849E-02 8.656E-02 1.222E-01 0.000E+00 0.000E+00 2.273E-01 2.088E-01
       3.500E-01 1.379E-02 8.224E-02 8.092E-02 0.000E+00 0.000E+00 1.770E-01 1.632E-01
       4.000E-01 1.068E-02 7.846E-02 5.706E-02 0.000E+00 0.000E+00 1.462E-01 1.355E-01
       4.500E-01 8.513E-03 7.513E-02 4.222E-02 0.000E+00 0.000E+00 1.259E-01 1.174E-01
       5.000E-01 6.944E-03 7.214E-02 3.246E-02 0.000E+00 0.000E+00 1.115E-01 1.046E-01
       5.500E-01 5.773E-03 6.944E-02 2.572E-02 0.000E+00 0.000E+00 1.009E-01 9.516E-02
       6.000E-01 4.875E-03 6.699E-02 2.090E-02 0.000E+00 0.000E+00 9.277E-02 8.789E-02
       6.500E-01 4.170E-03 6.478E-02 1.735E-02 0.000E+00 0.000E+00 8.629E-02 8.212E-02
       7.000E-01 3.608E-03 6.275E-02 1.465E-02 0.000E+00 0.000E+00 8.101E-02 7.740E-02
       7.500E-01 3.152E-03 6.088E-02 1.255E-02 0.000E+00 0.000E+00 7.658E-02 7.343E-02
       8.000E-01 2.776E-03 5.914E-02 1.089E-02 0.000E+00 0.000E+00 7.280E-02 7.003E-02
       8.500E-01 2.463E-03 5.750E-02 9.555E-03 0.000E+00 0.000E+00 6.952E-02 6.706E-02
       9.000E-01 2.201E-03 5.598E-02 8.464E-03 0.000E+00 0.000E+00 6.665E-02 6.445E-02
       9.500E-01 1.978E-03 5.457E-02 7.565E-03 0.000E+00 0.000E+00 6.412E-02 6.214E-02
       1.000E+00 1.789E-03 5.328E-02 6.815E-03 0.000E+00 0.000E+00 6.188E-02 6.009E-02
       1.130E+00 1.406E-03 5.022E-02 5.345E-03 3.868E-05 0.000E+00 5.700E-02 5.560E-02
       1.250E+00 1.151E-03 4.771E-02 4.397E-03 2.414E-04 0.000E+00 5.350E-02 5.235E-02
       1.500E+00 8.012E-04 4.343E-02 3.143E-03 1.116E-03 0.000E+00 4.849E-02 4.769E-02
       1.750E+00 5.896E-04 3.997E-02 2.393E-03 2.311E-03 0.000E+00 4.526E-02 4.467E-02
       2.000E+00 4.521E-04 3.709E-02 1.908E-03 3.632E-03 0.000E+00 4.308E-02 4.263E-02
       2.250E+00 3.577E-04 3.466E-02 1.574E-03 4.983E-03 2.128E-07 4.157E-02 4.122E-02
       2.500E+00 2.899E-04 3.259E-02 1.332E-03 6.308E-03 1.767E-06 4.052E-02 4.023E-02
       2.750E+00 2.396E-04 3.079E-02 1.149E-03 7.592E-03 5.144E-06 3.977E-02 3.953E-02
       3.000E+00 2.013E-04 2.920E-02 1.007E-03 8.827E-03 1.021E-05 3.925E-02 3.905E-02
       3.500E+00 1.480E-04 2.653E-02 8.032E-04 1.115E-02 2.418E-05 3.866E-02 3.851E-02
       4.000E+00 1.134E-04 2.437E-02 6.645E-04 1.330E-02 4.164E-05 3.849E-02 3.837E-02
       4.500E+00 8.958E-05 2.257E-02 5.648E-04 1.529E-02 6.151E-05 3.857E-02 3.848E-02
       5.000E+00 7.256E-05 2.105E-02 4.900E-04 1.713E-02 8.286E-05 3.882E-02 3.875E-02
       5.500E+00 5.998E-05 1.974E-02 4.320E-04 1.883E-02 1.049E-04 3.917E-02 3.911E-02
       6.000E+00 5.041E-05 1.861E-02 3.859E-04 2.043E-02 1.271E-04 3.959E-02 3.954E-02
       6.500E+00 4.296E-05 1.761E-02 3.483E-04 2.192E-02 1.492E-04 4.007E-02 4.003E-02
       7.000E+00 3.704E-05 1.672E-02 3.172E-04 2.334E-02 1.711E-04 4.059E-02 4.055E-02
       7.500E+00 3.227E-05 1.593E-02 2.910E-04 2.468E-02 1.926E-04 4.113E-02 4.110E-02
       8.000E+00 2.836E-05 1.522E-02 2.687E-04 2.596E-02 2.136E-04 4.169E-02 4.167E-02
       8.500E+00 2.513E-05 1.458E-02 2.496E-04 2.718E-02 2.342E-04 4.226E-02 4.224E-02
       9.000E+00 2.241E-05 1.399E-02 2.329E-04 2.834E-02 2.543E-04 4.284E-02 4.282E-02
       9.500E+00 2.011E-05 1.346E-02 2.182E-04 2.946E-02 2.739E-04 4.343E-02 4.341E-02
       1.000E+01 1.815E-05 1.297E-02 2.053E-04 3.053E-02 2.930E-04 4.401E-02 4.399E-02