       1.000E-03 9.668E+00 5.936E-03 2.097E+03 0.000E+00 0.000E+00 2.107E+03 2.097E+03
       1.500E-03 9.172E+00 9.672E-03 5.347E+03 0.000E+00 0.000E+00 5.356E+03 5.347E+03
       2.000E-03 8.663E+00 1.333E-02 3.112E+03 0.000E+00 0.000E+00 3.120E+03 3.112E+03
       3.000E-03 7.662E+00 2.045E-02 1.186E+03 0.000E+00 0.000E+00 1.194E+03 1.186E+03
       4.000E-03 6.737E+00 2.703E-02 5.803E+02 0.000E+00 0.000E+00 5.871E+02 5.804E+02
       5.000E-03 5.932E+00 3.302E-02 3.297E+02 0.000E+00 0.000E+00 3.356E+02 3.297E+02
       6.000E-03 5.251E+00 3.837E-02 2.062E+02 0.000E+00 0.000E+00 2.115E+02 2.063E+02
       7.000E-03 4.678E+00 4.315E-02 3.856E+02 0.000E+00 0.000E+00 3.903E+02 3.856E+02
       8.000E-03 4.189E+00 4.746E-02 4.358E+02 0.000E+00 0.000E+00 4.400E+02 4.358E+02
       9.000E-03 3.772E+00 5.140E-02 3.226E+02 0.000E+00 0.000E+00 3.264E+02 3.226E+02
       1.000E-02 3.410E+00 5.511E-02 2.465E+02 0.000E+00 0.000E+00 2.499E+02 2.465E+02
       1.500E-02 2.216E+00 7.033E-02 8.403E+01 0.000E+00 0.000E+00 8.631E+01 8.410E+01
       2.000E-02 1.588E+00 8.130E-02 3.858E+01 0.000E+00 0.000E+00 4.025E+01 3.866E+01
       2.500E-02 1.197E+00 8.901E-02 2.087E+01 0.000E+00 0.000E+00 2.215E+01 2.096E+01
       3.000E-02 9.304E-01 9.448E-02 1.263E+01 0.000E+00 0.000E+00 1.365E+01 1.272E+01
       3.500E-02 7.411E-01 9.845E-02 8.211E+00 0.000E+00 0.000E+00 9.050E+00 8.309E+00
       4.000E-02 6.052E-01 1.014E-01 5.655E+00 0.000E+00 0.000E+00 6.362E+00 5.757E+00
       4.500E-02 5.056E-01 1.035E-01 4.061E+00 0.000E+00 0.000E+00 4.670E+00 4.164E+00
       5.000E-02 4.294E-01 1.051E-01 1.721E+01 0.000E+00 0.000E+00 1.774E+01 1.732E+01
       5.500E-02 3.700E-01 1.062E-01 1.340E+01 0.000E+00 0.000E+00 1.387E+01 1.350E+01
       6.000E-02 3.227E-01 1.071E-01 1.064E+01 0.000E+00 0.000E+00 1.107E+01 1.075E+01
       6.500E-02 2.838E-01 1.076E-01 8.594E+00 0.000E+00 0.000E+00 8.986E+00 8.702E+00
       7.000E-02 2.515E-01 1.079E-01 7.041E+00 0.000E+00 0.000E+00 7.401E+00 7.149E+00
       7.500E-02 2.242E-01 1.080E-01 5.842E+00 0.000E+00 0.000E+00 6.175E+00 5.950E+00
       8.000E-02 2.011E-01 1.080E-01 4.902E+00 0.000E+00 0.000E+00 5.211E+00 5.010E+00
       8.500E-02 1.814E-01 1.078E-01 4.155E+00 0.000E+00 0.000E+00 4.444E+00 4.262E+00
       9.000E-02 1.644E-01 1.076E-01 3.552E+00 0.000E+00 0.000E+00 3.824E+00 3.660E+00
       9.500E-02 1.496E-01 1.073E-01 3.062E+00 0.000E+00 0.000E+00 3.319E+00 3.169E+00
       1.000E-01 1.368E-01 1.069E-01 2.658E+00 0.000E+00 0.000E+00 2.902E+00 2.765E+00
       1.130E-01 1.104E-01 1.056E-01 1.894E+00 0.000E+00 0.000E+00 2.110E+00 2.000E+00
       1.250E-01 9.229E-02 1.043E-01 1.430E+00 0.000E+00 0.000E+00 1.627E+00 1.534E+00
       1.500E-01 6.665E-02 1.012E-01 8.591E-01 0.000E+00 0.000E+00 1.027E+00 9.603E-01
       1.750E-01 5.049E-02 9.809E-02 5.582E-01 0.000E+00 0.000E+00 7.068E-01 6.563E-01
       2.000E-01 3.961E-02 9.508E-02 3.845E-01 0.000E+00 0.000E+00 5.192E-01 4.796E-01
       2.250E-01 3.190E-02 9.224E-02 2.772E-01 0.000E+00 0.000E+00 4.014E-01 3.695E-01
       2.500E-01 2.624E-02 8.957E-02 2.073E-01 0.000E+00 0.000E+00 3.231E-01 2.969E-01
       2.750E-01 2.195E-02 8.708E-02 1.597E-01 0.000E+00 0.000E+00 2.688E-01 2.468E-01
       3.000E-01 1.864E-02 8.475E-02 1.262E-01 0.000E+00 0.000E+00 2.296E-01 2.110E-01
       3.500E-01 1.391E-02 8.053E-02 8.365E-02 0.000E+00 0.000E+00 1.781E-01 1.642E-01
       4.000E-01 1.077E-02 7.682E-02 5.904E-02 0.000E+00 0.000E+00 1.466E-01 1.359E-01
       4.500E-01 8.587E-03 7.354E-02 4.370E-02 0.000E+00 0.000E+00 1.258E-01 1.172E-01
       5.000E-01 7.005E-03 7.061E-02 3.360E-02 0.000E+00 0.000E+00 1.112E-01 1.042E-01
       5.500E-01 5.824E-03 6.798E-02 2.664E-02 0.000E+00 0.000E+00 1.004E-01 9.462E-02
       6.000E-01 4.918E-03 6.560E-02 2.166E-02 0.000E+00 0.000E+00 9.218E-02 8.726E-02
       6.500E-01 4.208E-03 6.343E-02 1.797E-02 0.000E+00 0.000E+00 8.561E-02 8.140E-02
       7.000E-01 3.640E-03 6.144E-02 1.518E-02 0.000E+00 0.000E+00 8.026E-02 7.662E-02
       7.500E-01 3.180E-03 5.960E-02 1.301E-02 0.000E+00 0.000E+00 7.579E-02 7.261E-02
       8.000E-01 2.802E-03 5.791E-02 1.129E-02 0.000E+00 0.000E+00 7.201E-02 6.921E-02
       8.500E-01 2.488E-03 5.635E-02 9.913E-03 0.000E+00 0.000E+00 6.875E-02 6.626E-02
       9.000E-01 2.223E-03 5.489E-02 8.785E-03 0.000E+00 0.000E+00 6.590E-02 6.367E-02
       9.500E-01 1.998E-03 5.351E-02 7.851E-03 0.000E+00 0.000E+00 6.335E-02 6.136E-02
       1.000E+00 1.806E-03 5.219E-02 7.069E-03 0.000E+00 0.000E+00 6.106E-02 5.926E-02
       1.130E+00 1.419E-03 4.913E-02 5.541E-03 3.894E-05 0.000E+00 5.613E-02 5.471E-02
       1.250E+00 1.162E-03 4.674E-02 4.562E-03 2.432E-04 0.000E+00 5.271E-02 5.155E-02
       1.500E+00 8.090E-04 4.253E-02 3.259E-03 1.124E-03 0.000E+00 4.773E-02 4.692E-02
       1.750E+00 5.962E-04 3.913E-02 2.483E-03 2.324E-03 0.000E+00 4.453E-02 4.394E-02
       2.000E+00 4.566E-04 3.632E-02 1.978E-03 3.645E-03 0.000E+00 4.240E-02 4.195E-02
       2.250E+00 3.603E-04 3.396E-02 1.630E-03 4.992E-03 2.085E-07 4.094E-02 4.058E-02
       2.500E+00 2.921E-04 3.193E-02 1.379E-03 6.313E-03 1.732E-06 3.991E-02 3.962E-02
       2.750E+00 2.417E-04 3.016E-02 1.190E-03 7.591E-03 5.039E-06 3.919E-02 3.894E-02
       3.000E+00 2.033E-04 2.860E-02 1.043E-03 8.819E-03 1.000E-05 3.868E-02 3.848E-02
       3.500E+00 1.495E-04 2.599E-02 8.322E-04 1.113E-02 2.368E-05 3.812E-02 3.798E-02
       4.000E+00 1.145E-04 2.387E-02 6.885E-04 1.326E-02 4.077E-05 3.797E-02 3.786E-02
       4.500E+00 9.048E-05 2.211E-02 5.851E-04 1.523E-02 6.023E-05 3.807E-02 3.798E-02
       5.000E+00 7.329E-05 2.062E-02 5.075E-04 1.705E-02 8.114E-05 3.833E-02 3.826E-02
       5.500E+00 6.058E-05 1.934E-02 4.473E-04 1.874E-02 1.027E-04 3.869E-02 3.863E-02
       6.000E+00 5.091E-05 1.822E-02 3.994E-04 2.032E-02 1.244E-04 3.912E-02 3.907E-02
       6.500E+00 4.338E-05 1.725E-02 3.605E-04 2.181E-02 1.461E-04 3.961E-02 3.956E-02
       7.000E+00 3.741E-05 1.638E-02 3.283E-04 2.321E-02 1.675E-04 4.013E-02 4.009E-02
       7.500E+00 3.259E-05 1.561E-02 3.012E-04 2.454E-02 1.886E-04 4.067E-02 4.064E-02
       8.000E+00 2.864E-05 1.491E-02 2.781E-04 2.581E-02 2.092E-04 4.124E-02 4.121E-02
       8.500E+00 2.537E-05 1.428E-02 2.582E-04 2.702E-02 2.294E-04 4.181E-02 4.178E-02
       9.000E+00 2.263E-05 1.371E-02 2.409E-04 2.817E-02 2.491E-04 4.239E-02 4.236E-02
       9.500E+00 2.032E-05 1.318E-02 2.258E-04 2.927E-02 2.682E-04 4.297E-02 4.295E-02
       1.000E+01 1.834E-05 1.270E-02 2.124E-04 3.033E-02 2.869E-04 4.355E-02 4.353E-02