       1.000E-03 9.895E+00 5.810E-03 2.206E+03 0.000E+00 0.000E+00 2.216E+03 2.206E+03
       1.500E-03 9.404E+00 9.495E-03 5.615E+03 0.000E+00 0.000E+00 5.625E+03 5.615E+03
       2.000E-03 8.893E+00 1.311E-02 3.269E+03 0.000E+00 0.000E+00 3.278E+03 3.269E+03
       3.000E-03 7.882E+00 2.015E-02 1.248E+03 0.000E+00 0.000E+00 1.256E+03 1.248E+03
       4.000E-03 6.943E+00 2.667E-02 6.123E+02 0.000E+00 0.000E+00 6.192E+02 6.123E+02
       5.000E-03 6.119E+00 3.263E-02 3.481E+02 0.000E+00 0.000E+00 3.542E+02 3.481E+02
       6.000E-03 5.421E+00 3.796E-02 2.179E+02 0.000E+00 0.000E+00 2.234E+02 2.180E+02
       7.000E-03 4.826E+00 4.275E-02 4.043E+02 0.000E+00 0.000E+00 4.092E+02 4.044E+02
       8.000E-03 4.323E+00 4.704E-02 3.946E+02 0.000E+00 0.000E+00 3.990E+02 3.946E+02
       9.000E-03 3.893E+00 5.118E-02 3.384E+02 0.000E+00 0.000E+00 3.423E+02 3.385E+02
       1.000E-02 3.519E+00 5.473E-02 2.594E+02 0.000E+00 0.000E+00 2.629E+02 2.594E+02
       1.500E-02 2.284E+00 6.994E-02 8.853E+01 0.000E+00 0.000E+00 9.088E+01 8.860E+01
       2.000E-02 1.634E+00 8.104E-02 4.070E+01 0.000E+00 0.000E+00 4.241E+01 4.078E+01
       2.500E-02 1.232E+00 8.885E-02 2.204E+01 0.000E+00 0.000E+00 2.336E+01 2.213E+01
       3.000E-02 9.594E-01 9.443E-02 1.335E+01 0.000E+00 0.000E+00 1.441E+01 1.345E+01
       3.500E-02 7.648E-01 9.850E-02 8.692E+00 0.000E+00 0.000E+00 9.555E+00 8.791E+00
       4.000E-02 6.245E-01 1.015E-01 5.992E+00 0.000E+00 0.000E+00 6.718E+00 6.093E+00
       4.500E-02 5.216E-01 1.037E-01 4.303E+00 0.000E+00 0.000E+00 4.929E+00 4.407E+00
       5.000E-02 4.426E-01 1.053E-01 1.795E+01 0.000E+00 0.000E+00 1.850E+01 1.806E+01
       5.500E-02 3.814E-01 1.065E-01 1.397E+01 0.000E+00 0.000E+00 1.446E+01 1.407E+01
       6.000E-02 3.327E-01 1.073E-01 1.111E+01 0.000E+00 0.000E+00 1.155E+01 1.122E+01
       6.500E-02 2.927E-01 1.078E-01 8.987E+00 0.000E+00 0.000E+00 9.388E+00 9.095E+00
       7.000E-02 2.594E-01 1.082E-01 7.371E+00 0.000E+00 0.000E+00 7.739E+00 7.480E+00
       7.500E-02 2.314E-01 1.083E-01 6.121E+00 0.000E+00 0.000E+00 6.461E+00 6.230E+00
       8.000E-02 2.077E-01 1.083E-01 5.140E+00 0.000E+00 0.000E+00 5.456E+00 5.248E+00
       8.500E-02 1.873E-01 1.082E-01 4.358E+00 0.000E+00 0.000E+00 4.654E+00 4.466E+00
       9.000E-02 1.697E-01 1.080E-01 3.728E+00 0.000E+00 0.000E+00 4.006E+00 3.836E+00
       9.500E-02 1.545E-01 1.077E-01 3.215E+00 0.000E+00 0.000E+00 3.477E+00 3.322E+00
       1.000E-01 1.413E-01 1.073E-01 2.792E+00 0.000E+00 0.000E+00 3.040E+00 2.899E+00
       1.130E-01 1.140E-01 1.060E-01 1.992E+00 0.000E+00 0.000E+00 2.212E+00 2.098E+00
       1.250E-01 9.532E-02 1.047E-01 1.505E+00 0.000E+00 0.000E+00 1.705E+00 1.610E+00
       1.500E-01 6.883E-02 1.016E-01 9.055E-01 0.000E+00 0.000E+00 1.076E+00 1.007E+00
       1.750E-01 5.217E-02 9.853E-02 5.890E-01 0.000E+00 0.000E+00 7.397E-01 6.876E-01
       2.000E-01 4.094E-02 9.550E-02 4.062E-01 0.000E+00 0.000E+00 5.426E-01 5.017E-01
       2.250E-01 3.298E-02 9.264E-02 2.931E-01 0.000E+00 0.000E+00 4.187E-01 3.857E-01
       2.500E-01 2.713E-02 8.996E-02 2.193E-01 0.000E+00 0.000E+00 3.364E-01 3.093E-01
       2.750E-01 2.271E-02 8.746E-02 1.691E-01 0.000E+00 0.000E+00 2.793E-01 2.565E-01
       3.000E-01 1.928E-02 8.512E-02 1.336E-01 0.000E+00 0.000E+00 2.380E-01 2.187E-01
       3.500E-01 1.439E-02 8.090E-02 8.862E-02 0.000E+00 0.000E+00 1.839E-01 1.695E-01
       4.000E-01 1.115E-02 7.720E-02 6.257E-02 0.000E+00 0.000E+00 1.509E-01 1.398E-01
       4.500E-01 8.888E-03 7.391E-02 4.636E-02 0.000E+00 0.000E+00 1.292E-01 1.203E-01
       5.000E-01 7.252E-03 7.097E-02 3.567E-02 0.000E+00 0.000E+00 1.139E-01 1.066E-01
       5.500E-01 6.030E-03 6.833E-02 2.829E-02 0.000E+00 0.000E+00 1.027E-01 9.662E-02
       6.000E-01 5.092E-03 6.594E-02 2.300E-02 0.000E+00 0.000E+00 9.404E-02 8.895E-02
       6.500E-01 4.357E-03 6.376E-02 1.910E-02 0.000E+00 0.000E+00 8.721E-02 8.286E-02
       7.000E-01 3.770E-03 6.176E-02 1.614E-02 0.000E+00 0.000E+00 8.166E-02 7.789E-02
       7.500E-01 3.293E-03 5.991E-02 1.383E-02 0.000E+00 0.000E+00 7.704E-02 7.375E-02
       8.000E-01 2.902E-03 5.821E-02 1.201E-02 0.000E+00 0.000E+00 7.312E-02 7.022E-02
       8.500E-01 2.576E-03 5.664E-02 1.054E-02 0.000E+00 0.000E+00 6.975E-02 6.717E-02
       9.000E-01 2.302E-03 5.516E-02 9.335E-03 0.000E+00 0.000E+00 6.680E-02 6.450E-02
       9.500E-01 2.069E-03 5.378E-02 8.344E-03 0.000E+00 0.000E+00 6.419E-02 6.212E-02
       1.000E+00 1.870E-03 5.247E-02 7.518E-03 0.000E+00 0.000E+00 6.186E-02 5.999E-02
       1.130E+00 1.470E-03 4.942E-02 5.897E-03 4.023E-05 0.000E+00 5.683E-02 5.536E-02
       1.250E+00 1.204E-03 4.700E-02 4.851E-03 2.515E-04 0.000E+00 5.330E-02 5.210E-02
       1.500E+00 8.381E-04 4.276E-02 3.464E-03 1.163E-03 0.000E+00 4.822E-02 4.739E-02
       1.750E+00 6.161E-04 3.934E-02 2.639E-03 2.398E-03 0.000E+00 4.499E-02 4.438E-02
       2.000E+00 4.728E-04 3.652E-02 2.103E-03 3.754E-03 0.000E+00 4.285E-02 4.237E-02
       2.250E+00 3.746E-04 3.414E-02 1.733E-03 5.138E-03 2.097E-07 4.138E-02 4.101E-02
       2.500E+00 3.036E-04 3.210E-02 1.466E-03 6.488E-03 1.741E-06 4.035E-02 4.005E-02
       2.750E+00 2.508E-04 3.032E-02 1.265E-03 7.789E-03 5.066E-06 3.963E-02 3.938E-02
       3.000E+00 2.107E-04 2.876E-02 1.109E-03 9.039E-03 1.005E-05 3.913E-02 3.892E-02
       3.500E+00 1.549E-04 2.613E-02 8.841E-04 1.139E-02 2.380E-05 3.858E-02 3.843E-02
       4.000E+00 1.186E-04 2.400E-02 7.311E-04 1.356E-02 4.098E-05 3.845E-02 3.833E-02
       4.500E+00 9.378E-05 2.223E-02 6.210E-04 1.557E-02 6.053E-05 3.857E-02 3.848E-02
       5.000E+00 7.597E-05 2.073E-02 5.386E-04 1.742E-02 8.156E-05 3.885E-02 3.877E-02
       5.500E+00 6.277E-05 1.944E-02 4.748E-04 1.914E-02 1.032E-04 3.923E-02 3.916E-02
       6.000E+00 5.275E-05 1.832E-02 4.240E-04 2.075E-02 1.251E-04 3.967E-02 3.962E-02
       6.500E+00 4.495E-05 1.734E-02 3.826E-04 2.226E-02 1.469E-04 4.017E-02 4.013E-02
       7.000E+00 3.877E-05 1.647E-02 3.483E-04 2.369E-02 1.684E-04 4.071E-02 4.067E-02
       7.500E+00 3.378E-05 1.569E-02 3.195E-04 2.504E-02 1.896E-04 4.127E-02 4.124E-02
       8.000E+00 2.969E-05 1.499E-02 2.950E-04 2.633E-02 2.103E-04 4.185E-02 4.182E-02
       8.500E+00 2.630E-05 1.436E-02 2.739E-04 2.755E-02 2.306E-04 4.244E-02 4.241E-02
       9.000E+00 2.346E-05 1.378E-02 2.556E-04 2.872E-02 2.504E-04 4.303E-02 4.301E-02
       9.500E+00 2.105E-05 1.325E-02 2.395E-04 2.984E-02 2.696E-04 4.363E-02 4.361E-02
       1.000E+01 1.900E-05 1.277E-02 2.252E-04 3.092E-02 2.884E-04 4.422E-02 4.420E-02