       1.000E-03 9.877E+00 5.626E-03 2.281E+03 0.000E+00 0.000E+00 2.291E+03 2.281E+03
       1.500E-03 9.375E+00 9.279E-03 5.032E+03 0.000E+00 0.000E+00 5.042E+03 5.032E+03
       2.000E-03 8.854E+00 1.279E-02 3.351E+03 0.000E+00 0.000E+00 3.360E+03 3.351E+03
       3.000E-03 7.847E+00 1.961E-02 1.284E+03 0.000E+00 0.000E+00 1.292E+03 1.284E+03
       4.000E-03 6.920E+00 2.597E-02 6.311E+02 0.000E+00 0.000E+00 6.381E+02 6.312E+02
       5.000E-03 6.108E+00 3.180E-02 3.592E+02 0.000E+00 0.000E+00 3.653E+02 3.592E+02
       6.000E-03 5.419E+00 3.706E-02 2.251E+02 0.000E+00 0.000E+00 2.305E+02 2.251E+02
       7.000E-03 4.834E+00 4.173E-02 1.509E+02 0.000E+00 0.000E+00 1.557E+02 1.509E+02
       8.000E-03 4.331E+00 4.599E-02 4.025E+02 0.000E+00 0.000E+00 4.069E+02 4.025E+02
       9.000E-03 3.900E+00 4.989E-02 3.462E+02 0.000E+00 0.000E+00 3.502E+02 3.463E+02
       1.000E-02 3.529E+00 5.346E-02 2.657E+02 0.000E+00 0.000E+00 2.693E+02 2.658E+02
       1.500E-02 2.291E+00 6.824E-02 9.099E+01 0.000E+00 0.000E+00 9.335E+01 9.106E+01
       2.000E-02 1.638E+00 7.908E-02 4.190E+01 0.000E+00 0.000E+00 4.361E+01 4.198E+01
       2.500E-02 1.236E+00 8.679E-02 2.272E+01 0.000E+00 0.000E+00 2.404E+01 2.281E+01
       3.000E-02 9.639E-01 9.233E-02 1.378E+01 0.000E+00 0.000E+00 1.484E+01 1.388E+01
       3.500E-02 7.704E-01 9.638E-02 8.977E+00 0.000E+00 0.000E+00 9.844E+00 9.074E+00
       4.000E-02 6.281E-01 9.930E-02 6.193E+00 0.000E+00 0.000E+00 6.920E+00 6.292E+00
       4.500E-02 5.219E-01 1.014E-01 4.450E+00 0.000E+00 0.000E+00 5.074E+00 4.552E+00
       5.000E-02 4.450E-01 1.031E-01 3.312E+00 0.000E+00 0.000E+00 3.860E+00 3.415E+00
       5.500E-02 3.849E-01 1.043E-01 1.424E+01 0.000E+00 0.000E+00 1.473E+01 1.434E+01
       6.000E-02 3.345E-01 1.051E-01 1.131E+01 0.000E+00 0.000E+00 1.175E+01 1.142E+01
       6.500E-02 2.938E-01 1.056E-01 9.153E+00 0.000E+00 0.000E+00 9.552E+00 9.258E+00
       7.000E-02 2.605E-01 1.059E-01 7.518E+00 0.000E+00 0.000E+00 7.884E+00 7.623E+00
       7.500E-02 2.327E-01 1.061E-01 6.253E+00 0.000E+00 0.000E+00 6.592E+00 6.359E+00
       8.000E-02 2.090E-01 1.061E-01 5.258E+00 0.000E+00 0.000E+00 5.573E+00 5.364E+00
       8.500E-02 1.886E-01 1.060E-01 4.463E+00 0.000E+00 0.000E+00 4.757E+00 4.569E+00
       9.000E-02 1.710E-01 1.058E-01 3.820E+00 0.000E+00 0.000E+00 4.096E+00 3.925E+00
       9.500E-02 1.557E-01 1.055E-01 3.295E+00 0.000E+00 0.000E+00 3.556E+00 3.400E+00
       1.000E-01 1.424E-01 1.051E-01 2.862E+00 0.000E+00 0.000E+00 3.109E+00 2.967E+00
       1.130E-01 1.149E-01 1.039E-01 2.043E+00 0.000E+00 0.000E+00 2.262E+00 2.147E+00
       1.250E-01 9.606E-02 1.026E-01 1.545E+00 0.000E+00 0.000E+00 1.744E+00 1.648E+00
       1.500E-01 6.939E-02 9.965E-02 9.310E-01 0.000E+00 0.000E+00 1.100E+00 1.031E+00
       1.750E-01 5.260E-02 9.661E-02 6.064E-01 0.000E+00 0.000E+00 7.556E-01 7.030E-01
       2.000E-01 4.128E-02 9.367E-02 4.186E-01 0.000E+00 0.000E+00 5.535E-01 5.123E-01
       2.250E-01 3.326E-02 9.088E-02 3.023E-01 0.000E+00 0.000E+00 4.264E-01 3.931E-01
       2.500E-01 2.737E-02 8.826E-02 2.263E-01 0.000E+00 0.000E+00 3.419E-01 3.146E-01
       2.750E-01 2.291E-02 8.581E-02 1.746E-01 0.000E+00 0.000E+00 2.833E-01 2.604E-01
       3.000E-01 1.945E-02 8.352E-02 1.380E-01 0.000E+00 0.000E+00 2.410E-01 2.215E-01
       3.500E-01 1.453E-02 7.939E-02 9.164E-02 0.000E+00 0.000E+00 1.855E-01 1.710E-01
       4.000E-01 1.126E-02 7.575E-02 6.476E-02 0.000E+00 0.000E+00 1.518E-01 1.405E-01
       4.500E-01 8.974E-03 7.253E-02 4.800E-02 0.000E+00 0.000E+00 1.295E-01 1.205E-01
       5.000E-01 7.322E-03 6.966E-02 3.694E-02 0.000E+00 0.000E+00 1.139E-01 1.066E-01
       5.500E-01 6.089E-03 6.707E-02 2.931E-02 0.000E+00 0.000E+00 1.025E-01 9.639E-02
       6.000E-01 5.143E-03 6.472E-02 2.384E-02 0.000E+00 0.000E+00 9.371E-02 8.856E-02
       6.500E-01 4.401E-03 6.256E-02 1.980E-02 0.000E+00 0.000E+00 8.676E-02 8.236E-02
       7.000E-01 3.808E-03 6.059E-02 1.673E-02 0.000E+00 0.000E+00 8.112E-02 7.732E-02
       7.500E-01 3.327E-03 5.879E-02 1.434E-02 0.000E+00 0.000E+00 7.645E-02 7.313E-02
       8.000E-01 2.931E-03 5.714E-02 1.245E-02 0.000E+00 0.000E+00 7.252E-02 6.959E-02
       8.500E-01 2.602E-03 5.562E-02 1.094E-02 0.000E+00 0.000E+00 6.916E-02 6.656E-02
       9.000E-01 2.325E-03 5.420E-02 9.694E-03 0.000E+00 0.000E+00 6.622E-02 6.390E-02
       9.500E-01 2.091E-03 5.284E-02 8.665E-03 0.000E+00 0.000E+00 6.359E-02 6.150E-02
       1.000E+00 1.890E-03 5.151E-02 7.801E-03 0.000E+00 0.000E+00 6.120E-02 5.931E-02
       1.130E+00 1.485E-03 4.845E-02 6.112E-03 4.055E-05 0.000E+00 5.608E-02 5.460E-02
       1.250E+00 1.216E-03 4.611E-02 5.032E-03 2.538E-04 0.000E+00 5.261E-02 5.140E-02
       1.500E+00 8.471E-04 4.197E-02 3.594E-03 1.173E-03 0.000E+00 4.759E-02 4.674E-02
       1.750E+00 6.235E-04 3.862E-02 2.736E-03 2.417E-03 0.000E+00 4.440E-02 4.378E-02
       2.000E+00 4.779E-04 3.585E-02 2.181E-03 3.774E-03 0.000E+00 4.228E-02 4.180E-02
       2.250E+00 3.779E-04 3.351E-02 1.798E-03 5.150E-03 2.056E-07 4.084E-02 4.046E-02
       2.500E+00 3.064E-04 3.151E-02 1.520E-03 6.496E-03 1.708E-06 3.983E-02 3.952E-02
       2.750E+00 2.534E-04 2.976E-02 1.311E-03 7.794E-03 4.972E-06 3.913E-02 3.887E-02
       3.000E+00 2.130E-04 2.823E-02 1.149E-03 9.042E-03 9.869E-06 3.865E-02 3.843E-02
       3.500E+00 1.566E-04 2.565E-02 9.160E-04 1.138E-02 2.337E-05 3.813E-02 3.798E-02
       4.000E+00 1.199E-04 2.356E-02 7.575E-04 1.354E-02 4.025E-05 3.802E-02 3.790E-02
       4.500E+00 9.478E-05 2.182E-02 6.435E-04 1.553E-02 5.945E-05 3.815E-02 3.806E-02
       5.000E+00 7.678E-05 2.035E-02 5.580E-04 1.738E-02 8.008E-05 3.844E-02 3.836E-02
       5.500E+00 6.348E-05 1.909E-02 4.916E-04 1.908E-02 1.014E-04 3.883E-02 3.876E-02
       6.000E+00 5.335E-05 1.799E-02 4.389E-04 2.068E-02 1.228E-04 3.928E-02 3.923E-02
       6.500E+00 4.544E-05 1.702E-02 3.961E-04 2.217E-02 1.442E-04 3.978E-02 3.974E-02
       7.000E+00 3.918E-05 1.617E-02 3.606E-04 2.359E-02 1.653E-04 4.032E-02 4.029E-02
       7.500E+00 3.413E-05 1.540E-02 3.308E-04 2.493E-02 1.861E-04 4.089E-02 4.085E-02
       8.000E+00 3.001E-05 1.472E-02 3.054E-04 2.621E-02 2.065E-04 4.147E-02 4.144E-02
       8.500E+00 2.658E-05 1.410E-02 2.836E-04 2.743E-02 2.263E-04 4.206E-02 4.203E-02
       9.000E+00 2.371E-05 1.353E-02 2.646E-04 2.859E-02 2.457E-04 4.266E-02 4.263E-02
       9.500E+00 2.128E-05 1.301E-02 2.479E-04 2.971E-02 2.647E-04 4.325E-02 4.323E-02
       1.000E+01 1.921E-05 1.253E-02 2.331E-04 3.078E-02 2.830E-04 4.384E-02 4.383E-02