       1.000E-03 1.011E+01 5.513E-03 2.386E+03 0.000E+00 0.000E+00 2.396E+03 2.386E+03
       1.500E-03 9.629E+00 9.117E-03 5.305E+03 0.000E+00 0.000E+00 5.315E+03 5.305E+03
       2.000E-03 9.128E+00 1.258E-02 3.498E+03 0.000E+00 0.000E+00 3.507E+03 3.498E+03
       3.000E-03 8.128E+00 1.934E-02 1.346E+03 0.000E+00 0.000E+00 1.354E+03 1.346E+03
       4.000E-03 7.184E+00 2.565E-02 6.624E+02 0.000E+00 0.000E+00 6.696E+02 6.624E+02
       5.000E-03 6.347E+00 3.146E-02 3.774E+02 0.000E+00 0.000E+00 3.838E+02 3.774E+02
       6.000E-03 5.631E+00 3.672E-02 2.367E+02 0.000E+00 0.000E+00 2.423E+02 2.367E+02
       7.000E-03 5.022E+00 4.139E-02 1.587E+02 0.000E+00 0.000E+00 1.638E+02 1.587E+02
       8.000E-03 4.494E+00 4.570E-02 3.088E+02 0.000E+00 0.000E+00 3.133E+02 3.088E+02
       9.000E-03 4.048E+00 4.957E-02 3.618E+02 0.000E+00 0.000E+00 3.659E+02 3.618E+02
       1.000E-02 3.659E+00 5.316E-02 2.778E+02 0.000E+00 0.000E+00 2.815E+02 2.778E+02
       1.500E-02 2.368E+00 6.798E-02 9.557E+01 0.000E+00 0.000E+00 9.800E+01 9.563E+01
       2.000E-02 1.689E+00 7.889E-02 4.411E+01 0.000E+00 0.000E+00 4.588E+01 4.419E+01
       2.500E-02 1.275E+00 8.672E-02 2.395E+01 0.000E+00 0.000E+00 2.531E+01 2.403E+01
       3.000E-02 9.947E-01 9.234E-02 1.454E+01 0.000E+00 0.000E+00 1.563E+01 1.463E+01
       3.500E-02 7.939E-01 9.642E-02 9.476E+00 0.000E+00 0.000E+00 1.037E+01 9.573E+00
       4.000E-02 6.483E-01 9.943E-02 6.540E+00 0.000E+00 0.000E+00 7.288E+00 6.640E+00
       4.500E-02 5.410E-01 1.017E-01 4.703E+00 0.000E+00 0.000E+00 5.345E+00 4.805E+00
       5.000E-02 4.593E-01 1.033E-01 3.501E+00 0.000E+00 0.000E+00 4.064E+00 3.605E+00
       5.500E-02 3.956E-01 1.044E-01 1.484E+01 0.000E+00 0.000E+00 1.534E+01 1.494E+01
       6.000E-02 3.451E-01 1.053E-01 1.178E+01 0.000E+00 0.000E+00 1.223E+01 1.189E+01
       6.500E-02 3.037E-01 1.059E-01 9.538E+00 0.000E+00 0.000E+00 9.947E+00 9.643E+00
       7.000E-02 2.693E-01 1.062E-01 7.845E+00 0.000E+00 0.000E+00 8.220E+00 7.951E+00
       7.500E-02 2.404E-01 1.064E-01 6.535E+00 0.000E+00 0.000E+00 6.882E+00 6.642E+00
       8.000E-02 2.158E-01 1.064E-01 5.502E+00 0.000E+00 0.000E+00 5.824E+00 5.608E+00
       8.500E-02 1.947E-01 1.063E-01 4.673E+00 0.000E+00 0.000E+00 4.975E+00 4.780E+00
       9.000E-02 1.766E-01 1.061E-01 4.002E+00 0.000E+00 0.000E+00 4.285E+00 4.108E+00
       9.500E-02 1.608E-01 1.058E-01 3.453E+00 0.000E+00 0.000E+00 3.720E+00 3.559E+00
       1.000E-01 1.471E-01 1.055E-01 3.000E+00 0.000E+00 0.000E+00 3.253E+00 3.106E+00
       1.130E-01 1.187E-01 1.043E-01 2.144E+00 0.000E+00 0.000E+00 2.367E+00 2.248E+00
       1.250E-01 9.927E-02 1.030E-01 1.622E+00 0.000E+00 0.000E+00 1.825E+00 1.725E+00
       1.500E-01 7.169E-02 1.000E-01 9.788E-01 0.000E+00 0.000E+00 1.151E+00 1.079E+00
       1.750E-01 5.435E-02 9.700E-02 6.380E-01 0.000E+00 0.000E+00 7.893E-01 7.350E-01
       2.000E-01 4.267E-02 9.405E-02 4.407E-01 0.000E+00 0.000E+00 5.774E-01 5.347E-01
       2.250E-01 3.438E-02 9.126E-02 3.185E-01 0.000E+00 0.000E+00 4.441E-01 4.098E-01
       2.500E-01 2.830E-02 8.864E-02 2.387E-01 0.000E+00 0.000E+00 3.556E-01 3.273E-01
       2.750E-01 2.369E-02 8.619E-02 1.842E-01 0.000E+00 0.000E+00 2.941E-01 2.704E-01
       3.000E-01 2.012E-02 8.389E-02 1.458E-01 0.000E+00 0.000E+00 2.498E-01 2.297E-01
       3.500E-01 1.503E-02 7.974E-02 9.687E-02 0.000E+00 0.000E+00 1.916E-01 1.766E-01
       4.000E-01 1.164E-02 7.609E-02 6.851E-02 0.000E+00 0.000E+00 1.562E-01 1.446E-01
       4.500E-01 9.286E-03 7.287E-02 5.083E-02 0.000E+00 0.000E+00 1.330E-01 1.237E-01
       5.000E-01 7.579E-03 6.999E-02 3.914E-02 0.000E+00 0.000E+00 1.167E-01 1.091E-01
       5.500E-01 6.303E-03 6.738E-02 3.106E-02 0.000E+00 0.000E+00 1.048E-01 9.845E-02
       6.000E-01 5.324E-03 6.502E-02 2.527E-02 0.000E+00 0.000E+00 9.562E-02 9.029E-02
       6.500E-01 4.556E-03 6.288E-02 2.099E-02 0.000E+00 0.000E+00 8.842E-02 8.387E-02
       7.000E-01 3.942E-03 6.091E-02 1.774E-02 0.000E+00 0.000E+00 8.259E-02 7.865E-02
       7.500E-01 3.445E-03 5.910E-02 1.521E-02 0.000E+00 0.000E+00 7.775E-02 7.431E-02
       8.000E-01 3.035E-03 5.741E-02 1.321E-02 0.000E+00 0.000E+00 7.365E-02 7.062E-02
       8.500E-01 2.695E-03 5.583E-02 1.160E-02 0.000E+00 0.000E+00 7.012E-02 6.743E-02
       9.000E-01 2.408E-03 5.436E-02 1.028E-02 0.000E+00 0.000E+00 6.705E-02 6.464E-02
       9.500E-01 2.165E-03 5.299E-02 9.190E-03 0.000E+00 0.000E+00 6.435E-02 6.218E-02
       1.000E+00 1.957E-03 5.172E-02 8.276E-03 0.000E+00 0.000E+00 6.196E-02 6.000E-02
       1.130E+00 1.538E-03 4.875E-02 6.487E-03 4.179E-05 0.000E+00 5.682E-02 5.528E-02
       1.250E+00 1.260E-03 4.634E-02 5.339E-03 2.620E-04 0.000E+00 5.320E-02 5.194E-02
       1.500E+00 8.776E-04 4.217E-02 3.812E-03 1.212E-03 0.000E+00 4.808E-02 4.720E-02
       1.750E+00 6.456E-04 3.881E-02 2.902E-03 2.491E-03 0.000E+00 4.485E-02 4.421E-02
       2.000E+00 4.953E-04 3.602E-02 2.313E-03 3.884E-03 0.000E+00 4.272E-02 4.222E-02
       2.250E+00 3.922E-04 3.367E-02 1.906E-03 5.297E-03 2.067E-07 4.127E-02 4.087E-02
       2.500E+00 3.179E-04 3.166E-02 1.612E-03 6.670E-03 1.717E-06 4.026E-02 3.994E-02
       2.750E+00 2.627E-04 2.991E-02 1.390E-03 7.991E-03 4.996E-06 3.956E-02 3.929E-02
       3.000E+00 2.207E-04 2.837E-02 1.218E-03 9.257E-03 9.917E-06 3.908E-02 3.886E-02
       3.500E+00 1.622E-04 2.578E-02 9.707E-04 1.164E-02 2.348E-05 3.857E-02 3.841E-02
       4.000E+00 1.243E-04 2.368E-02 8.026E-04 1.383E-02 4.043E-05 3.848E-02 3.835E-02
       4.500E+00 9.823E-05 2.193E-02 6.818E-04 1.586E-02 5.972E-05 3.863E-02 3.853E-02
       5.000E+00 7.958E-05 2.045E-02 5.911E-04 1.773E-02 8.045E-05 3.894E-02 3.886E-02
       5.500E+00 6.575E-05 1.918E-02 5.208E-04 1.947E-02 1.018E-04 3.934E-02 3.927E-02
       6.000E+00 5.525E-05 1.808E-02 4.649E-04 2.108E-02 1.234E-04 3.981E-02 3.975E-02
       6.500E+00 4.709E-05 1.711E-02 4.196E-04 2.261E-02 1.449E-04 4.033E-02 4.028E-02
       7.000E+00 4.062E-05 1.625E-02 3.820E-04 2.405E-02 1.661E-04 4.088E-02 4.084E-02
       7.500E+00 3.538E-05 1.548E-02 3.503E-04 2.541E-02 1.870E-04 4.146E-02 4.143E-02
       8.000E+00 3.109E-05 1.479E-02 3.233E-04 2.671E-02 2.074E-04 4.206E-02 4.203E-02
       8.500E+00 2.754E-05 1.417E-02 3.001E-04 2.794E-02 2.274E-04 4.266E-02 4.264E-02
       9.000E+00 2.457E-05 1.360E-02 2.800E-04 2.912E-02 2.469E-04 4.327E-02 4.325E-02
       9.500E+00 2.205E-05 1.307E-02 2.623E-04 3.026E-02 2.659E-04 4.388E-02 4.386E-02
       1.000E+01 1.990E-05 1.260E-02 2.467E-04 3.134E-02 2.843E-04 4.449E-02 4.447E-02