       1.000E-03 1.021E+01 5.266E-03 2.484E+03 0.000E+00 0.000E+00 2.494E+03 2.484E+03
       1.500E-03 9.735E+00 8.672E-03 5.540E+03 0.000E+00 0.000E+00 5.550E+03 5.540E+03
       2.000E-03 9.243E+00 1.203E-02 3.457E+03 0.000E+00 0.000E+00 3.467E+03 3.457E+03
       3.000E-03 8.249E+00 1.864E-02 1.396E+03 0.000E+00 0.000E+00 1.405E+03 1.396E+03
       4.000E-03 7.304E+00 2.482E-02 6.878E+02 0.000E+00 0.000E+00 6.951E+02 6.878E+02
       5.000E-03 6.463E+00 3.050E-02 3.925E+02 0.000E+00 0.000E+00 3.990E+02 3.925E+02
       6.000E-03 5.733E+00 3.564E-02 2.462E+02 0.000E+00 0.000E+00 2.520E+02 2.463E+02
       7.000E-03 5.111E+00 4.027E-02 1.651E+02 0.000E+00 0.000E+00 1.703E+02 1.652E+02
       8.000E-03 4.584E+00 4.447E-02 3.223E+02 0.000E+00 0.000E+00 3.269E+02 3.223E+02
       9.000E-03 4.126E+00 4.834E-02 3.227E+02 0.000E+00 0.000E+00 3.269E+02 3.228E+02
       1.000E-02 3.732E+00 5.192E-02 2.864E+02 0.000E+00 0.000E+00 2.902E+02 2.865E+02
       1.500E-02 2.411E+00 6.667E-02 9.917E+01 0.000E+00 0.000E+00 1.016E+02 9.924E+01
       2.000E-02 1.718E+00 7.757E-02 4.584E+01 0.000E+00 0.000E+00 4.764E+01 4.592E+01
       2.500E-02 1.297E+00 8.544E-02 2.492E+01 0.000E+00 0.000E+00 2.631E+01 2.501E+01
       3.000E-02 1.012E+00 9.113E-02 1.515E+01 0.000E+00 0.000E+00 1.625E+01 1.524E+01
       3.500E-02 8.090E-01 9.528E-02 9.880E+00 0.000E+00 0.000E+00 1.078E+01 9.975E+00
       4.000E-02 6.608E-01 9.832E-02 6.823E+00 0.000E+00 0.000E+00 7.582E+00 6.921E+00
       4.500E-02 5.510E-01 1.005E-01 4.909E+00 0.000E+00 0.000E+00 5.561E+00 5.010E+00
       5.000E-02 4.677E-01 1.022E-01 3.657E+00 0.000E+00 0.000E+00 4.227E+00 3.759E+00
       5.500E-02 4.030E-01 1.034E-01 1.530E+01 0.000E+00 0.000E+00 1.581E+01 1.540E+01
       6.000E-02 3.512E-01 1.042E-01 1.213E+01 0.000E+00 0.000E+00 1.259E+01 1.224E+01
       6.500E-02 3.091E-01 1.048E-01 9.826E+00 0.000E+00 0.000E+00 1.024E+01 9.931E+00
       7.000E-02 2.742E-01 1.052E-01 8.091E+00 0.000E+00 0.000E+00 8.470E+00 8.196E+00
       7.500E-02 2.448E-01 1.054E-01 6.750E+00 0.000E+00 0.000E+00 7.100E+00 6.855E+00
       8.000E-02 2.199E-01 1.054E-01 5.689E+00 0.000E+00 0.000E+00 6.014E+00 5.794E+00
       8.500E-02 1.985E-01 1.053E-01 4.835E+00 0.000E+00 0.000E+00 5.139E+00 4.940E+00
       9.000E-02 1.800E-01 1.051E-01 4.141E+00 0.000E+00 0.000E+00 4.427E+00 4.246E+00
       9.500E-02 1.640E-01 1.049E-01 3.574E+00 0.000E+00 0.000E+00 3.843E+00 3.679E+00
       1.000E-01 1.500E-01 1.045E-01 3.106E+00 0.000E+00 0.000E+00 3.360E+00 3.210E+00
       1.130E-01 1.211E-01 1.034E-01 2.220E+00 0.000E+00 0.000E+00 2.445E+00 2.324E+00
       1.250E-01 1.013E-01 1.021E-01 1.682E+00 0.000E+00 0.000E+00 1.885E+00 1.784E+00
       1.500E-01 7.312E-02 9.921E-02 1.016E+00 0.000E+00 0.000E+00 1.188E+00 1.115E+00
       1.750E-01 5.542E-02 9.622E-02 6.631E-01 0.000E+00 0.000E+00 8.147E-01 7.593E-01
       2.000E-01 4.351E-02 9.332E-02 4.584E-01 0.000E+00 0.000E+00 5.952E-01 5.517E-01
       2.250E-01 3.507E-02 9.056E-02 3.316E-01 0.000E+00 0.000E+00 4.572E-01 4.221E-01
       2.500E-01 2.887E-02 8.797E-02 2.487E-01 0.000E+00 0.000E+00 3.655E-01 3.366E-01
       2.750E-01 2.418E-02 8.555E-02 1.921E-01 0.000E+00 0.000E+00 3.018E-01 2.776E-01
       3.000E-01 2.054E-02 8.327E-02 1.521E-01 0.000E+00 0.000E+00 2.559E-01 2.353E-01
       3.500E-01 1.535E-02 7.914E-02 1.011E-01 0.000E+00 0.000E+00 1.956E-01 1.803E-01
       4.000E-01 1.190E-02 7.553E-02 7.156E-02 0.000E+00 0.000E+00 1.590E-01 1.471E-01
       4.500E-01 9.490E-03 7.234E-02 5.310E-02 0.000E+00 0.000E+00 1.349E-01 1.254E-01
       5.000E-01 7.745E-03 6.949E-02 4.091E-02 0.000E+00 0.000E+00 1.181E-01 1.104E-01
       5.500E-01 6.441E-03 6.690E-02 3.249E-02 0.000E+00 0.000E+00 1.058E-01 9.939E-02
       6.000E-01 5.440E-03 6.456E-02 2.645E-02 0.000E+00 0.000E+00 9.644E-02 9.100E-02
       6.500E-01 4.655E-03 6.243E-02 2.197E-02 0.000E+00 0.000E+00 8.905E-02 8.440E-02
       7.000E-01 4.029E-03 6.048E-02 1.857E-02 0.000E+00 0.000E+00 8.308E-02 7.905E-02
       7.500E-01 3.520E-03 5.868E-02 1.593E-02 0.000E+00 0.000E+00 7.812E-02 7.460E-02
       8.000E-01 3.103E-03 5.700E-02 1.383E-02 0.000E+00 0.000E+00 7.393E-02 7.083E-02
       8.500E-01 2.755E-03 5.543E-02 1.215E-02 0.000E+00 0.000E+00 7.033E-02 6.758E-02
       9.000E-01 2.462E-03 5.396E-02 1.077E-02 0.000E+00 0.000E+00 6.720E-02 6.474E-02
       9.500E-01 2.214E-03 5.261E-02 9.631E-03 0.000E+00 0.000E+00 6.446E-02 6.224E-02
       1.000E+00 2.001E-03 5.136E-02 8.672E-03 0.000E+00 0.000E+00 6.204E-02 6.004E-02
       1.130E+00 1.572E-03 4.843E-02 6.794E-03 4.255E-05 0.000E+00 5.684E-02 5.527E-02
       1.250E+00 1.288E-03 4.603E-02 5.592E-03 2.672E-04 0.000E+00 5.318E-02 5.189E-02
       1.500E+00 8.972E-04 4.188E-02 3.995E-03 1.237E-03 0.000E+00 4.801E-02 4.711E-02
       1.750E+00 6.607E-04 3.854E-02 3.041E-03 2.538E-03 0.000E+00 4.478E-02 4.412E-02
       2.000E+00 5.066E-04 3.577E-02 2.422E-03 3.947E-03 0.000E+00 4.265E-02 4.214E-02
       2.250E+00 4.007E-04 3.343E-02 1.996E-03 5.370E-03 2.054E-07 4.120E-02 4.080E-02
       2.500E+00 3.248E-04 3.143E-02 1.687E-03 6.755E-03 1.705E-06 4.020E-02 3.988E-02
       2.750E+00 2.686E-04 2.970E-02 1.455E-03 8.087E-03 4.962E-06 3.952E-02 3.925E-02
       3.000E+00 2.258E-04 2.817E-02 1.275E-03 9.365E-03 9.847E-06 3.905E-02 3.882E-02
       3.500E+00 1.660E-04 2.560E-02 1.016E-03 1.176E-02 2.331E-05 3.857E-02 3.840E-02
       4.000E+00 1.271E-04 2.351E-02 8.398E-04 1.397E-02 4.014E-05 3.849E-02 3.836E-02
       4.500E+00 1.005E-04 2.178E-02 7.131E-04 1.600E-02 5.930E-05 3.865E-02 3.855E-02
       5.000E+00 8.138E-05 2.031E-02 6.181E-04 1.788E-02 7.990E-05 3.897E-02 3.888E-02
       5.500E+00 6.725E-05 1.905E-02 5.447E-04 1.962E-02 1.011E-04 3.938E-02 3.931E-02
       6.000E+00 5.652E-05 1.795E-02 4.862E-04 2.124E-02 1.225E-04 3.986E-02 3.980E-02
       6.500E+00 4.817E-05 1.699E-02 4.385E-04 2.277E-02 1.438E-04 4.039E-02 4.034E-02
       7.000E+00 4.154E-05 1.614E-02 3.991E-04 2.421E-02 1.649E-04 4.096E-02 4.091E-02
       7.500E+00 3.619E-05 1.537E-02 3.661E-04 2.558E-02 1.856E-04 4.154E-02 4.151E-02
       8.000E+00 3.181E-05 1.469E-02 3.380E-04 2.688E-02 2.059E-04 4.215E-02 4.211E-02
       8.500E+00 2.818E-05 1.407E-02 3.138E-04 2.812E-02 2.258E-04 4.276E-02 4.273E-02
       9.000E+00 2.513E-05 1.350E-02 2.927E-04 2.931E-02 2.451E-04 4.337E-02 4.335E-02
       9.500E+00 2.256E-05 1.299E-02 2.742E-04 3.044E-02 2.640E-04 4.399E-02 4.397E-02
       1.000E+01 2.036E-05 1.251E-02 2.579E-04 3.153E-02 2.823E-04 4.461E-02 4.459E-02