       1.000E-03 1.037E+01 5.137E-03 2.606E+03 0.000E+00 0.000E+00 2.616E+03 2.606E+03
       1.500E-03 9.880E+00 8.478E-03 5.838E+03 0.000E+00 0.000E+00 5.848E+03 5.838E+03
       2.000E-03 9.369E+00 1.177E-02 3.581E+03 0.000E+00 0.000E+00 3.591E+03 3.581E+03
       3.000E-03 8.362E+00 1.828E-02 1.456E+03 0.000E+00 0.000E+00 1.465E+03 1.456E+03
       4.000E-03 7.416E+00 2.439E-02 7.189E+02 0.000E+00 0.000E+00 7.264E+02 7.190E+02
       5.000E-03 6.572E+00 3.001E-02 4.104E+02 0.000E+00 0.000E+00 4.170E+02 4.104E+02
       6.000E-03 5.838E+00 3.511E-02 2.577E+02 0.000E+00 0.000E+00 2.636E+02 2.577E+02
       7.000E-03 5.221E+00 3.967E-02 1.729E+02 0.000E+00 0.000E+00 1.781E+02 1.729E+02
       8.000E-03 4.677E+00 4.389E-02 1.223E+02 0.000E+00 0.000E+00 1.270E+02 1.224E+02
       9.000E-03 4.215E+00 4.777E-02 3.344E+02 0.000E+00 0.000E+00 3.387E+02 3.345E+02
       1.000E-02 3.812E+00 5.130E-02 2.973E+02 0.000E+00 0.000E+00 3.012E+02 2.974E+02
       1.500E-02 2.465E+00 6.602E-02 1.035E+02 0.000E+00 0.000E+00 1.060E+02 1.036E+02
       2.000E-02 1.754E+00 7.693E-02 4.798E+01 0.000E+00 0.000E+00 4.981E+01 4.806E+01
       2.500E-02 1.325E+00 8.489E-02 2.611E+01 0.000E+00 0.000E+00 2.752E+01 2.620E+01
       3.000E-02 1.036E+00 9.066E-02 1.588E+01 0.000E+00 0.000E+00 1.701E+01 1.597E+01
       3.500E-02 8.284E-01 9.486E-02 1.037E+01 0.000E+00 0.000E+00 1.129E+01 1.046E+01
       4.000E-02 6.770E-01 9.793E-02 7.164E+00 0.000E+00 0.000E+00 7.939E+00 7.262E+00
       4.500E-02 5.646E-01 1.002E-01 5.158E+00 0.000E+00 0.000E+00 5.823E+00 5.258E+00
       5.000E-02 4.791E-01 1.019E-01 3.845E+00 0.000E+00 0.000E+00 4.426E+00 3.947E+00
       5.500E-02 4.125E-01 1.031E-01 2.943E+00 0.000E+00 0.000E+00 3.458E+00 3.046E+00
       6.000E-02 3.597E-01 1.040E-01 1.263E+01 0.000E+00 0.000E+00 1.309E+01 1.273E+01
       6.500E-02 3.166E-01 1.046E-01 1.024E+01 0.000E+00 0.000E+00 1.066E+01 1.034E+01
       7.000E-02 2.809E-01 1.049E-01 8.423E+00 0.000E+00 0.000E+00 8.809E+00 8.528E+00
       7.500E-02 2.509E-01 1.051E-01 7.019E+00 0.000E+00 0.000E+00 7.375E+00 7.124E+00
       8.000E-02 2.254E-01 1.052E-01 5.911E+00 0.000E+00 0.000E+00 6.242E+00 6.017E+00
       8.500E-02 2.035E-01 1.051E-01 5.025E+00 0.000E+00 0.000E+00 5.333E+00 5.130E+00
       9.000E-02 1.846E-01 1.049E-01 4.306E+00 0.000E+00 0.000E+00 4.596E+00 4.411E+00
       9.500E-02 1.682E-01 1.047E-01 3.719E+00 0.000E+00 0.000E+00 3.992E+00 3.824E+00
       1.000E-01 1.539E-01 1.044E-01 3.234E+00 0.000E+00 0.000E+00 3.493E+00 3.339E+00
       1.130E-01 1.242E-01 1.032E-01 2.316E+00 0.000E+00 0.000E+00 2.543E+00 2.419E+00
       1.250E-01 1.039E-01 1.020E-01 1.755E+00 0.000E+00 0.000E+00 1.961E+00 1.857E+00
       1.500E-01 7.503E-02 9.913E-02 1.062E+00 0.000E+00 0.000E+00 1.236E+00 1.161E+00
       1.750E-01 5.688E-02 9.616E-02 6.934E-01 0.000E+00 0.000E+00 8.465E-01 7.896E-01
       2.000E-01 4.466E-02 9.325E-02 4.798E-01 0.000E+00 0.000E+00 6.177E-01 5.730E-01
       2.250E-01 3.601E-02 9.050E-02 3.473E-01 0.000E+00 0.000E+00 4.738E-01 4.378E-01
       2.500E-01 2.965E-02 8.790E-02 2.606E-01 0.000E+00 0.000E+00 3.782E-01 3.485E-01
       2.750E-01 2.483E-02 8.548E-02 2.014E-01 0.000E+00 0.000E+00 3.118E-01 2.869E-01
       3.000E-01 2.110E-02 8.321E-02 1.596E-01 0.000E+00 0.000E+00 2.639E-01 2.428E-01
       3.500E-01 1.577E-02 7.912E-02 1.062E-01 0.000E+00 0.000E+00 2.011E-01 1.853E-01
       4.000E-01 1.222E-02 7.551E-02 7.522E-02 0.000E+00 0.000E+00 1.630E-01 1.507E-01
       4.500E-01 9.755E-03 7.231E-02 5.585E-02 0.000E+00 0.000E+00 1.379E-01 1.282E-01
       5.000E-01 7.964E-03 6.945E-02 4.305E-02 0.000E+00 0.000E+00 1.205E-01 1.125E-01
       5.500E-01 6.623E-03 6.688E-02 3.420E-02 0.000E+00 0.000E+00 1.077E-01 1.011E-01
       6.000E-01 5.594E-03 6.456E-02 2.785E-02 0.000E+00 0.000E+00 9.800E-02 9.240E-02
       6.500E-01 4.787E-03 6.242E-02 2.314E-02 0.000E+00 0.000E+00 9.035E-02 8.557E-02
       7.000E-01 4.144E-03 6.046E-02 1.957E-02 0.000E+00 0.000E+00 8.417E-02 8.003E-02
       7.500E-01 3.621E-03 5.866E-02 1.679E-02 0.000E+00 0.000E+00 7.907E-02 7.545E-02
       8.000E-01 3.191E-03 5.700E-02 1.458E-02 0.000E+00 0.000E+00 7.477E-02 7.158E-02
       8.500E-01 2.833E-03 5.546E-02 1.281E-02 0.000E+00 0.000E+00 7.110E-02 6.827E-02
       9.000E-01 2.532E-03 5.402E-02 1.136E-02 0.000E+00 0.000E+00 6.791E-02 6.538E-02
       9.500E-01 2.277E-03 5.266E-02 1.015E-02 0.000E+00 0.000E+00 6.509E-02 6.282E-02
       1.000E+00 2.059E-03 5.137E-02 9.143E-03 0.000E+00 0.000E+00 6.258E-02 6.052E-02
       1.130E+00 1.618E-03 4.837E-02 7.164E-03 4.360E-05 0.000E+00 5.720E-02 5.558E-02
       1.250E+00 1.325E-03 4.601E-02 5.897E-03 2.743E-04 0.000E+00 5.350E-02 5.218E-02
       1.500E+00 9.234E-04 4.188E-02 4.210E-03 1.271E-03 0.000E+00 4.829E-02 4.736E-02
       1.750E+00 6.804E-04 3.854E-02 3.205E-03 2.606E-03 0.000E+00 4.503E-02 4.435E-02
       2.000E+00 5.214E-04 3.578E-02 2.553E-03 4.042E-03 0.000E+00 4.289E-02 4.237E-02
       2.250E+00 4.119E-04 3.345E-02 2.103E-03 5.485E-03 2.051E-07 4.145E-02 4.103E-02
       2.500E+00 3.340E-04 3.145E-02 1.778E-03 6.891E-03 1.704E-06 4.045E-02 4.012E-02
       2.750E+00 2.763E-04 2.971E-02 1.533E-03 8.244E-03 4.960E-06 3.977E-02 3.949E-02
       3.000E+00 2.324E-04 2.818E-02 1.343E-03 9.541E-03 9.848E-06 3.930E-02 3.907E-02
       3.500E+00 1.708E-04 2.560E-02 1.070E-03 1.197E-02 2.332E-05 3.884E-02 3.867E-02
       4.000E+00 1.308E-04 2.351E-02 8.844E-04 1.420E-02 4.016E-05 3.877E-02 3.864E-02
       4.500E+00 1.034E-04 2.178E-02 7.508E-04 1.625E-02 5.932E-05 3.894E-02 3.884E-02
       5.000E+00 8.376E-05 2.031E-02 6.507E-04 1.815E-02 7.989E-05 3.927E-02 3.919E-02
       5.500E+00 6.925E-05 1.905E-02 5.731E-04 1.991E-02 1.011E-04 3.970E-02 3.963E-02
       6.000E+00 5.820E-05 1.795E-02 5.116E-04 2.155E-02 1.225E-04 4.020E-02 4.014E-02
       6.500E+00 4.959E-05 1.699E-02 4.616E-04 2.309E-02 1.438E-04 4.074E-02 4.069E-02
       7.000E+00 4.276E-05 1.614E-02 4.203E-04 2.455E-02 1.649E-04 4.132E-02 4.128E-02
       7.500E+00 3.725E-05 1.538E-02 3.853E-04 2.593E-02 1.856E-04 4.192E-02 4.188E-02
       8.000E+00 3.275E-05 1.469E-02 3.556E-04 2.725E-02 2.059E-04 4.253E-02 4.250E-02
       8.500E+00 2.901E-05 1.407E-02 3.301E-04 2.850E-02 2.258E-04 4.315E-02 4.313E-02
       9.000E+00 2.587E-05 1.350E-02 3.079E-04 2.970E-02 2.451E-04 4.378E-02 4.376E-02
       9.500E+00 2.322E-05 1.299E-02 2.884E-04 3.085E-02 2.640E-04 4.441E-02 4.439E-02
       1.000E+01 2.096E-05 1.251E-02 2.712E-04 3.195E-02 2.823E-04 4.504E-02 4.502E-02