       1.000E-03 1.056E+01 5.015E-03 2.737E+03 0.000E+00 0.000E+00 2.748E+03 2.737E+03
       1.500E-03 1.010E+01 8.295E-03 6.060E+03 0.000E+00 0.000E+00 6.070E+03 6.060E+03
       2.000E-03 9.606E+00 1.153E-02 3.513E+03 0.000E+00 0.000E+00 3.523E+03 3.513E+03
       3.000E-03 8.612E+00 1.794E-02 1.518E+03 0.000E+00 0.000E+00 1.526E+03 1.518E+03
       4.000E-03 7.658E+00 2.398E-02 7.511E+02 0.000E+00 0.000E+00 7.587E+02 7.511E+02
       5.000E-03 6.790E+00 2.955E-02 4.292E+02 0.000E+00 0.000E+00 4.360E+02 4.292E+02
       6.000E-03 6.038E+00 3.460E-02 2.696E+02 0.000E+00 0.000E+00 2.757E+02 2.697E+02
       7.000E-03 5.390E+00 3.919E-02 1.810E+02 0.000E+00 0.000E+00 1.864E+02 1.810E+02
       8.000E-03 4.832E+00 4.335E-02 1.281E+02 0.000E+00 0.000E+00 1.330E+02 1.282E+02
       9.000E-03 4.354E+00 4.721E-02 2.539E+02 0.000E+00 0.000E+00 2.583E+02 2.539E+02
       1.000E-02 3.935E+00 5.073E-02 3.089E+02 0.000E+00 0.000E+00 3.129E+02 3.090E+02
       1.500E-02 2.539E+00 6.538E-02 1.080E+02 0.000E+00 0.000E+00 1.106E+02 1.081E+02
       2.000E-02 1.803E+00 7.633E-02 5.015E+01 0.000E+00 0.000E+00 5.203E+01 5.023E+01
       2.500E-02 1.361E+00 8.435E-02 2.733E+01 0.000E+00 0.000E+00 2.878E+01 2.742E+01
       3.000E-02 1.064E+00 9.019E-02 1.664E+01 0.000E+00 0.000E+00 1.780E+01 1.674E+01
       3.500E-02 8.515E-01 9.445E-02 1.087E+01 0.000E+00 0.000E+00 1.182E+01 1.097E+01
       4.000E-02 6.960E-01 9.757E-02 7.521E+00 0.000E+00 0.000E+00 8.315E+00 7.619E+00
       4.500E-02 5.802E-01 9.988E-02 5.418E+00 0.000E+00 0.000E+00 6.098E+00 5.518E+00
       5.000E-02 4.922E-01 1.016E-01 4.040E+00 0.000E+00 0.000E+00 4.634E+00 4.141E+00
       5.500E-02 4.239E-01 1.029E-01 3.094E+00 0.000E+00 0.000E+00 3.621E+00 3.197E+00
       6.000E-02 3.694E-01 1.038E-01 1.315E+01 0.000E+00 0.000E+00 1.362E+01 1.325E+01
       6.500E-02 3.251E-01 1.044E-01 1.070E+01 0.000E+00 0.000E+00 1.113E+01 1.080E+01
       7.000E-02 2.885E-01 1.047E-01 8.795E+00 0.000E+00 0.000E+00 9.189E+00 8.900E+00
       7.500E-02 2.577E-01 1.050E-01 7.310E+00 0.000E+00 0.000E+00 7.672E+00 7.415E+00
       8.000E-02 2.316E-01 1.050E-01 6.142E+00 0.000E+00 0.000E+00 6.479E+00 6.247E+00
       8.500E-02 2.091E-01 1.050E-01 5.217E+00 0.000E+00 0.000E+00 5.531E+00 5.322E+00
       9.000E-02 1.898E-01 1.048E-01 4.473E+00 0.000E+00 0.000E+00 4.767E+00 4.578E+00
       9.500E-02 1.729E-01 1.046E-01 3.866E+00 0.000E+00 0.000E+00 4.144E+00 3.971E+00
       1.000E-01 1.582E-01 1.042E-01 3.366E+00 0.000E+00 0.000E+00 3.628E+00 3.470E+00
       1.130E-01 1.277E-01 1.031E-01 2.414E+00 0.000E+00 0.000E+00 2.645E+00 2.517E+00
       1.250E-01 1.068E-01 1.019E-01 1.831E+00 0.000E+00 0.000E+00 2.040E+00 1.933E+00
       1.500E-01 7.716E-02 9.908E-02 1.109E+00 0.000E+00 0.000E+00 1.285E+00 1.208E+00
       1.750E-01 5.850E-02 9.613E-02 7.251E-01 0.000E+00 0.000E+00 8.798E-01 8.213E-01
       2.000E-01 4.594E-02 9.325E-02 5.023E-01 0.000E+00 0.000E+00 6.415E-01 5.955E-01
       2.250E-01 3.705E-02 9.051E-02 3.639E-01 0.000E+00 0.000E+00 4.914E-01 4.544E-01
       2.500E-01 3.051E-02 8.793E-02 2.732E-01 0.000E+00 0.000E+00 3.917E-01 3.611E-01
       2.750E-01 2.556E-02 8.551E-02 2.113E-01 0.000E+00 0.000E+00 3.223E-01 2.968E-01
       3.000E-01 2.172E-02 8.324E-02 1.674E-01 0.000E+00 0.000E+00 2.724E-01 2.507E-01
       3.500E-01 1.624E-02 7.914E-02 1.115E-01 0.000E+00 0.000E+00 2.069E-01 1.907E-01
       4.000E-01 1.259E-02 7.554E-02 7.903E-02 0.000E+00 0.000E+00 1.672E-01 1.546E-01
       4.500E-01 1.005E-02 7.234E-02 5.872E-02 0.000E+00 0.000E+00 1.411E-01 1.311E-01
       5.000E-01 8.202E-03 6.949E-02 4.529E-02 0.000E+00 0.000E+00 1.230E-01 1.148E-01
       5.500E-01 6.823E-03 6.692E-02 3.600E-02 0.000E+00 0.000E+00 1.097E-01 1.029E-01
       6.000E-01 5.764E-03 6.459E-02 2.932E-02 0.000E+00 0.000E+00 9.968E-02 9.391E-02
       6.500E-01 4.934E-03 6.246E-02 2.438E-02 0.000E+00 0.000E+00 9.177E-02 8.683E-02
       7.000E-01 4.270E-03 6.050E-02 2.061E-02 0.000E+00 0.000E+00 8.538E-02 8.111E-02
       7.500E-01 3.732E-03 5.870E-02 1.769E-02 0.000E+00 0.000E+00 8.012E-02 7.638E-02
       8.000E-01 3.289E-03 5.703E-02 1.537E-02 0.000E+00 0.000E+00 7.569E-02 7.240E-02
       8.500E-01 2.920E-03 5.549E-02 1.350E-02 0.000E+00 0.000E+00 7.190E-02 6.898E-02
       9.000E-01 2.610E-03 5.405E-02 1.197E-02 0.000E+00 0.000E+00 6.862E-02 6.601E-02
       9.500E-01 2.347E-03 5.269E-02 1.070E-02 0.000E+00 0.000E+00 6.574E-02 6.339E-02
       1.000E+00 2.122E-03 5.141E-02 9.638E-03 0.000E+00 0.000E+00 6.318E-02 6.105E-02
       1.130E+00 1.668E-03 4.843E-02 7.556E-03 4.470E-05 0.000E+00 5.770E-02 5.603E-02
       1.250E+00 1.366E-03 4.605E-02 6.218E-03 2.816E-04 0.000E+00 5.392E-02 5.255E-02
       1.500E+00 9.520E-04 4.191E-02 4.436E-03 1.306E-03 0.000E+00 4.860E-02 4.765E-02
       1.750E+00 7.007E-04 3.857E-02 3.376E-03 2.670E-03 0.000E+00 4.532E-02 4.462E-02
       2.000E+00 5.375E-04 3.580E-02 2.690E-03 4.137E-03 0.000E+00 4.317E-02 4.263E-02
       2.250E+00 4.255E-04 3.347E-02 2.216E-03 5.617E-03 2.054E-07 4.173E-02 4.130E-02
       2.500E+00 3.449E-04 3.147E-02 1.873E-03 7.046E-03 1.706E-06 4.073E-02 4.039E-02
       2.750E+00 2.851E-04 2.973E-02 1.615E-03 8.414E-03 4.965E-06 4.005E-02 3.976E-02
       3.000E+00 2.396E-04 2.820E-02 1.415E-03 9.721E-03 9.854E-06 3.958E-02 3.934E-02
       3.500E+00 1.761E-04 2.562E-02 1.127E-03 1.218E-02 2.333E-05 3.913E-02 3.895E-02
       4.000E+00 1.349E-04 2.353E-02 9.311E-04 1.443E-02 4.018E-05 3.907E-02 3.894E-02
       4.500E+00 1.067E-04 2.179E-02 7.903E-04 1.651E-02 5.934E-05 3.926E-02 3.916E-02
       5.000E+00 8.641E-05 2.032E-02 6.848E-04 1.843E-02 7.993E-05 3.961E-02 3.952E-02
       5.500E+00 7.142E-05 1.907E-02 6.031E-04 2.021E-02 1.012E-04 4.005E-02 3.998E-02
       6.000E+00 6.002E-05 1.797E-02 5.383E-04 2.187E-02 1.226E-04 4.056E-02 4.050E-02
       6.500E+00 5.115E-05 1.701E-02 4.857E-04 2.343E-02 1.439E-04 4.112E-02 4.107E-02
       7.000E+00 4.411E-05 1.615E-02 4.421E-04 2.490E-02 1.650E-04 4.171E-02 4.166E-02
       7.500E+00 3.842E-05 1.539E-02 4.054E-04 2.630E-02 1.857E-04 4.232E-02 4.228E-02
       8.000E+00 3.377E-05 1.470E-02 3.741E-04 2.763E-02 2.061E-04 4.294E-02 4.291E-02
       8.500E+00 2.991E-05 1.408E-02 3.472E-04 2.890E-02 2.259E-04 4.358E-02 4.355E-02
       9.000E+00 2.668E-05 1.351E-02 3.238E-04 3.011E-02 2.453E-04 4.422E-02 4.419E-02
       9.500E+00 2.395E-05 1.300E-02 3.033E-04 3.127E-02 2.641E-04 4.485E-02 4.483E-02
       1.000E+01 2.161E-05 1.252E-02 2.852E-04 3.238E-02 2.825E-04 4.549E-02 4.547E-02