       1.000E-03 1.078E+01 4.916E-03 2.888E+03 0.000E+00 0.000E+00 2.899E+03 2.888E+03
       1.500E-03 1.032E+01 8.149E-03 3.925E+03 0.000E+00 0.000E+00 3.935E+03 3.925E+03
       2.000E-03 9.828E+00 1.134E-02 3.675E+03 0.000E+00 0.000E+00 3.685E+03 3.675E+03
       3.000E-03 8.834E+00 1.768E-02 1.585E+03 0.000E+00 0.000E+00 1.594E+03 1.585E+03
       4.000E-03 7.867E+00 2.366E-02 7.867E+02 0.000E+00 0.000E+00 7.946E+02 7.868E+02
       5.000E-03 6.987E+00 2.919E-02 4.499E+02 0.000E+00 0.000E+00 4.569E+02 4.499E+02
       6.000E-03 6.217E+00 3.422E-02 2.829E+02 0.000E+00 0.000E+00 2.892E+02 2.830E+02
       7.000E-03 5.552E+00 3.880E-02 1.901E+02 0.000E+00 0.000E+00 1.956E+02 1.901E+02
       8.000E-03 4.980E+00 4.296E-02 1.346E+02 0.000E+00 0.000E+00 1.397E+02 1.347E+02
       9.000E-03 4.487E+00 4.675E-02 2.653E+02 0.000E+00 0.000E+00 2.699E+02 2.654E+02
       1.000E-02 4.060E+00 5.033E-02 2.789E+02 0.000E+00 0.000E+00 2.831E+02 2.790E+02
       1.500E-02 2.617E+00 6.499E-02 1.130E+02 0.000E+00 0.000E+00 1.157E+02 1.131E+02
       2.000E-02 1.855E+00 7.600E-02 5.258E+01 0.000E+00 0.000E+00 5.451E+01 5.266E+01
       2.500E-02 1.400E+00 8.411E-02 2.870E+01 0.000E+00 0.000E+00 3.018E+01 2.878E+01
       3.000E-02 1.095E+00 9.005E-02 1.750E+01 0.000E+00 0.000E+00 1.869E+01 1.759E+01
       3.500E-02 8.767E-01 9.439E-02 1.144E+01 0.000E+00 0.000E+00 1.241E+01 1.154E+01
       4.000E-02 7.169E-01 9.760E-02 7.921E+00 0.000E+00 0.000E+00 8.735E+00 8.019E+00
       4.500E-02 5.979E-01 9.999E-02 5.709E+00 0.000E+00 0.000E+00 6.407E+00 5.809E+00
       5.000E-02 5.069E-01 1.017E-01 4.260E+00 0.000E+00 0.000E+00 4.869E+00 4.362E+00
       5.500E-02 4.358E-01 1.030E-01 3.263E+00 0.000E+00 0.000E+00 3.802E+00 3.366E+00
       6.000E-02 3.804E-01 1.039E-01 1.360E+01 0.000E+00 0.000E+00 1.409E+01 1.371E+01
       6.500E-02 3.354E-01 1.046E-01 1.052E+01 0.000E+00 0.000E+00 1.096E+01 1.062E+01
       7.000E-02 2.976E-01 1.050E-01 8.693E+00 0.000E+00 0.000E+00 9.096E+00 8.798E+00
       7.500E-02 2.657E-01 1.052E-01 7.424E+00 0.000E+00 0.000E+00 7.795E+00 7.530E+00
       8.000E-02 2.386E-01 1.053E-01 6.399E+00 0.000E+00 0.000E+00 6.743E+00 6.504E+00
       8.500E-02 2.154E-01 1.052E-01 5.495E+00 0.000E+00 0.000E+00 5.815E+00 5.600E+00
       9.000E-02 1.955E-01 1.051E-01 4.713E+00 0.000E+00 0.000E+00 5.014E+00 4.818E+00
       9.500E-02 1.782E-01 1.048E-01 4.056E+00 0.000E+00 0.000E+00 4.339E+00 4.161E+00
       1.000E-01 1.631E-01 1.045E-01 3.513E+00 0.000E+00 0.000E+00 3.780E+00 3.617E+00
       1.130E-01 1.318E-01 1.035E-01 2.506E+00 0.000E+00 0.000E+00 2.741E+00 2.609E+00
       1.250E-01 1.102E-01 1.023E-01 1.904E+00 0.000E+00 0.000E+00 2.117E+00 2.006E+00
       1.500E-01 7.960E-02 9.942E-02 1.161E+00 0.000E+00 0.000E+00 1.340E+00 1.261E+00
       1.750E-01 6.033E-02 9.648E-02 7.611E-01 0.000E+00 0.000E+00 9.180E-01 8.576E-01
       2.000E-01 4.738E-02 9.361E-02 5.272E-01 0.000E+00 0.000E+00 6.682E-01 6.208E-01
       2.250E-01 3.821E-02 9.087E-02 3.821E-01 0.000E+00 0.000E+00 5.112E-01 4.730E-01
       2.500E-01 3.147E-02 8.829E-02 2.871E-01 0.000E+00 0.000E+00 4.069E-01 3.754E-01
       2.750E-01 2.638E-02 8.586E-02 2.222E-01 0.000E+00 0.000E+00 3.344E-01 3.081E-01
       3.000E-01 2.242E-02 8.359E-02 1.762E-01 0.000E+00 0.000E+00 2.822E-01 2.598E-01
       3.500E-01 1.677E-02 7.948E-02 1.175E-01 0.000E+00 0.000E+00 2.137E-01 1.970E-01
       4.000E-01 1.300E-02 7.586E-02 8.331E-02 0.000E+00 0.000E+00 1.722E-01 1.592E-01
       4.500E-01 1.038E-02 7.266E-02 6.194E-02 0.000E+00 0.000E+00 1.450E-01 1.346E-01
       5.000E-01 8.473E-03 6.980E-02 4.780E-02 0.000E+00 0.000E+00 1.261E-01 1.176E-01
       5.500E-01 7.047E-03 6.722E-02 3.801E-02 0.000E+00 0.000E+00 1.123E-01 1.052E-01
       6.000E-01 5.953E-03 6.488E-02 3.097E-02 0.000E+00 0.000E+00 1.018E-01 9.585E-02
       6.500E-01 5.096E-03 6.274E-02 2.576E-02 0.000E+00 0.000E+00 9.359E-02 8.849E-02
       7.000E-01 4.411E-03 6.077E-02 2.179E-02 0.000E+00 0.000E+00 8.697E-02 8.256E-02
       7.500E-01 3.856E-03 5.896E-02 1.870E-02 0.000E+00 0.000E+00 8.152E-02 7.766E-02
       8.000E-01 3.399E-03 5.729E-02 1.624E-02 0.000E+00 0.000E+00 7.693E-02 7.353E-02
       8.500E-01 3.018E-03 5.573E-02 1.426E-02 0.000E+00 0.000E+00 7.301E-02 6.999E-02
       9.000E-01 2.698E-03 5.428E-02 1.265E-02 0.000E+00 0.000E+00 6.962E-02 6.693E-02
       9.500E-01 2.426E-03 5.292E-02 1.131E-02 0.000E+00 0.000E+00 6.666E-02 6.423E-02
       1.000E+00 2.193E-03 5.165E-02 1.019E-02 0.000E+00 0.000E+00 6.404E-02 6.184E-02
       1.130E+00 1.724E-03 4.867E-02 7.992E-03 4.596E-05 0.000E+00 5.844E-02 5.671E-02
       1.250E+00 1.413E-03 4.627E-02 6.573E-03 2.902E-04 0.000E+00 5.455E-02 5.313E-02
       1.500E+00 9.846E-04 4.210E-02 4.691E-03 1.347E-03 0.000E+00 4.912E-02 4.814E-02
       1.750E+00 7.260E-04 3.874E-02 3.570E-03 2.752E-03 0.000E+00 4.579E-02 4.506E-02
       2.000E+00 5.561E-04 3.597E-02 2.843E-03 4.253E-03 0.000E+00 4.362E-02 4.306E-02
       2.250E+00 4.390E-04 3.363E-02 2.343E-03 5.758E-03 2.064E-07 4.217E-02 4.173E-02
       2.500E+00 3.559E-04 3.162E-02 1.980E-03 7.214E-03 1.714E-06 4.117E-02 4.082E-02
       2.750E+00 2.946E-04 2.987E-02 1.706E-03 8.609E-03 4.988E-06 4.048E-02 4.019E-02
       3.000E+00 2.478E-04 2.833E-02 1.495E-03 9.942E-03 9.899E-06 4.002E-02 3.978E-02
       3.500E+00 1.822E-04 2.574E-02 1.190E-03 1.244E-02 2.343E-05 3.958E-02 3.940E-02
       4.000E+00 1.396E-04 2.364E-02 9.832E-04 1.473E-02 4.035E-05 3.954E-02 3.940E-02
       4.500E+00 1.103E-04 2.190E-02 8.347E-04 1.684E-02 5.961E-05 3.974E-02 3.963E-02
       5.000E+00 8.937E-05 2.042E-02 7.233E-04 1.879E-02 8.031E-05 4.010E-02 4.001E-02
       5.500E+00 7.385E-05 1.915E-02 6.369E-04 2.059E-02 1.017E-04 4.055E-02 4.048E-02
       6.000E+00 6.206E-05 1.805E-02 5.682E-04 2.227E-02 1.232E-04 4.108E-02 4.102E-02
       6.500E+00 5.290E-05 1.709E-02 5.124E-04 2.386E-02 1.446E-04 4.165E-02 4.160E-02
       7.000E+00 4.563E-05 1.623E-02 4.663E-04 2.535E-02 1.658E-04 4.226E-02 4.221E-02
       7.500E+00 3.975E-05 1.546E-02 4.276E-04 2.677E-02 1.866E-04 4.288E-02 4.284E-02
       8.000E+00 3.493E-05 1.477E-02 3.946E-04 2.812E-02 2.070E-04 4.352E-02 4.349E-02
       8.500E+00 3.094E-05 1.415E-02 3.663E-04 2.940E-02 2.269E-04 4.417E-02 4.414E-02
       9.000E+00 2.760E-05 1.358E-02 3.416E-04 3.063E-02 2.463E-04 4.482E-02 4.479E-02
       9.500E+00 2.477E-05 1.306E-02 3.200E-04 3.181E-02 2.653E-04 4.547E-02 4.545E-02
       1.000E+01 2.235E-05 1.258E-02 3.009E-04 3.294E-02 2.837E-04 4.612E-02 4.610E-02