       1.000E-03 1.085E+01 4.754E-03 3.007E+03 0.000E+00 0.000E+00 3.017E+03 3.007E+03
       1.500E-03 1.039E+01 7.897E-03 1.340E+03 0.000E+00 0.000E+00 1.350E+03 1.340E+03
       2.000E-03 9.912E+00 1.100E-02 3.786E+03 0.000E+00 0.000E+00 3.796E+03 3.786E+03
       3.000E-03 8.927E+00 1.719E-02 1.632E+03 0.000E+00 0.000E+00 1.640E+03 1.632E+03
       4.000E-03 7.963E+00 2.304E-02 8.112E+02 0.000E+00 0.000E+00 8.192E+02 8.113E+02
       5.000E-03 7.086E+00 2.845E-02 4.646E+02 0.000E+00 0.000E+00 4.717E+02 4.646E+02
       6.000E-03 6.310E+00 3.339E-02 2.924E+02 0.000E+00 0.000E+00 2.988E+02 2.925E+02
       7.000E-03 5.633E+00 3.783E-02 1.965E+02 0.000E+00 0.000E+00 2.022E+02 1.966E+02
       8.000E-03 5.060E+00 4.197E-02 1.393E+02 0.000E+00 0.000E+00 1.444E+02 1.394E+02
       9.000E-03 4.559E+00 4.570E-02 2.733E+02 0.000E+00 0.000E+00 2.779E+02 2.733E+02
       1.000E-02 4.128E+00 4.924E-02 2.902E+02 0.000E+00 0.000E+00 2.944E+02 2.902E+02
       1.500E-02 2.659E+00 6.372E-02 1.166E+02 0.000E+00 0.000E+00 1.193E+02 1.166E+02
       2.000E-02 1.881E+00 7.458E-02 5.433E+01 0.000E+00 0.000E+00 5.628E+01 5.440E+01
       2.500E-02 1.419E+00 8.263E-02 2.969E+01 0.000E+00 0.000E+00 3.119E+01 2.977E+01
       3.000E-02 1.111E+00 8.864E-02 1.812E+01 0.000E+00 0.000E+00 1.932E+01 1.821E+01
       3.500E-02 8.902E-01 9.301E-02 1.186E+01 0.000E+00 0.000E+00 1.285E+01 1.196E+01
       4.000E-02 7.281E-01 9.623E-02 8.217E+00 0.000E+00 0.000E+00 9.041E+00 8.313E+00
       4.500E-02 6.070E-01 9.863E-02 5.926E+00 0.000E+00 0.000E+00 6.631E+00 6.024E+00
       5.000E-02 5.147E-01 1.004E-01 4.423E+00 0.000E+00 0.000E+00 5.038E+00 4.524E+00
       5.500E-02 4.430E-01 1.017E-01 3.390E+00 0.000E+00 0.000E+00 3.934E+00 3.491E+00
       6.000E-02 3.860E-01 1.026E-01 2.659E+00 0.000E+00 0.000E+00 3.147E+00 2.761E+00
       6.500E-02 3.398E-01 1.033E-01 1.132E+01 0.000E+00 0.000E+00 1.177E+01 1.143E+01
       7.000E-02 3.015E-01 1.037E-01 9.328E+00 0.000E+00 0.000E+00 9.733E+00 9.432E+00
       7.500E-02 2.695E-01 1.039E-01 7.783E+00 0.000E+00 0.000E+00 8.156E+00 7.887E+00
       8.000E-02 2.422E-01 1.040E-01 6.564E+00 0.000E+00 0.000E+00 6.910E+00 6.668E+00
       8.500E-02 2.188E-01 1.040E-01 5.587E+00 0.000E+00 0.000E+00 5.910E+00 5.691E+00
       9.000E-02 1.987E-01 1.038E-01 4.796E+00 0.000E+00 0.000E+00 5.098E+00 4.899E+00
       9.500E-02 1.811E-01 1.036E-01 4.148E+00 0.000E+00 0.000E+00 4.432E+00 4.251E+00
       1.000E-01 1.658E-01 1.033E-01 3.612E+00 0.000E+00 0.000E+00 3.882E+00 3.716E+00
       1.130E-01 1.339E-01 1.023E-01 2.595E+00 0.000E+00 0.000E+00 2.831E+00 2.697E+00
       1.250E-01 1.120E-01 1.011E-01 1.972E+00 0.000E+00 0.000E+00 2.185E+00 2.073E+00
       1.500E-01 8.091E-02 9.835E-02 1.199E+00 0.000E+00 0.000E+00 1.378E+00 1.297E+00
       1.750E-01 6.133E-02 9.547E-02 7.858E-01 0.000E+00 0.000E+00 9.426E-01 8.813E-01
       2.000E-01 4.817E-02 9.264E-02 5.453E-01 0.000E+00 0.000E+00 6.862E-01 6.380E-01
       2.250E-01 3.885E-02 8.993E-02 3.956E-01 0.000E+00 0.000E+00 5.244E-01 4.856E-01
       2.500E-01 3.201E-02 8.737E-02 2.974E-01 0.000E+00 0.000E+00 4.168E-01 3.848E-01
       2.750E-01 2.683E-02 8.497E-02 2.303E-01 0.000E+00 0.000E+00 3.421E-01 3.152E-01
       3.000E-01 2.281E-02 8.272E-02 1.826E-01 0.000E+00 0.000E+00 2.882E-01 2.654E-01
       3.500E-01 1.706E-02 7.867E-02 1.219E-01 0.000E+00 0.000E+00 2.176E-01 2.006E-01
       4.000E-01 1.324E-02 7.510E-02 8.652E-02 0.000E+00 0.000E+00 1.749E-01 1.616E-01
       4.500E-01 1.056E-02 7.194E-02 6.437E-02 0.000E+00 0.000E+00 1.469E-01 1.363E-01
       5.000E-01 8.627E-03 6.912E-02 4.970E-02 0.000E+00 0.000E+00 1.274E-01 1.188E-01
       5.500E-01 7.179E-03 6.656E-02 3.953E-02 0.000E+00 0.000E+00 1.133E-01 1.061E-01
       6.000E-01 6.066E-03 6.424E-02 3.222E-02 0.000E+00 0.000E+00 1.025E-01 9.646E-02
       6.500E-01 5.193E-03 6.213E-02 2.680E-02 0.000E+00 0.000E+00 9.412E-02 8.893E-02
       7.000E-01 4.495E-03 6.019E-02 2.267E-02 0.000E+00 0.000E+00 8.736E-02 8.286E-02
       7.500E-01 3.928E-03 5.840E-02 1.946E-02 0.000E+00 0.000E+00 8.179E-02 7.786E-02
       8.000E-01 3.462E-03 5.673E-02 1.691E-02 0.000E+00 0.000E+00 7.710E-02 7.364E-02
       8.500E-01 3.075E-03 5.517E-02 1.486E-02 0.000E+00 0.000E+00 7.310E-02 7.003E-02
       9.000E-01 2.749E-03 5.372E-02 1.318E-02 0.000E+00 0.000E+00 6.965E-02 6.690E-02
       9.500E-01 2.472E-03 5.237E-02 1.178E-02 0.000E+00 0.000E+00 6.663E-02 6.416E-02
       1.000E+00 2.235E-03 5.112E-02 1.061E-02 0.000E+00 0.000E+00 6.397E-02 6.174E-02
       1.130E+00 1.757E-03 4.819E-02 8.322E-03 4.656E-05 0.000E+00 5.832E-02 5.656E-02
       1.250E+00 1.439E-03 4.580E-02 6.849E-03 2.946E-04 0.000E+00 5.438E-02 5.294E-02
       1.500E+00 1.003E-03 4.169E-02 4.886E-03 1.370E-03 0.000E+00 4.895E-02 4.795E-02
       1.750E+00 7.389E-04 3.842E-02 3.718E-03 2.795E-03 0.000E+00 4.567E-02 4.493E-02
       2.000E+00 5.666E-04 3.564E-02 2.961E-03 4.308E-03 0.000E+00 4.347E-02 4.291E-02
       2.250E+00 4.482E-04 3.326E-02 2.439E-03 5.817E-03 2.044E-07 4.197E-02 4.152E-02
       2.500E+00 3.634E-04 3.127E-02 2.061E-03 7.278E-03 1.697E-06 4.098E-02 4.062E-02
       2.750E+00 3.005E-04 2.956E-02 1.776E-03 8.680E-03 4.941E-06 4.032E-02 4.002E-02
       3.000E+00 2.526E-04 2.806E-02 1.556E-03 1.002E-02 9.807E-06 3.989E-02 3.964E-02
       3.500E+00 1.857E-04 2.550E-02 1.238E-03 1.252E-02 2.322E-05 3.947E-02 3.929E-02
       4.000E+00 1.423E-04 2.341E-02 1.023E-03 1.482E-02 3.999E-05 3.944E-02 3.930E-02
       4.500E+00 1.125E-04 2.169E-02 8.680E-04 1.693E-02 5.905E-05 3.965E-02 3.954E-02
       5.000E+00 9.111E-05 2.022E-02 7.521E-04 1.887E-02 7.952E-05 4.002E-02 3.993E-02
       5.500E+00 7.530E-05 1.897E-02 6.623E-04 2.068E-02 1.006E-04 4.048E-02 4.041E-02
       6.000E+00 6.327E-05 1.788E-02 5.909E-04 2.236E-02 1.219E-04 4.101E-02 4.095E-02
       6.500E+00 5.392E-05 1.692E-02 5.328E-04 2.394E-02 1.432E-04 4.159E-02 4.154E-02
       7.000E+00 4.650E-05 1.607E-02 4.848E-04 2.543E-02 1.642E-04 4.220E-02 4.215E-02
       7.500E+00 4.051E-05 1.531E-02 4.446E-04 2.685E-02 1.848E-04 4.283E-02 4.279E-02
       8.000E+00 3.560E-05 1.463E-02 4.103E-04 2.820E-02 2.049E-04 4.347E-02 4.344E-02
       8.500E+00 3.154E-05 1.401E-02 3.807E-04 2.948E-02 2.247E-04 4.413E-02 4.410E-02
       9.000E+00 2.813E-05 1.345E-02 3.550E-04 3.071E-02 2.439E-04 4.478E-02 4.476E-02
       9.500E+00 2.525E-05 1.293E-02 3.325E-04 3.189E-02 2.627E-04 4.544E-02 4.541E-02
       1.000E+01 2.279E-05 1.246E-02 3.127E-04 3.302E-02 2.809E-04 4.609E-02 4.607E-02