       1.000E-03 1.103E+01 4.743E-03 3.176E+03 0.000E+00 0.000E+00 3.187E+03 3.176E+03
       1.500E-03 1.056E+01 7.954E-03 1.414E+03 0.000E+00 0.000E+00 1.424E+03 1.414E+03
       2.000E-03 1.006E+01 1.104E-02 3.442E+03 0.000E+00 0.000E+00 3.452E+03 3.442E+03
       3.000E-03 9.059E+00 1.714E-02 1.701E+03 0.000E+00 0.000E+00 1.710E+03 1.701E+03
       4.000E-03 8.099E+00 2.291E-02 8.477E+02 0.000E+00 0.000E+00 8.559E+02 8.478E+02
       5.000E-03 7.218E+00 2.829E-02 4.863E+02 0.000E+00 0.000E+00 4.936E+02 4.864E+02
       6.000E-03 6.440E+00 3.323E-02 3.064E+02 0.000E+00 0.000E+00 3.129E+02 3.064E+02
       7.000E-03 5.763E+00 3.772E-02 2.061E+02 0.000E+00 0.000E+00 2.119E+02 2.061E+02
       8.000E-03 5.177E+00 4.182E-02 1.461E+02 0.000E+00 0.000E+00 1.514E+02 1.462E+02
       9.000E-03 4.670E+00 4.559E-02 1.075E+02 0.000E+00 0.000E+00 1.122E+02 1.076E+02
       1.000E-02 4.230E+00 4.908E-02 2.168E+02 0.000E+00 0.000E+00 2.211E+02 2.169E+02
       1.500E-02 2.728E+00 6.350E-02 1.219E+02 0.000E+00 0.000E+00 1.247E+02 1.219E+02
       2.000E-02 1.928E+00 7.431E-02 5.683E+01 0.000E+00 0.000E+00 5.883E+01 5.690E+01
       2.500E-02 1.455E+00 8.240E-02 3.110E+01 0.000E+00 0.000E+00 3.264E+01 3.118E+01
       3.000E-02 1.139E+00 8.842E-02 1.901E+01 0.000E+00 0.000E+00 2.023E+01 1.909E+01
       3.500E-02 9.137E-01 9.286E-02 1.245E+01 0.000E+00 0.000E+00 1.346E+01 1.254E+01
       4.000E-02 7.479E-01 9.613E-02 8.629E+00 0.000E+00 0.000E+00 9.473E+00 8.725E+00
       4.500E-02 6.236E-01 9.856E-02 6.226E+00 0.000E+00 0.000E+00 6.948E+00 6.325E+00
       5.000E-02 5.287E-01 1.004E-01 4.650E+00 0.000E+00 0.000E+00 5.279E+00 4.750E+00
       5.500E-02 4.549E-01 1.017E-01 3.565E+00 0.000E+00 0.000E+00 4.122E+00 3.667E+00
       6.000E-02 3.962E-01 1.027E-01 2.798E+00 0.000E+00 0.000E+00 3.296E+00 2.900E+00
       6.500E-02 3.485E-01 1.033E-01 1.175E+01 0.000E+00 0.000E+00 1.220E+01 1.185E+01
       7.000E-02 3.093E-01 1.037E-01 9.675E+00 0.000E+00 0.000E+00 1.009E+01 9.778E+00
       7.500E-02 2.766E-01 1.040E-01 8.071E+00 0.000E+00 0.000E+00 8.451E+00 8.175E+00
       8.000E-02 2.487E-01 1.041E-01 6.808E+00 0.000E+00 0.000E+00 7.161E+00 6.912E+00
       8.500E-02 2.248E-01 1.041E-01 5.799E+00 0.000E+00 0.000E+00 6.128E+00 5.903E+00
       9.000E-02 2.041E-01 1.040E-01 4.981E+00 0.000E+00 0.000E+00 5.289E+00 5.085E+00
       9.500E-02 1.861E-01 1.037E-01 4.312E+00 0.000E+00 0.000E+00 4.602E+00 4.416E+00
       1.000E-01 1.704E-01 1.034E-01 3.759E+00 0.000E+00 0.000E+00 4.032E+00 3.862E+00
       1.130E-01 1.376E-01 1.024E-01 2.704E+00 0.000E+00 0.000E+00 2.944E+00 2.807E+00
       1.250E-01 1.152E-01 1.013E-01 2.057E+00 0.000E+00 0.000E+00 2.274E+00 2.158E+00
       1.500E-01 8.319E-02 9.854E-02 1.252E+00 0.000E+00 0.000E+00 1.434E+00 1.350E+00
       1.750E-01 6.309E-02 9.566E-02 8.215E-01 0.000E+00 0.000E+00 9.803E-01 9.172E-01
       2.000E-01 4.956E-02 9.283E-02 5.707E-01 0.000E+00 0.000E+00 7.131E-01 6.635E-01
       2.250E-01 3.998E-02 9.012E-02 4.143E-01 0.000E+00 0.000E+00 5.444E-01 5.045E-01
       2.500E-01 3.294E-02 8.758E-02 3.117E-01 0.000E+00 0.000E+00 4.322E-01 3.993E-01
       2.750E-01 2.761E-02 8.519E-02 2.415E-01 0.000E+00 0.000E+00 3.543E-01 3.266E-01
       3.000E-01 2.348E-02 8.295E-02 1.916E-01 0.000E+00 0.000E+00 2.981E-01 2.746E-01
       3.500E-01 1.757E-02 7.889E-02 1.280E-01 0.000E+00 0.000E+00 2.245E-01 2.069E-01
       4.000E-01 1.363E-02 7.531E-02 9.093E-02 0.000E+00 0.000E+00 1.799E-01 1.662E-01
       4.500E-01 1.088E-02 7.212E-02 6.769E-02 0.000E+00 0.000E+00 1.507E-01 1.398E-01
       5.000E-01 8.887E-03 6.928E-02 5.228E-02 0.000E+00 0.000E+00 1.305E-01 1.216E-01
       5.500E-01 7.395E-03 6.674E-02 4.161E-02 0.000E+00 0.000E+00 1.157E-01 1.083E-01
       6.000E-01 6.250E-03 6.443E-02 3.393E-02 0.000E+00 0.000E+00 1.046E-01 9.836E-02
       6.500E-01 5.351E-03 6.232E-02 2.823E-02 0.000E+00 0.000E+00 9.590E-02 9.055E-02
       7.000E-01 4.633E-03 6.038E-02 2.389E-02 0.000E+00 0.000E+00 8.889E-02 8.426E-02
       7.500E-01 4.049E-03 5.857E-02 2.051E-02 0.000E+00 0.000E+00 8.313E-02 7.908E-02
       8.000E-01 3.569E-03 5.689E-02 1.783E-02 0.000E+00 0.000E+00 7.829E-02 7.472E-02
       8.500E-01 3.169E-03 5.533E-02 1.566E-02 0.000E+00 0.000E+00 7.416E-02 7.099E-02
       9.000E-01 2.833E-03 5.387E-02 1.389E-02 0.000E+00 0.000E+00 7.060E-02 6.777E-02
       9.500E-01 2.548E-03 5.252E-02 1.242E-02 0.000E+00 0.000E+00 6.750E-02 6.495E-02
       1.000E+00 2.304E-03 5.128E-02 1.119E-02 0.000E+00 0.000E+00 6.478E-02 6.247E-02
       1.130E+00 1.812E-03 4.836E-02 8.772E-03 4.779E-05 0.000E+00 5.899E-02 5.718E-02
       1.250E+00 1.484E-03 4.595E-02 7.221E-03 3.030E-04 0.000E+00 5.496E-02 5.347E-02
       1.500E+00 1.035E-03 4.182E-02 5.149E-03 1.410E-03 0.000E+00 4.941E-02 4.838E-02
       1.750E+00 7.621E-04 3.851E-02 3.917E-03 2.871E-03 0.000E+00 4.606E-02 4.530E-02
       2.000E+00 5.844E-04 3.573E-02 3.120E-03 4.419E-03 0.000E+00 4.385E-02 4.327E-02
       2.250E+00 4.623E-04 3.337E-02 2.570E-03 5.966E-03 2.051E-07 4.237E-02 4.190E-02
       2.500E+00 3.748E-04 3.138E-02 2.171E-03 7.452E-03 1.703E-06 4.138E-02 4.100E-02
       2.750E+00 3.099E-04 2.966E-02 1.871E-03 8.871E-03 4.957E-06 4.071E-02 4.040E-02
       3.000E+00 2.606E-04 2.814E-02 1.639E-03 1.023E-02 9.837E-06 4.028E-02 4.002E-02
       3.500E+00 1.916E-04 2.558E-02 1.304E-03 1.277E-02 2.329E-05 3.986E-02 3.967E-02
       4.000E+00 1.468E-04 2.349E-02 1.077E-03 1.510E-02 4.010E-05 3.985E-02 3.970E-02
       4.500E+00 1.160E-04 2.175E-02 9.138E-04 1.723E-02 5.923E-05 4.008E-02 3.996E-02
       5.000E+00 9.396E-05 2.029E-02 7.916E-04 1.920E-02 7.978E-05 4.045E-02 4.036E-02
       5.500E+00 7.768E-05 1.903E-02 6.971E-04 2.103E-02 1.010E-04 4.093E-02 4.085E-02
       6.000E+00 6.529E-05 1.794E-02 6.219E-04 2.273E-02 1.223E-04 4.147E-02 4.141E-02
       6.500E+00 5.564E-05 1.697E-02 5.610E-04 2.433E-02 1.436E-04 4.206E-02 4.201E-02
       7.000E+00 4.798E-05 1.612E-02 5.104E-04 2.584E-02 1.646E-04 4.268E-02 4.263E-02
       7.500E+00 4.179E-05 1.536E-02 4.679E-04 2.727E-02 1.853E-04 4.333E-02 4.328E-02
       8.000E+00 3.672E-05 1.467E-02 4.316E-04 2.864E-02 2.055E-04 4.398E-02 4.395E-02
       8.500E+00 3.254E-05 1.405E-02 4.005E-04 2.994E-02 2.253E-04 4.465E-02 4.461E-02
       9.000E+00 2.903E-05 1.349E-02 3.734E-04 3.118E-02 2.446E-04 4.532E-02 4.529E-02
       9.500E+00 2.605E-05 1.297E-02 3.498E-04 3.237E-02 2.634E-04 4.598E-02 4.596E-02
       1.000E+01 2.351E-05 1.250E-02 3.289E-04 3.351E-02 2.817E-04 4.665E-02 4.662E-02