       1.000E-03 1.113E+01 4.616E-03 3.324E+03 0.000E+00 0.000E+00 3.335E+03 3.324E+03
       1.500E-03 1.066E+01 7.838E-03 1.478E+03 0.000E+00 0.000E+00 1.489E+03 1.478E+03
       2.000E-03 1.015E+01 1.091E-02 3.586E+03 0.000E+00 0.000E+00 3.597E+03 3.587E+03
       3.000E-03 9.123E+00 1.690E-02 1.759E+03 0.000E+00 0.000E+00 1.768E+03 1.759E+03
       4.000E-03 8.158E+00 2.257E-02 8.776E+02 0.000E+00 0.000E+00 8.857E+02 8.776E+02
       5.000E-03 7.281E+00 2.788E-02 5.041E+02 0.000E+00 0.000E+00 5.114E+02 5.041E+02
       6.000E-03 6.508E+00 3.278E-02 3.179E+02 0.000E+00 0.000E+00 3.244E+02 3.179E+02
       7.000E-03 5.832E+00 3.727E-02 2.139E+02 0.000E+00 0.000E+00 2.198E+02 2.140E+02
       8.000E-03 5.243E+00 4.136E-02 1.518E+02 0.000E+00 0.000E+00 1.571E+02 1.518E+02
       9.000E-03 4.732E+00 4.510E-02 1.117E+02 0.000E+00 0.000E+00 1.165E+02 1.118E+02
       1.000E-02 4.292E+00 4.855E-02 2.258E+02 0.000E+00 0.000E+00 2.301E+02 2.258E+02
       1.500E-02 2.772E+00 6.276E-02 1.261E+02 0.000E+00 0.000E+00 1.290E+02 1.262E+02
       2.000E-02 1.958E+00 7.342E-02 5.884E+01 0.000E+00 0.000E+00 6.087E+01 5.891E+01
       2.500E-02 1.477E+00 8.147E-02 3.226E+01 0.000E+00 0.000E+00 3.381E+01 3.234E+01
       3.000E-02 1.157E+00 8.749E-02 1.974E+01 0.000E+00 0.000E+00 2.098E+01 1.983E+01
       3.500E-02 9.287E-01 9.192E-02 1.294E+01 0.000E+00 0.000E+00 1.396E+01 1.303E+01
       4.000E-02 7.605E-01 9.521E-02 8.971E+00 0.000E+00 0.000E+00 9.827E+00 9.067E+00
       4.500E-02 6.341E-01 9.766E-02 6.478E+00 0.000E+00 0.000E+00 7.210E+00 6.576E+00
       5.000E-02 5.375E-01 9.946E-02 4.842E+00 0.000E+00 0.000E+00 5.479E+00 4.941E+00
       5.500E-02 4.624E-01 1.008E-01 3.714E+00 0.000E+00 0.000E+00 4.277E+00 3.815E+00
       6.000E-02 4.028E-01 1.018E-01 2.915E+00 0.000E+00 0.000E+00 3.420E+00 3.017E+00
       6.500E-02 3.546E-01 1.025E-01 2.332E+00 0.000E+00 0.000E+00 2.789E+00 2.434E+00
       7.000E-02 3.148E-01 1.029E-01 9.940E+00 0.000E+00 0.000E+00 1.036E+01 1.004E+01
       7.500E-02 2.814E-01 1.032E-01 8.289E+00 0.000E+00 0.000E+00 8.674E+00 8.393E+00
       8.000E-02 2.530E-01 1.033E-01 6.994E+00 0.000E+00 0.000E+00 7.350E+00 7.097E+00
       8.500E-02 2.287E-01 1.033E-01 5.962E+00 0.000E+00 0.000E+00 6.294E+00 6.065E+00
       9.000E-02 2.077E-01 1.031E-01 5.127E+00 0.000E+00 0.000E+00 5.438E+00 5.230E+00
       9.500E-02 1.895E-01 1.029E-01 4.443E+00 0.000E+00 0.000E+00 4.736E+00 4.546E+00
       1.000E-01 1.735E-01 1.026E-01 3.877E+00 0.000E+00 0.000E+00 4.153E+00 3.979E+00
       1.130E-01 1.402E-01 1.017E-01 2.793E+00 0.000E+00 0.000E+00 3.035E+00 2.895E+00
       1.250E-01 1.173E-01 1.005E-01 2.126E+00 0.000E+00 0.000E+00 2.344E+00 2.227E+00
       1.500E-01 8.475E-02 9.784E-02 1.295E+00 0.000E+00 0.000E+00 1.477E+00 1.392E+00
       1.750E-01 6.425E-02 9.501E-02 8.502E-01 0.000E+00 0.000E+00 1.009E+00 9.452E-01
       2.000E-01 5.047E-02 9.221E-02 5.911E-01 0.000E+00 0.000E+00 7.338E-01 6.833E-01
       2.250E-01 4.073E-02 8.952E-02 4.296E-01 0.000E+00 0.000E+00 5.598E-01 5.191E-01
       2.500E-01 3.357E-02 8.699E-02 3.235E-01 0.000E+00 0.000E+00 4.440E-01 4.105E-01
       2.750E-01 2.815E-02 8.461E-02 2.507E-01 0.000E+00 0.000E+00 3.635E-01 3.354E-01
       3.000E-01 2.394E-02 8.239E-02 1.991E-01 0.000E+00 0.000E+00 3.055E-01 2.815E-01
       3.500E-01 1.792E-02 7.838E-02 1.331E-01 0.000E+00 0.000E+00 2.294E-01 2.115E-01
       4.000E-01 1.391E-02 7.483E-02 9.464E-02 0.000E+00 0.000E+00 1.834E-01 1.695E-01
       4.500E-01 1.111E-02 7.168E-02 7.050E-02 0.000E+00 0.000E+00 1.533E-01 1.422E-01
       5.000E-01 9.073E-03 6.886E-02 5.449E-02 0.000E+00 0.000E+00 1.324E-01 1.234E-01
       5.500E-01 7.550E-03 6.633E-02 4.339E-02 0.000E+00 0.000E+00 1.173E-01 1.097E-01
       6.000E-01 6.380E-03 6.404E-02 3.539E-02 0.000E+00 0.000E+00 1.058E-01 9.943E-02
       6.500E-01 5.462E-03 6.193E-02 2.945E-02 0.000E+00 0.000E+00 9.684E-02 9.138E-02
       7.000E-01 4.729E-03 5.999E-02 2.492E-02 0.000E+00 0.000E+00 8.964E-02 8.491E-02
       7.500E-01 4.133E-03 5.820E-02 2.140E-02 0.000E+00 0.000E+00 8.373E-02 7.960E-02
       8.000E-01 3.644E-03 5.655E-02 1.860E-02 0.000E+00 0.000E+00 7.879E-02 7.515E-02
       8.500E-01 3.236E-03 5.502E-02 1.635E-02 0.000E+00 0.000E+00 7.461E-02 7.137E-02
       9.000E-01 2.894E-03 5.360E-02 1.450E-02 0.000E+00 0.000E+00 7.099E-02 6.810E-02
       9.500E-01 2.603E-03 5.225E-02 1.297E-02 0.000E+00 0.000E+00 6.783E-02 6.522E-02
       1.000E+00 2.353E-03 5.098E-02 1.168E-02 0.000E+00 0.000E+00 6.502E-02 6.266E-02
       1.130E+00 1.850E-03 4.803E-02 9.159E-03 4.856E-05 0.000E+00 5.908E-02 5.723E-02
       1.250E+00 1.516E-03 4.568E-02 7.537E-03 3.085E-04 0.000E+00 5.505E-02 5.353E-02
       1.500E+00 1.057E-03 4.157E-02 5.375E-03 1.439E-03 0.000E+00 4.944E-02 4.838E-02
       1.750E+00 7.786E-04 3.827E-02 4.089E-03 2.927E-03 0.000E+00 4.606E-02 4.528E-02
       2.000E+00 5.972E-04 3.553E-02 3.257E-03 4.494E-03 0.000E+00 4.388E-02 4.328E-02
       2.250E+00 4.724E-04 3.320E-02 2.682E-03 6.048E-03 2.040E-07 4.240E-02 4.193E-02
       2.500E+00 3.830E-04 3.121E-02 2.266E-03 7.545E-03 1.693E-06 4.141E-02 4.103E-02
       2.750E+00 3.168E-04 2.949E-02 1.953E-03 8.975E-03 4.927E-06 4.074E-02 4.042E-02
       3.000E+00 2.663E-04 2.797E-02 1.710E-03 1.034E-02 9.778E-06 4.030E-02 4.003E-02
       3.500E+00 1.958E-04 2.542E-02 1.360E-03 1.290E-02 2.314E-05 3.990E-02 3.970E-02
       4.000E+00 1.500E-04 2.335E-02 1.123E-03 1.523E-02 3.985E-05 3.989E-02 3.974E-02
       4.500E+00 1.186E-04 2.162E-02 9.531E-04 1.738E-02 5.886E-05 4.013E-02 4.001E-02
       5.000E+00 9.606E-05 2.017E-02 8.256E-04 1.935E-02 7.929E-05 4.052E-02 4.042E-02
       5.500E+00 7.938E-05 1.891E-02 7.267E-04 2.118E-02 1.003E-04 4.100E-02 4.092E-02
       6.000E+00 6.670E-05 1.783E-02 6.481E-04 2.289E-02 1.216E-04 4.155E-02 4.148E-02
       6.500E+00 5.684E-05 1.687E-02 5.844E-04 2.449E-02 1.427E-04 4.215E-02 4.209E-02
       7.000E+00 4.902E-05 1.603E-02 5.317E-04 2.601E-02 1.636E-04 4.278E-02 4.273E-02
       7.500E+00 4.272E-05 1.527E-02 4.874E-04 2.745E-02 1.842E-04 4.343E-02 4.338E-02
       8.000E+00 3.755E-05 1.459E-02 4.497E-04 2.881E-02 2.043E-04 4.409E-02 4.405E-02
       8.500E+00 3.326E-05 1.397E-02 4.174E-04 3.012E-02 2.240E-04 4.476E-02 4.473E-02
       9.000E+00 2.966E-05 1.341E-02 3.894E-04 3.136E-02 2.431E-04 4.543E-02 4.540E-02
       9.500E+00 2.662E-05 1.289E-02 3.647E-04 3.256E-02 2.618E-04 4.611E-02 4.608E-02
       1.000E+01 2.403E-05 1.242E-02 3.428E-04 3.371E-02 2.800E-04 4.678E-02 4.675E-02