       1.000E-03 1.130E+01 4.486E-03 3.498E+03 0.000E+00 0.000E+00 3.509E+03 3.498E+03
       1.500E-03 1.082E+01 7.698E-03 1.556E+03 0.000E+00 0.000E+00 1.566E+03 1.556E+03
       2.000E-03 1.030E+01 1.075E-02 3.761E+03 0.000E+00 0.000E+00 3.771E+03 3.761E+03
       3.000E-03 9.249E+00 1.666E-02 1.829E+03 0.000E+00 0.000E+00 1.838E+03 1.829E+03
       4.000E-03 8.274E+00 2.227E-02 9.139E+02 0.000E+00 0.000E+00 9.222E+02 9.139E+02
       5.000E-03 7.388E+00 2.755E-02 5.255E+02 0.000E+00 0.000E+00 5.329E+02 5.255E+02
       6.000E-03 6.610E+00 3.246E-02 3.316E+02 0.000E+00 0.000E+00 3.382E+02 3.316E+02
       7.000E-03 5.930E+00 3.696E-02 2.233E+02 0.000E+00 0.000E+00 2.292E+02 2.233E+02
       8.000E-03 5.338E+00 4.107E-02 1.585E+02 0.000E+00 0.000E+00 1.639E+02 1.586E+02
       9.000E-03 4.823E+00 4.482E-02 1.167E+02 0.000E+00 0.000E+00 1.216E+02 1.167E+02
       1.000E-02 4.376E+00 4.829E-02 2.335E+02 0.000E+00 0.000E+00 2.379E+02 2.335E+02
       1.500E-02 2.832E+00 6.240E-02 1.311E+02 0.000E+00 0.000E+00 1.340E+02 1.312E+02
       2.000E-02 1.999E+00 7.302E-02 6.127E+01 0.000E+00 0.000E+00 6.334E+01 6.134E+01
       2.500E-02 1.507E+00 8.106E-02 3.363E+01 0.000E+00 0.000E+00 3.522E+01 3.372E+01
       3.000E-02 1.182E+00 8.706E-02 2.060E+01 0.000E+00 0.000E+00 2.187E+01 2.069E+01
       3.500E-02 9.495E-01 9.153E-02 1.352E+01 0.000E+00 0.000E+00 1.456E+01 1.361E+01
       4.000E-02 7.781E-01 9.485E-02 9.382E+00 0.000E+00 0.000E+00 1.025E+01 9.477E+00
       4.500E-02 6.489E-01 9.733E-02 6.779E+00 0.000E+00 0.000E+00 7.525E+00 6.876E+00
       5.000E-02 5.501E-01 9.918E-02 5.069E+00 0.000E+00 0.000E+00 5.718E+00 5.168E+00
       5.500E-02 4.735E-01 1.005E-01 3.890E+00 0.000E+00 0.000E+00 4.464E+00 3.990E+00
       6.000E-02 4.124E-01 1.015E-01 3.055E+00 0.000E+00 0.000E+00 3.569E+00 3.156E+00
       6.500E-02 3.625E-01 1.022E-01 2.444E+00 0.000E+00 0.000E+00 2.909E+00 2.546E+00
       7.000E-02 3.217E-01 1.026E-01 1.028E+01 0.000E+00 0.000E+00 1.070E+01 1.038E+01
       7.500E-02 2.877E-01 1.029E-01 8.565E+00 0.000E+00 0.000E+00 8.956E+00 8.668E+00
       8.000E-02 2.589E-01 1.030E-01 7.225E+00 0.000E+00 0.000E+00 7.587E+00 7.328E+00
       8.500E-02 2.342E-01 1.030E-01 6.163E+00 0.000E+00 0.000E+00 6.500E+00 6.266E+00
       9.000E-02 2.127E-01 1.029E-01 5.305E+00 0.000E+00 0.000E+00 5.621E+00 5.408E+00
       9.500E-02 1.940E-01 1.027E-01 4.603E+00 0.000E+00 0.000E+00 4.900E+00 4.706E+00
       1.000E-01 1.777E-01 1.025E-01 4.020E+00 0.000E+00 0.000E+00 4.300E+00 4.123E+00
       1.130E-01 1.436E-01 1.015E-01 2.902E+00 0.000E+00 0.000E+00 3.147E+00 3.003E+00
       1.250E-01 1.202E-01 1.004E-01 2.210E+00 0.000E+00 0.000E+00 2.430E+00 2.310E+00
       1.500E-01 8.686E-02 9.771E-02 1.346E+00 0.000E+00 0.000E+00 1.531E+00 1.444E+00
       1.750E-01 6.587E-02 9.490E-02 8.851E-01 0.000E+00 0.000E+00 1.046E+00 9.800E-01
       2.000E-01 5.175E-02 9.212E-02 6.160E-01 0.000E+00 0.000E+00 7.599E-01 7.082E-01
       2.250E-01 4.176E-02 8.947E-02 4.481E-01 0.000E+00 0.000E+00 5.793E-01 5.375E-01
       2.500E-01 3.443E-02 8.696E-02 3.376E-01 0.000E+00 0.000E+00 4.590E-01 4.245E-01
       2.750E-01 2.887E-02 8.459E-02 2.618E-01 0.000E+00 0.000E+00 3.753E-01 3.464E-01
       3.000E-01 2.455E-02 8.237E-02 2.080E-01 0.000E+00 0.000E+00 3.149E-01 2.904E-01
       3.500E-01 1.839E-02 7.833E-02 1.392E-01 0.000E+00 0.000E+00 2.359E-01 2.175E-01
       4.000E-01 1.427E-02 7.478E-02 9.901E-02 0.000E+00 0.000E+00 1.881E-01 1.738E-01
       4.500E-01 1.140E-02 7.166E-02 7.381E-02 0.000E+00 0.000E+00 1.569E-01 1.455E-01
       5.000E-01 9.312E-03 6.886E-02 5.708E-02 0.000E+00 0.000E+00 1.352E-01 1.259E-01
       5.500E-01 7.749E-03 6.631E-02 4.545E-02 0.000E+00 0.000E+00 1.195E-01 1.118E-01
       6.000E-01 6.550E-03 6.400E-02 3.708E-02 0.000E+00 0.000E+00 1.076E-01 1.011E-01
       6.500E-01 5.609E-03 6.189E-02 3.087E-02 0.000E+00 0.000E+00 9.837E-02 9.276E-02
       7.000E-01 4.857E-03 5.996E-02 2.614E-02 0.000E+00 0.000E+00 9.096E-02 8.610E-02
       7.500E-01 4.247E-03 5.819E-02 2.245E-02 0.000E+00 0.000E+00 8.489E-02 8.064E-02
       8.000E-01 3.744E-03 5.654E-02 1.952E-02 0.000E+00 0.000E+00 7.981E-02 7.607E-02
       8.500E-01 3.325E-03 5.502E-02 1.716E-02 0.000E+00 0.000E+00 7.550E-02 7.217E-02
       9.000E-01 2.973E-03 5.359E-02 1.522E-02 0.000E+00 0.000E+00 7.178E-02 6.881E-02
       9.500E-01 2.674E-03 5.225E-02 1.361E-02 0.000E+00 0.000E+00 6.853E-02 6.586E-02
       1.000E+00 2.418E-03 5.099E-02 1.226E-02 0.000E+00 0.000E+00 6.566E-02 6.325E-02
       1.130E+00 1.901E-03 4.803E-02 9.616E-03 4.960E-05 0.000E+00 5.960E-02 5.770E-02
       1.250E+00 1.558E-03 4.566E-02 7.914E-03 3.160E-04 0.000E+00 5.545E-02 5.389E-02
       1.500E+00 1.086E-03 4.157E-02 5.644E-03 1.476E-03 0.000E+00 4.977E-02 4.869E-02
       1.750E+00 8.001E-04 3.825E-02 4.294E-03 2.996E-03 0.000E+00 4.634E-02 4.554E-02
       2.000E+00 6.137E-04 3.551E-02 3.418E-03 4.593E-03 0.000E+00 4.414E-02 4.352E-02
       2.250E+00 4.856E-04 3.321E-02 2.813E-03 6.179E-03 2.037E-07 4.268E-02 4.220E-02
       2.500E+00 3.937E-04 3.122E-02 2.376E-03 7.697E-03 1.692E-06 4.169E-02 4.130E-02
       2.750E+00 3.256E-04 2.950E-02 2.048E-03 9.142E-03 4.926E-06 4.102E-02 4.069E-02
       3.000E+00 2.737E-04 2.798E-02 1.794E-03 1.052E-02 9.778E-06 4.057E-02 4.030E-02
       3.500E+00 2.012E-04 2.542E-02 1.427E-03 1.310E-02 2.316E-05 4.017E-02 3.997E-02
       4.000E+00 1.542E-04 2.335E-02 1.178E-03 1.546E-02 3.987E-05 4.018E-02 4.003E-02
       4.500E+00 1.218E-04 2.163E-02 9.991E-04 1.762E-02 5.887E-05 4.043E-02 4.031E-02
       5.000E+00 9.871E-05 2.017E-02 8.653E-04 1.961E-02 7.928E-05 4.082E-02 4.073E-02
       5.500E+00 8.161E-05 1.892E-02 7.617E-04 2.146E-02 1.003E-04 4.132E-02 4.124E-02
       6.000E+00 6.859E-05 1.783E-02 6.793E-04 2.318E-02 1.216E-04 4.188E-02 4.181E-02
       6.500E+00 5.844E-05 1.687E-02 6.124E-04 2.480E-02 1.427E-04 4.249E-02 4.243E-02
       7.000E+00 5.039E-05 1.602E-02 5.571E-04 2.633E-02 1.636E-04 4.312E-02 4.307E-02
       7.500E+00 4.391E-05 1.527E-02 5.108E-04 2.778E-02 1.842E-04 4.378E-02 4.374E-02
       8.000E+00 3.861E-05 1.459E-02 4.713E-04 2.916E-02 2.043E-04 4.446E-02 4.442E-02
       8.500E+00 3.419E-05 1.397E-02 4.372E-04 3.047E-02 2.239E-04 4.514E-02 4.511E-02
       9.000E+00 3.049E-05 1.341E-02 4.077E-04 3.173E-02 2.431E-04 4.582E-02 4.579E-02
       9.500E+00 2.737E-05 1.290E-02 3.819E-04 3.293E-02 2.618E-04 4.649E-02 4.647E-02
       1.000E+01 2.470E-05 1.242E-02 3.591E-04 3.408E-02 2.799E-04 4.717E-02 4.714E-02