       1.000E-03 1.144E+01 4.340E-03 3.672E+03 0.000E+00 0.000E+00 3.683E+03 3.672E+03
       1.500E-03 1.096E+01 7.514E-03 1.633E+03 0.000E+00 0.000E+00 1.644E+03 1.633E+03
       2.000E-03 1.043E+01 1.052E-02 3.911E+03 0.000E+00 0.000E+00 3.921E+03 3.911E+03
       3.000E-03 9.362E+00 1.633E-02 1.893E+03 0.000E+00 0.000E+00 1.902E+03 1.893E+03
       4.000E-03 8.369E+00 2.186E-02 9.480E+02 0.000E+00 0.000E+00 9.563E+02 9.480E+02
       5.000E-03 7.481E+00 2.711E-02 5.457E+02 0.000E+00 0.000E+00 5.532E+02 5.457E+02
       6.000E-03 6.695E+00 3.203E-02 3.446E+02 0.000E+00 0.000E+00 3.513E+02 3.446E+02
       7.000E-03 6.013E+00 3.655E-02 2.323E+02 0.000E+00 0.000E+00 2.383E+02 2.323E+02
       8.000E-03 5.418E+00 4.068E-02 1.651E+02 0.000E+00 0.000E+00 1.705E+02 1.651E+02
       9.000E-03 4.898E+00 4.445E-02 1.215E+02 0.000E+00 0.000E+00 1.265E+02 1.216E+02
       1.000E-02 4.448E+00 4.792E-02 9.240E+01 0.000E+00 0.000E+00 9.690E+01 9.245E+01
       1.500E-02 2.886E+00 6.197E-02 1.359E+02 0.000E+00 0.000E+00 1.389E+02 1.360E+02
       2.000E-02 2.036E+00 7.246E-02 6.361E+01 0.000E+00 0.000E+00 6.572E+01 6.368E+01
       2.500E-02 1.535E+00 8.043E-02 3.496E+01 0.000E+00 0.000E+00 3.658E+01 3.504E+01
       3.000E-02 1.204E+00 8.644E-02 2.144E+01 0.000E+00 0.000E+00 2.273E+01 2.153E+01
       3.500E-02 9.678E-01 9.092E-02 1.408E+01 0.000E+00 0.000E+00 1.514E+01 1.417E+01
       4.000E-02 7.937E-01 9.427E-02 9.781E+00 0.000E+00 0.000E+00 1.067E+01 9.875E+00
       4.500E-02 6.622E-01 9.677E-02 7.071E+00 0.000E+00 0.000E+00 7.830E+00 7.168E+00
       5.000E-02 5.614E-01 9.863E-02 5.290E+00 0.000E+00 0.000E+00 5.950E+00 5.389E+00
       5.500E-02 4.830E-01 9.999E-02 4.062E+00 0.000E+00 0.000E+00 4.645E+00 4.162E+00
       6.000E-02 4.206E-01 1.010E-01 3.191E+00 0.000E+00 0.000E+00 3.713E+00 3.292E+00
       6.500E-02 3.699E-01 1.017E-01 2.554E+00 0.000E+00 0.000E+00 3.025E+00 2.656E+00
       7.000E-02 3.282E-01 1.022E-01 1.061E+01 0.000E+00 0.000E+00 1.104E+01 1.071E+01
       7.500E-02 2.935E-01 1.025E-01 8.827E+00 0.000E+00 0.000E+00 9.223E+00 8.929E+00
       8.000E-02 2.642E-01 1.026E-01 7.442E+00 0.000E+00 0.000E+00 7.809E+00 7.545E+00
       8.500E-02 2.390E-01 1.026E-01 6.349E+00 0.000E+00 0.000E+00 6.691E+00 6.452E+00
       9.000E-02 2.172E-01 1.025E-01 5.470E+00 0.000E+00 0.000E+00 5.790E+00 5.573E+00
       9.500E-02 1.981E-01 1.023E-01 4.751E+00 0.000E+00 0.000E+00 5.051E+00 4.853E+00
       1.000E-01 1.815E-01 1.020E-01 4.153E+00 0.000E+00 0.000E+00 4.437E+00 4.255E+00
       1.130E-01 1.468E-01 1.011E-01 3.002E+00 0.000E+00 0.000E+00 3.250E+00 3.103E+00
       1.250E-01 1.228E-01 1.000E-01 2.288E+00 0.000E+00 0.000E+00 2.511E+00 2.388E+00
       1.500E-01 8.877E-02 9.738E-02 1.395E+00 0.000E+00 0.000E+00 1.581E+00 1.492E+00
       1.750E-01 6.732E-02 9.460E-02 9.181E-01 0.000E+00 0.000E+00 1.080E+00 1.013E+00
       2.000E-01 5.290E-02 9.185E-02 6.397E-01 0.000E+00 0.000E+00 7.845E-01 7.316E-01
       2.250E-01 4.270E-02 8.920E-02 4.657E-01 0.000E+00 0.000E+00 5.976E-01 5.549E-01
       2.500E-01 3.520E-02 8.669E-02 3.511E-01 0.000E+00 0.000E+00 4.730E-01 4.378E-01
       2.750E-01 2.952E-02 8.433E-02 2.725E-01 0.000E+00 0.000E+00 3.863E-01 3.568E-01
       3.000E-01 2.512E-02 8.212E-02 2.166E-01 0.000E+00 0.000E+00 3.238E-01 2.987E-01
       3.500E-01 1.881E-02 7.811E-02 1.451E-01 0.000E+00 0.000E+00 2.420E-01 2.232E-01
       4.000E-01 1.461E-02 7.458E-02 1.033E-01 0.000E+00 0.000E+00 1.925E-01 1.779E-01
       4.500E-01 1.167E-02 7.145E-02 7.705E-02 0.000E+00 0.000E+00 1.602E-01 1.485E-01
       5.000E-01 9.535E-03 6.866E-02 5.962E-02 0.000E+00 0.000E+00 1.378E-01 1.283E-01
       5.500E-01 7.936E-03 6.614E-02 4.749E-02 0.000E+00 0.000E+00 1.216E-01 1.136E-01
       6.000E-01 6.708E-03 6.384E-02 3.875E-02 0.000E+00 0.000E+00 1.093E-01 1.026E-01
       6.500E-01 5.745E-03 6.173E-02 3.227E-02 0.000E+00 0.000E+00 9.975E-02 9.400E-02
       7.000E-01 4.976E-03 5.980E-02 2.733E-02 0.000E+00 0.000E+00 9.211E-02 8.713E-02
       7.500E-01 4.350E-03 5.803E-02 2.348E-02 0.000E+00 0.000E+00 8.586E-02 8.151E-02
       8.000E-01 3.836E-03 5.641E-02 2.042E-02 0.000E+00 0.000E+00 8.066E-02 7.683E-02
       8.500E-01 3.407E-03 5.491E-02 1.795E-02 0.000E+00 0.000E+00 7.627E-02 7.286E-02
       9.000E-01 3.046E-03 5.351E-02 1.592E-02 0.000E+00 0.000E+00 7.247E-02 6.943E-02
       9.500E-01 2.739E-03 5.217E-02 1.424E-02 0.000E+00 0.000E+00 6.915E-02 6.641E-02
       1.000E+00 2.477E-03 5.087E-02 1.283E-02 0.000E+00 0.000E+00 6.618E-02 6.370E-02
       1.130E+00 1.948E-03 4.788E-02 1.006E-02 5.053E-05 0.000E+00 5.994E-02 5.799E-02
       1.250E+00 1.597E-03 4.556E-02 8.281E-03 3.227E-04 0.000E+00 5.576E-02 5.417E-02
       1.500E+00 1.113E-03 4.147E-02 5.906E-03 1.510E-03 0.000E+00 5.000E-02 4.888E-02
       1.750E+00 8.209E-04 3.815E-02 4.482E-03 3.064E-03 0.000E+00 4.652E-02 4.570E-02
       2.000E+00 6.292E-04 3.544E-02 3.574E-03 4.684E-03 0.000E+00 4.433E-02 4.370E-02
       2.250E+00 4.972E-04 3.316E-02 2.952E-03 6.282E-03 2.033E-07 4.289E-02 4.239E-02
       2.500E+00 4.032E-04 3.117E-02 2.493E-03 7.816E-03 1.689E-06 4.189E-02 4.148E-02
       2.750E+00 3.336E-04 2.944E-02 2.145E-03 9.278E-03 4.915E-06 4.120E-02 4.086E-02
       3.000E+00 2.806E-04 2.791E-02 1.875E-03 1.067E-02 9.755E-06 4.075E-02 4.047E-02
       3.500E+00 2.064E-04 2.536E-02 1.491E-03 1.327E-02 2.309E-05 4.035E-02 4.015E-02
       4.000E+00 1.580E-04 2.330E-02 1.231E-03 1.565E-02 3.977E-05 4.038E-02 4.022E-02
       4.500E+00 1.249E-04 2.158E-02 1.044E-03 1.783E-02 5.873E-05 4.063E-02 4.051E-02
       5.000E+00 1.012E-04 2.012E-02 9.044E-04 1.983E-02 7.911E-05 4.103E-02 4.093E-02
       5.500E+00 8.368E-05 1.887E-02 7.960E-04 2.168E-02 1.001E-04 4.154E-02 4.145E-02
       6.000E+00 7.033E-05 1.779E-02 7.098E-04 2.342E-02 1.213E-04 4.210E-02 4.203E-02
       6.500E+00 5.991E-05 1.683E-02 6.399E-04 2.505E-02 1.424E-04 4.272E-02 4.266E-02
       7.000E+00 5.166E-05 1.599E-02 5.821E-04 2.658E-02 1.632E-04 4.337E-02 4.332E-02
       7.500E+00 4.501E-05 1.523E-02 5.336E-04 2.804E-02 1.837E-04 4.404E-02 4.399E-02
       8.000E+00 3.957E-05 1.455E-02 4.923E-04 2.943E-02 2.038E-04 4.472E-02 4.468E-02
       8.500E+00 3.505E-05 1.394E-02 4.568E-04 3.076E-02 2.234E-04 4.541E-02 4.537E-02
       9.000E+00 3.127E-05 1.338E-02 4.258E-04 3.202E-02 2.425E-04 4.610E-02 4.607E-02
       9.500E+00 2.806E-05 1.287E-02 3.987E-04 3.323E-02 2.611E-04 4.679E-02 4.676E-02
       1.000E+01 2.533E-05 1.240E-02 3.747E-04 3.439E-02 2.792E-04 4.747E-02 4.745E-02