       1.000E-03 1.162E+01 4.208E-03 3.862E+03 0.000E+00 0.000E+00 3.873E+03 3.862E+03
       1.500E-03 1.114E+01 7.345E-03 1.718E+03 0.000E+00 0.000E+00 1.729E+03 1.718E+03
       2.000E-03 1.059E+01 1.033E-02 3.761E+03 0.000E+00 0.000E+00 3.772E+03 3.761E+03
       3.000E-03 9.505E+00 1.604E-02 1.962E+03 0.000E+00 0.000E+00 1.972E+03 1.962E+03
       4.000E-03 8.493E+00 2.151E-02 9.858E+02 0.000E+00 0.000E+00 9.943E+02 9.858E+02
       5.000E-03 7.590E+00 2.672E-02 5.682E+02 0.000E+00 0.000E+00 5.759E+02 5.683E+02
       6.000E-03 6.798E+00 3.164E-02 3.590E+02 0.000E+00 0.000E+00 3.658E+02 3.590E+02
       7.000E-03 6.110E+00 3.619E-02 2.422E+02 0.000E+00 0.000E+00 2.483E+02 2.422E+02
       8.000E-03 5.511E+00 4.036E-02 1.722E+02 0.000E+00 0.000E+00 1.778E+02 1.723E+02
       9.000E-03 4.989E+00 4.418E-02 1.269E+02 0.000E+00 0.000E+00 1.319E+02 1.269E+02
       1.000E-02 4.534E+00 4.767E-02 9.654E+01 0.000E+00 0.000E+00 1.011E+02 9.659E+01
       1.500E-02 2.948E+00 6.171E-02 1.410E+02 0.000E+00 0.000E+00 1.440E+02 1.411E+02
       2.000E-02 2.079E+00 7.212E-02 6.620E+01 0.000E+00 0.000E+00 6.835E+01 6.627E+01
       2.500E-02 1.567E+00 8.009E-02 3.643E+01 0.000E+00 0.000E+00 3.808E+01 3.651E+01
       3.000E-02 1.229E+00 8.612E-02 2.236E+01 0.000E+00 0.000E+00 2.368E+01 2.245E+01
       3.500E-02 9.890E-01 9.065E-02 1.470E+01 0.000E+00 0.000E+00 1.578E+01 1.479E+01
       4.000E-02 8.118E-01 9.402E-02 1.022E+01 0.000E+00 0.000E+00 1.113E+01 1.031E+01
       4.500E-02 6.776E-01 9.651E-02 7.393E+00 0.000E+00 0.000E+00 8.167E+00 7.489E+00
       5.000E-02 5.744E-01 9.838E-02 5.534E+00 0.000E+00 0.000E+00 6.206E+00 5.632E+00
       5.500E-02 4.939E-01 9.978E-02 4.251E+00 0.000E+00 0.000E+00 4.844E+00 4.350E+00
       6.000E-02 4.301E-01 1.008E-01 3.341E+00 0.000E+00 0.000E+00 3.872E+00 3.442E+00
       6.500E-02 3.788E-01 1.015E-01 2.675E+00 0.000E+00 0.000E+00 3.155E+00 2.776E+00
       7.000E-02 3.364E-01 1.020E-01 2.177E+00 0.000E+00 0.000E+00 2.615E+00 2.279E+00
       7.500E-02 3.007E-01 1.023E-01 9.134E+00 0.000E+00 0.000E+00 9.537E+00 9.236E+00
       8.000E-02 2.703E-01 1.024E-01 7.697E+00 0.000E+00 0.000E+00 8.070E+00 7.800E+00
       8.500E-02 2.444E-01 1.024E-01 6.566E+00 0.000E+00 0.000E+00 6.913E+00 6.668E+00
       9.000E-02 2.221E-01 1.024E-01 5.657E+00 0.000E+00 0.000E+00 5.982E+00 5.760E+00
       9.500E-02 2.028E-01 1.022E-01 4.915E+00 0.000E+00 0.000E+00 5.220E+00 5.017E+00
       1.000E-01 1.858E-01 1.019E-01 4.298E+00 0.000E+00 0.000E+00 4.586E+00 4.400E+00
       1.130E-01 1.504E-01 1.010E-01 3.110E+00 0.000E+00 0.000E+00 3.361E+00 3.211E+00
       1.250E-01 1.259E-01 9.995E-02 2.372E+00 0.000E+00 0.000E+00 2.598E+00 2.472E+00
       1.500E-01 9.098E-02 9.735E-02 1.449E+00 0.000E+00 0.000E+00 1.637E+00 1.546E+00
       1.750E-01 6.898E-02 9.457E-02 9.548E-01 0.000E+00 0.000E+00 1.118E+00 1.049E+00
       2.000E-01 5.420E-02 9.182E-02 6.659E-01 0.000E+00 0.000E+00 8.119E-01 7.577E-01
       2.250E-01 4.376E-02 8.917E-02 4.851E-01 0.000E+00 0.000E+00 6.181E-01 5.743E-01
       2.500E-01 3.608E-02 8.667E-02 3.660E-01 0.000E+00 0.000E+00 4.888E-01 4.527E-01
       2.750E-01 3.027E-02 8.432E-02 2.842E-01 0.000E+00 0.000E+00 3.988E-01 3.685E-01
       3.000E-01 2.576E-02 8.211E-02 2.261E-01 0.000E+00 0.000E+00 3.339E-01 3.082E-01
       3.500E-01 1.930E-02 7.812E-02 1.516E-01 0.000E+00 0.000E+00 2.490E-01 2.297E-01
       4.000E-01 1.499E-02 7.461E-02 1.080E-01 0.000E+00 0.000E+00 1.976E-01 1.826E-01
       4.500E-01 1.198E-02 7.149E-02 8.059E-02 0.000E+00 0.000E+00 1.641E-01 1.521E-01
       5.000E-01 9.790E-03 6.869E-02 6.239E-02 0.000E+00 0.000E+00 1.409E-01 1.311E-01
       5.500E-01 8.149E-03 6.617E-02 4.974E-02 0.000E+00 0.000E+00 1.241E-01 1.159E-01
       6.000E-01 6.889E-03 6.387E-02 4.062E-02 0.000E+00 0.000E+00 1.114E-01 1.045E-01
       6.500E-01 5.900E-03 6.178E-02 3.384E-02 0.000E+00 0.000E+00 1.015E-01 9.562E-02
       7.000E-01 5.109E-03 5.987E-02 2.866E-02 0.000E+00 0.000E+00 9.363E-02 8.852E-02
       7.500E-01 4.467E-03 5.809E-02 2.462E-02 0.000E+00 0.000E+00 8.718E-02 8.271E-02
       8.000E-01 3.939E-03 5.644E-02 2.142E-02 0.000E+00 0.000E+00 8.179E-02 7.785E-02
       8.500E-01 3.499E-03 5.489E-02 1.883E-02 0.000E+00 0.000E+00 7.722E-02 7.372E-02
       9.000E-01 3.129E-03 5.345E-02 1.671E-02 0.000E+00 0.000E+00 7.328E-02 7.016E-02
       9.500E-01 2.814E-03 5.211E-02 1.494E-02 0.000E+00 0.000E+00 6.987E-02 6.706E-02
       1.000E+00 2.545E-03 5.087E-02 1.346E-02 0.000E+00 0.000E+00 6.688E-02 6.433E-02
       1.130E+00 2.002E-03 4.797E-02 1.055E-02 5.161E-05 0.000E+00 6.057E-02 5.857E-02
       1.250E+00 1.641E-03 4.560E-02 8.687E-03 3.305E-04 0.000E+00 5.626E-02 5.462E-02
       1.500E+00 1.144E-03 4.149E-02 6.193E-03 1.550E-03 0.000E+00 5.038E-02 4.924E-02
       1.750E+00 8.434E-04 3.815E-02 4.706E-03 3.139E-03 0.000E+00 4.684E-02 4.600E-02
       2.000E+00 6.468E-04 3.545E-02 3.748E-03 4.790E-03 0.000E+00 4.463E-02 4.398E-02
       2.250E+00 5.115E-04 3.318E-02 3.090E-03 6.419E-03 2.036E-07 4.320E-02 4.269E-02
       2.500E+00 4.147E-04 3.120E-02 2.609E-03 7.974E-03 1.690E-06 4.220E-02 4.179E-02
       2.750E+00 3.431E-04 2.946E-02 2.247E-03 9.451E-03 4.918E-06 4.151E-02 4.116E-02
       3.000E+00 2.885E-04 2.793E-02 1.966E-03 1.086E-02 9.761E-06 4.105E-02 4.076E-02
       3.500E+00 2.121E-04 2.537E-02 1.563E-03 1.348E-02 2.310E-05 4.065E-02 4.044E-02
       4.000E+00 1.625E-04 2.331E-02 1.290E-03 1.588E-02 3.978E-05 4.068E-02 4.052E-02
       4.500E+00 1.284E-04 2.159E-02 1.094E-03 1.808E-02 5.875E-05 4.095E-02 4.082E-02
       5.000E+00 1.041E-04 2.014E-02 9.473E-04 2.010E-02 7.914E-05 4.137E-02 4.126E-02
       5.500E+00 8.601E-05 1.889E-02 8.337E-04 2.197E-02 1.002E-04 4.188E-02 4.179E-02
       6.000E+00 7.228E-05 1.780E-02 7.435E-04 2.372E-02 1.213E-04 4.246E-02 4.239E-02
       6.500E+00 6.161E-05 1.685E-02 6.703E-04 2.537E-02 1.424E-04 4.309E-02 4.302E-02
       7.000E+00 5.314E-05 1.600E-02 6.096E-04 2.692E-02 1.633E-04 4.374E-02 4.369E-02
       7.500E+00 4.629E-05 1.524E-02 5.586E-04 2.839E-02 1.838E-04 4.442E-02 4.437E-02
       8.000E+00 4.069E-05 1.456E-02 5.152E-04 2.979E-02 2.038E-04 4.511E-02 4.507E-02
       8.500E+00 3.604E-05 1.395E-02 4.780E-04 3.113E-02 2.235E-04 4.581E-02 4.578E-02
       9.000E+00 3.215E-05 1.339E-02 4.457E-04 3.241E-02 2.426E-04 4.652E-02 4.648E-02
       9.500E+00 2.885E-05 1.288E-02 4.173E-04 3.363E-02 2.612E-04 4.721E-02 4.718E-02
       1.000E+01 2.604E-05 1.241E-02 3.923E-04 3.480E-02 2.793E-04 4.790E-02 4.788E-02