       1.000E-03 1.170E+01 4.046E-03 4.021E+03 0.000E+00 0.000E+00 4.033E+03 4.021E+03
       1.500E-03 1.121E+01 7.137E-03 1.790E+03 0.000E+00 0.000E+00 1.801E+03 1.790E+03
       2.000E-03 1.067E+01 1.010E-02 2.207E+03 0.000E+00 0.000E+00 2.218E+03 2.207E+03
       3.000E-03 9.571E+00 1.576E-02 1.929E+03 0.000E+00 0.000E+00 1.938E+03 1.929E+03
       4.000E-03 8.549E+00 2.116E-02 1.014E+03 0.000E+00 0.000E+00 1.023E+03 1.014E+03
       5.000E-03 7.640E+00 2.629E-02 5.857E+02 0.000E+00 0.000E+00 5.934E+02 5.858E+02
       6.000E-03 6.845E+00 3.114E-02 3.708E+02 0.000E+00 0.000E+00 3.776E+02 3.708E+02
       7.000E-03 6.156E+00 3.567E-02 2.502E+02 0.000E+00 0.000E+00 2.564E+02 2.503E+02
       8.000E-03 5.557E+00 3.983E-02 1.780E+02 0.000E+00 0.000E+00 1.836E+02 1.780E+02
       9.000E-03 5.035E+00 4.362E-02 1.312E+02 0.000E+00 0.000E+00 1.363E+02 1.312E+02
       1.000E-02 4.578E+00 4.708E-02 9.986E+01 0.000E+00 0.000E+00 1.045E+02 9.991E+01
       1.500E-02 2.985E+00 6.095E-02 1.448E+02 0.000E+00 0.000E+00 1.478E+02 1.448E+02
       2.000E-02 2.104E+00 7.121E-02 6.820E+01 0.000E+00 0.000E+00 7.038E+01 6.827E+01
       2.500E-02 1.584E+00 7.904E-02 3.759E+01 0.000E+00 0.000E+00 3.925E+01 3.767E+01
       3.000E-02 1.244E+00 8.504E-02 2.310E+01 0.000E+00 0.000E+00 2.443E+01 2.319E+01
       3.500E-02 1.002E+00 8.955E-02 1.520E+01 0.000E+00 0.000E+00 1.629E+01 1.529E+01
       4.000E-02 8.229E-01 9.293E-02 1.058E+01 0.000E+00 0.000E+00 1.149E+01 1.067E+01
       4.500E-02 6.872E-01 9.545E-02 7.657E+00 0.000E+00 0.000E+00 8.439E+00 7.752E+00
       5.000E-02 5.826E-01 9.733E-02 5.734E+00 0.000E+00 0.000E+00 6.414E+00 5.831E+00
       5.500E-02 5.008E-01 9.872E-02 4.408E+00 0.000E+00 0.000E+00 5.007E+00 4.507E+00
       6.000E-02 4.360E-01 9.974E-02 3.467E+00 0.000E+00 0.000E+00 4.003E+00 3.567E+00
       6.500E-02 3.838E-01 1.005E-01 2.776E+00 0.000E+00 0.000E+00 3.260E+00 2.877E+00
       7.000E-02 3.408E-01 1.009E-01 2.260E+00 0.000E+00 0.000E+00 2.702E+00 2.361E+00
       7.500E-02 3.048E-01 1.012E-01 9.367E+00 0.000E+00 0.000E+00 9.773E+00 9.468E+00
       8.000E-02 2.741E-01 1.014E-01 7.912E+00 0.000E+00 0.000E+00 8.288E+00 8.014E+00
       8.500E-02 2.479E-01 1.014E-01 6.753E+00 0.000E+00 0.000E+00 7.102E+00 6.854E+00
       9.000E-02 2.254E-01 1.014E-01 5.814E+00 0.000E+00 0.000E+00 6.141E+00 5.915E+00
       9.500E-02 2.058E-01 1.012E-01 5.045E+00 0.000E+00 0.000E+00 5.352E+00 5.146E+00
       1.000E-01 1.886E-01 1.009E-01 4.407E+00 0.000E+00 0.000E+00 4.697E+00 4.508E+00
       1.130E-01 1.527E-01 1.000E-01 3.187E+00 0.000E+00 0.000E+00 3.440E+00 3.287E+00
       1.250E-01 1.279E-01 9.899E-02 2.434E+00 0.000E+00 0.000E+00 2.660E+00 2.533E+00
       1.500E-01 9.242E-02 9.644E-02 1.491E+00 0.000E+00 0.000E+00 1.680E+00 1.587E+00
       1.750E-01 7.008E-02 9.371E-02 9.839E-01 0.000E+00 0.000E+00 1.148E+00 1.078E+00
       2.000E-01 5.506E-02 9.100E-02 6.868E-01 0.000E+00 0.000E+00 8.328E-01 7.777E-01
       2.250E-01 4.445E-02 8.839E-02 5.007E-01 0.000E+00 0.000E+00 6.335E-01 5.891E-01
       2.500E-01 3.667E-02 8.593E-02 3.780E-01 0.000E+00 0.000E+00 5.006E-01 4.639E-01
       2.750E-01 3.077E-02 8.361E-02 2.937E-01 0.000E+00 0.000E+00 4.081E-01 3.773E-01
       3.000E-01 2.619E-02 8.143E-02 2.337E-01 0.000E+00 0.000E+00 3.414E-01 3.152E-01
       3.500E-01 1.963E-02 7.749E-02 1.569E-01 0.000E+00 0.000E+00 2.540E-01 2.344E-01
       4.000E-01 1.525E-02 7.399E-02 1.119E-01 0.000E+00 0.000E+00 2.011E-01 1.859E-01
       4.500E-01 1.219E-02 7.088E-02 8.353E-02 0.000E+00 0.000E+00 1.666E-01 1.544E-01
       5.000E-01 9.961E-03 6.811E-02 6.469E-02 0.000E+00 0.000E+00 1.428E-01 1.328E-01
       5.500E-01 8.292E-03 6.562E-02 5.159E-02 0.000E+00 0.000E+00 1.255E-01 1.172E-01
       6.000E-01 7.010E-03 6.336E-02 4.214E-02 0.000E+00 0.000E+00 1.125E-01 1.055E-01
       6.500E-01 6.005E-03 6.128E-02 3.512E-02 0.000E+00 0.000E+00 1.024E-01 9.640E-02
       7.000E-01 5.201E-03 5.937E-02 2.976E-02 0.000E+00 0.000E+00 9.432E-02 8.912E-02
       7.500E-01 4.549E-03 5.760E-02 2.557E-02 0.000E+00 0.000E+00 8.773E-02 8.318E-02
       8.000E-01 4.012E-03 5.598E-02 2.225E-02 0.000E+00 0.000E+00 8.224E-02 7.822E-02
       8.500E-01 3.564E-03 5.447E-02 1.956E-02 0.000E+00 0.000E+00 7.759E-02 7.403E-02
       9.000E-01 3.187E-03 5.307E-02 1.735E-02 0.000E+00 0.000E+00 7.360E-02 7.042E-02
       9.500E-01 2.867E-03 5.174E-02 1.552E-02 0.000E+00 0.000E+00 7.013E-02 6.726E-02
       1.000E+00 2.592E-03 5.047E-02 1.399E-02 0.000E+00 0.000E+00 6.705E-02 6.446E-02
       1.130E+00 2.038E-03 4.753E-02 1.097E-02 5.219E-05 0.000E+00 6.059E-02 5.856E-02
       1.250E+00 1.671E-03 4.521E-02 9.030E-03 3.353E-04 0.000E+00 5.625E-02 5.458E-02
       1.500E+00 1.165E-03 4.116E-02 6.437E-03 1.576E-03 0.000E+00 5.034E-02 4.917E-02
       1.750E+00 8.587E-04 3.791E-02 4.894E-03 3.186E-03 0.000E+00 4.685E-02 4.599E-02
       2.000E+00 6.589E-04 3.518E-02 3.894E-03 4.854E-03 0.000E+00 4.458E-02 4.392E-02
       2.250E+00 5.214E-04 3.284E-02 3.206E-03 6.499E-03 2.020E-07 4.307E-02 4.255E-02
       2.500E+00 4.228E-04 3.089E-02 2.707E-03 8.063E-03 1.677E-06 4.208E-02 4.166E-02
       2.750E+00 3.496E-04 2.920E-02 2.332E-03 9.543E-03 4.879E-06 4.143E-02 4.108E-02
       3.000E+00 2.940E-04 2.771E-02 2.042E-03 1.095E-02 9.682E-06 4.100E-02 4.071E-02
       3.500E+00 2.162E-04 2.518E-02 1.623E-03 1.358E-02 2.292E-05 4.062E-02 4.040E-02
       4.000E+00 1.656E-04 2.312E-02 1.339E-03 1.598E-02 3.945E-05 4.065E-02 4.048E-02
       4.500E+00 1.309E-04 2.142E-02 1.136E-03 1.817E-02 5.827E-05 4.092E-02 4.079E-02
       5.000E+00 1.060E-04 1.998E-02 9.831E-04 2.019E-02 7.849E-05 4.134E-02 4.123E-02
       5.500E+00 8.766E-05 1.874E-02 8.651E-04 2.207E-02 9.933E-05 4.186E-02 4.177E-02
       6.000E+00 7.368E-05 1.766E-02 7.713E-04 2.382E-02 1.203E-04 4.244E-02 4.237E-02
       6.500E+00 6.279E-05 1.671E-02 6.952E-04 2.546E-02 1.413E-04 4.307E-02 4.301E-02
       7.000E+00 5.414E-05 1.587E-02 6.323E-04 2.701E-02 1.620E-04 4.373E-02 4.368E-02
       7.500E+00 4.716E-05 1.512E-02 5.794E-04 2.848E-02 1.823E-04 4.441E-02 4.437E-02
       8.000E+00 4.145E-05 1.445E-02 5.345E-04 2.988E-02 2.022E-04 4.511E-02 4.507E-02
       8.500E+00 3.673E-05 1.384E-02 4.958E-04 3.121E-02 2.217E-04 4.580E-02 4.577E-02
       9.000E+00 3.277E-05 1.328E-02 4.623E-04 3.249E-02 2.406E-04 4.650E-02 4.647E-02
       9.500E+00 2.941E-05 1.277E-02 4.328E-04 3.371E-02 2.591E-04 4.721E-02 4.718E-02
       1.000E+01 2.654E-05 1.231E-02 4.069E-04 3.489E-02 2.770E-04 4.791E-02 4.788E-02