       1.000E-03 1.189E+01 3.932E-03 4.229E+03 0.000E+00 0.000E+00 4.241E+03 4.229E+03
       1.500E-03 1.141E+01 6.999E-03 1.887E+03 0.000E+00 0.000E+00 1.898E+03 1.887E+03
       2.000E-03 1.087E+01 9.966E-03 1.021E+03 0.000E+00 0.000E+00 1.032E+03 1.021E+03
       3.000E-03 9.743E+00 1.563E-02 2.002E+03 0.000E+00 0.000E+00 2.011E+03 2.002E+03
       4.000E-03 8.697E+00 2.103E-02 1.054E+03 0.000E+00 0.000E+00 1.063E+03 1.054E+03
       5.000E-03 7.770E+00 2.613E-02 6.100E+02 0.000E+00 0.000E+00 6.178E+02 6.100E+02
       6.000E-03 6.961E+00 3.098E-02 3.866E+02 0.000E+00 0.000E+00 3.936E+02 3.866E+02
       7.000E-03 6.264E+00 3.552E-02 2.610E+02 0.000E+00 0.000E+00 2.673E+02 2.610E+02
       8.000E-03 5.658E+00 3.969E-02 1.857E+02 0.000E+00 0.000E+00 1.914E+02 1.858E+02
       9.000E-03 5.129E+00 4.349E-02 1.370E+02 0.000E+00 0.000E+00 1.421E+02 1.370E+02
       1.000E-02 4.668E+00 4.699E-02 1.043E+02 0.000E+00 0.000E+00 1.090E+02 1.043E+02
       1.500E-02 3.053E+00 6.087E-02 1.499E+02 0.000E+00 0.000E+00 1.530E+02 1.500E+02
       2.000E-02 2.151E+00 7.109E-02 7.096E+01 0.000E+00 0.000E+00 7.318E+01 7.103E+01
       2.500E-02 1.620E+00 7.892E-02 3.917E+01 0.000E+00 0.000E+00 4.087E+01 3.925E+01
       3.000E-02 1.271E+00 8.490E-02 2.410E+01 0.000E+00 0.000E+00 2.546E+01 2.419E+01
       3.500E-02 1.025E+00 8.943E-02 1.587E+01 0.000E+00 0.000E+00 1.699E+01 1.596E+01
       4.000E-02 8.428E-01 9.283E-02 1.105E+01 0.000E+00 0.000E+00 1.199E+01 1.115E+01
       4.500E-02 7.039E-01 9.537E-02 8.006E+00 0.000E+00 0.000E+00 8.805E+00 8.101E+00
       5.000E-02 5.968E-01 9.728E-02 6.000E+00 0.000E+00 0.000E+00 6.694E+00 6.097E+00
       5.500E-02 5.132E-01 9.871E-02 4.612E+00 0.000E+00 0.000E+00 5.224E+00 4.711E+00
       6.000E-02 4.468E-01 9.975E-02 3.628E+00 0.000E+00 0.000E+00 4.174E+00 3.728E+00
       6.500E-02 3.932E-01 1.005E-01 2.907E+00 0.000E+00 0.000E+00 3.400E+00 3.007E+00
       7.000E-02 3.491E-01 1.010E-01 2.368E+00 0.000E+00 0.000E+00 2.818E+00 2.469E+00
       7.500E-02 3.122E-01 1.013E-01 1.956E+00 0.000E+00 0.000E+00 2.369E+00 2.057E+00
       8.000E-02 2.809E-01 1.014E-01 8.202E+00 0.000E+00 0.000E+00 8.584E+00 8.303E+00
       8.500E-02 2.541E-01 1.015E-01 7.007E+00 0.000E+00 0.000E+00 7.363E+00 7.109E+00
       9.000E-02 2.310E-01 1.014E-01 6.031E+00 0.000E+00 0.000E+00 6.363E+00 6.132E+00
       9.500E-02 2.109E-01 1.012E-01 5.227E+00 0.000E+00 0.000E+00 5.539E+00 5.328E+00
       1.000E-01 1.934E-01 1.010E-01 4.562E+00 0.000E+00 0.000E+00 4.856E+00 4.663E+00
       1.130E-01 1.566E-01 1.001E-01 3.297E+00 0.000E+00 0.000E+00 3.554E+00 3.397E+00
       1.250E-01 1.312E-01 9.908E-02 2.521E+00 0.000E+00 0.000E+00 2.751E+00 2.620E+00
       1.500E-01 9.483E-02 9.656E-02 1.549E+00 0.000E+00 0.000E+00 1.740E+00 1.645E+00
       1.750E-01 7.192E-02 9.386E-02 1.024E+00 0.000E+00 0.000E+00 1.189E+00 1.118E+00
       2.000E-01 5.652E-02 9.117E-02 7.149E-01 0.000E+00 0.000E+00 8.626E-01 8.061E-01
       2.250E-01 4.564E-02 8.857E-02 5.216E-01 0.000E+00 0.000E+00 6.558E-01 6.102E-01
       2.500E-01 3.765E-02 8.610E-02 3.941E-01 0.000E+00 0.000E+00 5.179E-01 4.802E-01
       2.750E-01 3.160E-02 8.377E-02 3.065E-01 0.000E+00 0.000E+00 4.218E-01 3.902E-01
       3.000E-01 2.690E-02 8.158E-02 2.441E-01 0.000E+00 0.000E+00 3.525E-01 3.256E-01
       3.500E-01 2.017E-02 7.762E-02 1.639E-01 0.000E+00 0.000E+00 2.617E-01 2.416E-01
       4.000E-01 1.567E-02 7.413E-02 1.170E-01 0.000E+00 0.000E+00 2.068E-01 1.911E-01
       4.500E-01 1.253E-02 7.103E-02 8.744E-02 0.000E+00 0.000E+00 1.710E-01 1.585E-01
       5.000E-01 1.024E-02 6.827E-02 6.777E-02 0.000E+00 0.000E+00 1.463E-01 1.360E-01
       5.500E-01 8.527E-03 6.577E-02 5.407E-02 0.000E+00 0.000E+00 1.284E-01 1.198E-01
       6.000E-01 7.209E-03 6.350E-02 4.417E-02 0.000E+00 0.000E+00 1.149E-01 1.077E-01
       6.500E-01 6.175E-03 6.142E-02 3.682E-02 0.000E+00 0.000E+00 1.044E-01 9.824E-02
       7.000E-01 5.349E-03 5.951E-02 3.120E-02 0.000E+00 0.000E+00 9.606E-02 9.071E-02
       7.500E-01 4.678E-03 5.774E-02 2.682E-02 0.000E+00 0.000E+00 8.924E-02 8.456E-02
       8.000E-01 4.126E-03 5.611E-02 2.334E-02 0.000E+00 0.000E+00 8.357E-02 7.945E-02
       8.500E-01 3.666E-03 5.460E-02 2.052E-02 0.000E+00 0.000E+00 7.879E-02 7.512E-02
       9.000E-01 3.278E-03 5.318E-02 1.821E-02 0.000E+00 0.000E+00 7.468E-02 7.140E-02
       9.500E-01 2.949E-03 5.185E-02 1.629E-02 0.000E+00 0.000E+00 7.110E-02 6.815E-02
       1.000E+00 2.667E-03 5.060E-02 1.468E-02 0.000E+00 0.000E+00 6.794E-02 6.528E-02
       1.130E+00 2.098E-03 4.767E-02 1.151E-02 5.342E-05 0.000E+00 6.133E-02 5.923E-02
       1.250E+00 1.720E-03 4.533E-02 9.477E-03 3.440E-04 0.000E+00 5.687E-02 5.515E-02
       1.500E+00 1.200E-03 4.126E-02 6.755E-03 1.620E-03 0.000E+00 5.084E-02 4.964E-02
       1.750E+00 8.844E-04 3.800E-02 5.139E-03 3.273E-03 0.000E+00 4.730E-02 4.642E-02
       2.000E+00 6.783E-04 3.528E-02 4.088E-03 4.972E-03 0.000E+00 4.502E-02 4.434E-02
       2.250E+00 5.364E-04 3.296E-02 3.362E-03 6.636E-03 2.023E-07 4.349E-02 4.295E-02
       2.500E+00 4.349E-04 3.099E-02 2.839E-03 8.222E-03 1.680E-06 4.248E-02 4.205E-02
       2.750E+00 3.599E-04 2.928E-02 2.446E-03 9.727E-03 4.890E-06 4.182E-02 4.146E-02
       3.000E+00 3.026E-04 2.778E-02 2.141E-03 1.116E-02 9.706E-06 4.139E-02 4.108E-02
       3.500E+00 2.226E-04 2.524E-02 1.702E-03 1.382E-02 2.298E-05 4.101E-02 4.078E-02
       4.000E+00 1.705E-04 2.318E-02 1.404E-03 1.624E-02 3.957E-05 4.104E-02 4.087E-02
       4.500E+00 1.348E-04 2.147E-02 1.190E-03 1.846E-02 5.843E-05 4.131E-02 4.118E-02
       5.000E+00 1.092E-04 2.003E-02 1.030E-03 2.050E-02 7.870E-05 4.174E-02 4.163E-02
       5.500E+00 9.025E-05 1.878E-02 9.066E-04 2.239E-02 9.959E-05 4.227E-02 4.218E-02
       6.000E+00 7.585E-05 1.770E-02 8.083E-04 2.416E-02 1.206E-04 4.286E-02 4.279E-02
       6.500E+00 6.463E-05 1.675E-02 7.285E-04 2.582E-02 1.416E-04 4.351E-02 4.344E-02
       7.000E+00 5.573E-05 1.591E-02 6.626E-04 2.739E-02 1.623E-04 4.418E-02 4.412E-02
       7.500E+00 4.857E-05 1.516E-02 6.073E-04 2.887E-02 1.827E-04 4.487E-02 4.482E-02
       8.000E+00 4.270E-05 1.448E-02 5.602E-04 3.029E-02 2.027E-04 4.558E-02 4.554E-02
       8.500E+00 3.783E-05 1.387E-02 5.196E-04 3.164E-02 2.222E-04 4.629E-02 4.625E-02
       9.000E+00 3.374E-05 1.331E-02 4.844E-04 3.293E-02 2.412E-04 4.700E-02 4.697E-02
       9.500E+00 3.028E-05 1.281E-02 4.534E-04 3.418E-02 2.597E-04 4.773E-02 4.769E-02
       1.000E+01 2.733E-05 1.234E-02 4.261E-04 3.537E-02 2.777E-04 4.844E-02 4.841E-02