       1.000E-03 1.206E+01 3.368E-03 4.421E+03 0.000E+00 0.000E+00 4.433E+03 4.421E+03
       1.500E-03 1.160E+01 6.211E-03 1.975E+03 0.000E+00 0.000E+00 1.986E+03 1.975E+03
       2.000E-03 1.106E+01 9.128E-03 1.069E+03 0.000E+00 0.000E+00 1.080E+03 1.069E+03
       3.000E-03 9.922E+00 1.481E-02 1.955E+03 0.000E+00 0.000E+00 1.965E+03 1.955E+03
       4.000E-03 8.841E+00 2.017E-02 1.091E+03 0.000E+00 0.000E+00 1.100E+03 1.091E+03
       5.000E-03 7.887E+00 2.530E-02 6.322E+02 0.000E+00 0.000E+00 6.401E+02 6.322E+02
       6.000E-03 7.060E+00 3.019E-02 4.010E+02 0.000E+00 0.000E+00 4.081E+02 4.010E+02
       7.000E-03 6.351E+00 3.480E-02 2.710E+02 0.000E+00 0.000E+00 2.773E+02 2.710E+02
       8.000E-03 5.739E+00 3.905E-02 1.929E+02 0.000E+00 0.000E+00 1.987E+02 1.930E+02
       9.000E-03 5.206E+00 4.293E-02 1.423E+02 0.000E+00 0.000E+00 1.476E+02 1.424E+02
       1.000E-02 4.742E+00 4.649E-02 1.084E+02 0.000E+00 0.000E+00 1.132E+02 1.085E+02
       1.500E-02 3.109E+00 6.044E-02 1.546E+02 0.000E+00 0.000E+00 1.578E+02 1.547E+02
       2.000E-02 2.191E+00 7.060E-02 7.347E+01 0.000E+00 0.000E+00 7.573E+01 7.354E+01
       2.500E-02 1.649E+00 7.838E-02 4.063E+01 0.000E+00 0.000E+00 4.235E+01 4.070E+01
       3.000E-02 1.294E+00 8.437E-02 2.504E+01 0.000E+00 0.000E+00 2.641E+01 2.512E+01
       3.500E-02 1.044E+00 8.891E-02 1.650E+01 0.000E+00 0.000E+00 1.763E+01 1.659E+01
       4.000E-02 8.591E-01 9.233E-02 1.150E+01 0.000E+00 0.000E+00 1.245E+01 1.159E+01
       4.500E-02 7.181E-01 9.490E-02 8.333E+00 0.000E+00 0.000E+00 9.146E+00 8.427E+00
       5.000E-02 6.091E-01 9.681E-02 6.248E+00 0.000E+00 0.000E+00 6.954E+00 6.345E+00
       5.500E-02 5.236E-01 9.823E-02 4.808E+00 0.000E+00 0.000E+00 5.429E+00 4.906E+00
       6.000E-02 4.556E-01 9.928E-02 3.785E+00 0.000E+00 0.000E+00 4.340E+00 3.884E+00
       6.500E-02 4.009E-01 1.000E-01 3.033E+00 0.000E+00 0.000E+00 3.534E+00 3.133E+00
       7.000E-02 3.560E-01 1.006E-01 2.471E+00 0.000E+00 0.000E+00 2.927E+00 2.571E+00
       7.500E-02 3.184E-01 1.009E-01 2.042E+00 0.000E+00 0.000E+00 2.461E+00 2.142E+00
       8.000E-02 2.865E-01 1.010E-01 8.344E+00 0.000E+00 0.000E+00 8.732E+00 8.445E+00
       8.500E-02 2.592E-01 1.011E-01 6.894E+00 0.000E+00 0.000E+00 7.254E+00 6.995E+00
       9.000E-02 2.357E-01 1.010E-01 5.953E+00 0.000E+00 0.000E+00 6.289E+00 6.054E+00
       9.500E-02 2.153E-01 1.009E-01 5.263E+00 0.000E+00 0.000E+00 5.580E+00 5.364E+00
       1.000E-01 1.974E-01 1.006E-01 4.695E+00 0.000E+00 0.000E+00 4.993E+00 4.796E+00
       1.130E-01 1.599E-01 9.980E-02 3.482E+00 0.000E+00 0.000E+00 3.742E+00 3.582E+00
       1.250E-01 1.340E-01 9.878E-02 2.657E+00 0.000E+00 0.000E+00 2.890E+00 2.756E+00
       1.500E-01 9.690E-02 9.628E-02 1.602E+00 0.000E+00 0.000E+00 1.795E+00 1.698E+00
       1.750E-01 7.349E-02 9.360E-02 1.056E+00 0.000E+00 0.000E+00 1.223E+00 1.149E+00
       2.000E-01 5.776E-02 9.091E-02 7.409E-01 0.000E+00 0.000E+00 8.896E-01 8.318E-01
       2.250E-01 4.665E-02 8.832E-02 5.418E-01 0.000E+00 0.000E+00 6.768E-01 6.302E-01
       2.500E-01 3.849E-02 8.586E-02 4.096E-01 0.000E+00 0.000E+00 5.340E-01 4.955E-01
       2.750E-01 3.231E-02 8.355E-02 3.184E-01 0.000E+00 0.000E+00 4.343E-01 4.020E-01
       3.000E-01 2.751E-02 8.137E-02 2.536E-01 0.000E+00 0.000E+00 3.624E-01 3.349E-01
       3.500E-01 2.063E-02 7.743E-02 1.705E-01 0.000E+00 0.000E+00 2.686E-01 2.479E-01
       4.000E-01 1.604E-02 7.396E-02 1.218E-01 0.000E+00 0.000E+00 2.118E-01 1.957E-01
       4.500E-01 1.282E-02 7.089E-02 9.106E-02 0.000E+00 0.000E+00 1.748E-01 1.619E-01
       5.000E-01 1.048E-02 6.813E-02 7.060E-02 0.000E+00 0.000E+00 1.492E-01 1.387E-01
       5.500E-01 8.728E-03 6.563E-02 5.637E-02 0.000E+00 0.000E+00 1.307E-01 1.220E-01
       6.000E-01 7.381E-03 6.335E-02 4.609E-02 0.000E+00 0.000E+00 1.168E-01 1.094E-01
       6.500E-01 6.324E-03 6.126E-02 3.843E-02 0.000E+00 0.000E+00 1.060E-01 9.969E-02
       7.000E-01 5.478E-03 5.935E-02 3.257E-02 0.000E+00 0.000E+00 9.740E-02 9.192E-02
       7.500E-01 4.792E-03 5.759E-02 2.800E-02 0.000E+00 0.000E+00 9.038E-02 8.559E-02
       8.000E-01 4.226E-03 5.597E-02 2.437E-02 0.000E+00 0.000E+00 8.456E-02 8.033E-02
       8.500E-01 3.755E-03 5.446E-02 2.143E-02 0.000E+00 0.000E+00 7.965E-02 7.589E-02
       9.000E-01 3.358E-03 5.306E-02 1.902E-02 0.000E+00 0.000E+00 7.544E-02 7.208E-02
       9.500E-01 3.021E-03 5.174E-02 1.702E-02 0.000E+00 0.000E+00 7.178E-02 6.876E-02
       1.000E+00 2.732E-03 5.050E-02 1.533E-02 0.000E+00 0.000E+00 6.857E-02 6.584E-02
       1.130E+00 2.149E-03 4.759E-02 1.203E-02 5.432E-05 0.000E+00 6.182E-02 5.968E-02
       1.250E+00 1.762E-03 4.526E-02 9.900E-03 3.510E-04 0.000E+00 5.727E-02 5.551E-02
       1.500E+00 1.229E-03 4.118E-02 7.054E-03 1.657E-03 0.000E+00 5.112E-02 4.989E-02
       1.750E+00 9.066E-04 3.791E-02 5.368E-03 3.337E-03 0.000E+00 4.752E-02 4.661E-02
       2.000E+00 6.952E-04 3.519E-02 4.269E-03 5.066E-03 0.000E+00 4.522E-02 4.453E-02
       2.250E+00 5.495E-04 3.290E-02 3.509E-03 6.769E-03 2.020E-07 4.372E-02 4.317E-02
       2.500E+00 4.456E-04 3.093E-02 2.963E-03 8.375E-03 1.677E-06 4.272E-02 4.227E-02
       2.750E+00 3.688E-04 2.923E-02 2.553E-03 9.886E-03 4.881E-06 4.204E-02 4.167E-02
       3.000E+00 3.102E-04 2.772E-02 2.235E-03 1.132E-02 9.687E-06 4.160E-02 4.129E-02
       3.500E+00 2.282E-04 2.519E-02 1.777E-03 1.399E-02 2.293E-05 4.121E-02 4.098E-02
       4.000E+00 1.748E-04 2.314E-02 1.465E-03 1.643E-02 3.948E-05 4.125E-02 4.107E-02
       4.500E+00 1.381E-04 2.143E-02 1.242E-03 1.866E-02 5.831E-05 4.153E-02 4.139E-02
       5.000E+00 1.119E-04 1.999E-02 1.075E-03 2.071E-02 7.853E-05 4.196E-02 4.185E-02
       5.500E+00 9.253E-05 1.875E-02 9.457E-04 2.262E-02 9.938E-05 4.250E-02 4.241E-02
       6.000E+00 7.776E-05 1.767E-02 8.431E-04 2.439E-02 1.204E-04 4.310E-02 4.303E-02
       6.500E+00 6.626E-05 1.672E-02 7.598E-04 2.606E-02 1.413E-04 4.375E-02 4.369E-02
       7.000E+00 5.714E-05 1.588E-02 6.909E-04 2.764E-02 1.620E-04 4.443E-02 4.437E-02
       7.500E+00 4.979E-05 1.513E-02 6.330E-04 2.913E-02 1.823E-04 4.513E-02 4.508E-02
       8.000E+00 4.377E-05 1.446E-02 5.838E-04 3.056E-02 2.022E-04 4.584E-02 4.580E-02
       8.500E+00 3.877E-05 1.385E-02 5.414E-04 3.192E-02 2.217E-04 4.656E-02 4.653E-02
       9.000E+00 3.457E-05 1.329E-02 5.047E-04 3.322E-02 2.407E-04 4.729E-02 4.725E-02
       9.500E+00 3.104E-05 1.278E-02 4.726E-04 3.446E-02 2.591E-04 4.800E-02 4.797E-02
       1.000E+01 2.801E-05 1.231E-02 4.442E-04 3.565E-02 2.771E-04 4.872E-02 4.869E-02