       1.000E-03 1.227E+01 3.268E-03 4.641E+03 0.000E+00 0.000E+00 4.653E+03 4.641E+03
       1.500E-03 1.181E+01 6.066E-03 2.077E+03 0.000E+00 0.000E+00 2.089E+03 2.077E+03
       2.000E-03 1.127E+01 8.955E-03 1.125E+03 0.000E+00 0.000E+00 1.137E+03 1.125E+03
       3.000E-03 1.011E+01 1.459E-02 2.039E+03 0.000E+00 0.000E+00 2.049E+03 2.039E+03
       4.000E-03 9.007E+00 1.991E-02 1.135E+03 0.000E+00 0.000E+00 1.144E+03 1.135E+03
       5.000E-03 8.032E+00 2.499E-02 6.580E+02 0.000E+00 0.000E+00 6.660E+02 6.580E+02
       6.000E-03 7.188E+00 2.987E-02 4.180E+02 0.000E+00 0.000E+00 4.252E+02 4.180E+02
       7.000E-03 6.466E+00 3.449E-02 2.826E+02 0.000E+00 0.000E+00 2.891E+02 2.826E+02
       8.000E-03 5.846E+00 3.877E-02 2.013E+02 0.000E+00 0.000E+00 2.072E+02 2.013E+02
       9.000E-03 5.308E+00 4.269E-02 1.486E+02 0.000E+00 0.000E+00 1.539E+02 1.486E+02
       1.000E-02 4.837E+00 4.629E-02 1.132E+02 0.000E+00 0.000E+00 1.181E+02 1.133E+02
       1.500E-02 3.180E+00 6.035E-02 1.605E+02 0.000E+00 0.000E+00 1.637E+02 1.605E+02
       2.000E-02 2.242E+00 7.054E-02 7.650E+01 0.000E+00 0.000E+00 7.881E+01 7.657E+01
       2.500E-02 1.685E+00 7.830E-02 4.234E+01 0.000E+00 0.000E+00 4.410E+01 4.242E+01
       3.000E-02 1.323E+00 8.426E-02 2.611E+01 0.000E+00 0.000E+00 2.752E+01 2.620E+01
       3.500E-02 1.068E+00 8.882E-02 1.722E+01 0.000E+00 0.000E+00 1.838E+01 1.731E+01
       4.000E-02 8.799E-01 9.227E-02 1.201E+01 0.000E+00 0.000E+00 1.298E+01 1.210E+01
       4.500E-02 7.357E-01 9.487E-02 8.712E+00 0.000E+00 0.000E+00 9.542E+00 8.806E+00
       5.000E-02 6.240E-01 9.683E-02 6.537E+00 0.000E+00 0.000E+00 7.258E+00 6.634E+00
       5.500E-02 5.366E-01 9.830E-02 5.032E+00 0.000E+00 0.000E+00 5.667E+00 5.130E+00
       6.000E-02 4.672E-01 9.937E-02 3.962E+00 0.000E+00 0.000E+00 4.529E+00 4.062E+00
       6.500E-02 4.111E-01 1.001E-01 3.177E+00 0.000E+00 0.000E+00 3.688E+00 3.277E+00
       7.000E-02 3.649E-01 1.006E-01 2.589E+00 0.000E+00 0.000E+00 3.054E+00 2.689E+00
       7.500E-02 3.263E-01 1.009E-01 2.140E+00 0.000E+00 0.000E+00 2.567E+00 2.241E+00
       8.000E-02 2.935E-01 1.011E-01 1.790E+00 0.000E+00 0.000E+00 2.185E+00 1.892E+00
       8.500E-02 2.656E-01 1.013E-01 7.435E+00 0.000E+00 0.000E+00 7.802E+00 7.537E+00
       9.000E-02 2.415E-01 1.012E-01 6.401E+00 0.000E+00 0.000E+00 6.744E+00 6.502E+00
       9.500E-02 2.207E-01 1.010E-01 5.555E+00 0.000E+00 0.000E+00 5.877E+00 5.656E+00
       1.000E-01 2.024E-01 1.008E-01 4.855E+00 0.000E+00 0.000E+00 5.158E+00 4.956E+00
       1.130E-01 1.641E-01 9.990E-02 3.521E+00 0.000E+00 0.000E+00 3.785E+00 3.621E+00
       1.250E-01 1.375E-01 9.890E-02 2.698E+00 0.000E+00 0.000E+00 2.935E+00 2.797E+00
       1.500E-01 9.946E-02 9.646E-02 1.664E+00 0.000E+00 0.000E+00 1.859E+00 1.760E+00
       1.750E-01 7.545E-02 9.380E-02 1.102E+00 0.000E+00 0.000E+00 1.271E+00 1.196E+00
       2.000E-01 5.931E-02 9.111E-02 7.711E-01 0.000E+00 0.000E+00 9.215E-01 8.622E-01
       2.250E-01 4.791E-02 8.852E-02 5.634E-01 0.000E+00 0.000E+00 6.999E-01 6.520E-01
       2.500E-01 3.953E-02 8.606E-02 4.263E-01 0.000E+00 0.000E+00 5.519E-01 5.124E-01
       2.750E-01 3.318E-02 8.374E-02 3.319E-01 0.000E+00 0.000E+00 4.488E-01 4.156E-01
       3.000E-01 2.825E-02 8.157E-02 2.646E-01 0.000E+00 0.000E+00 3.744E-01 3.462E-01
       3.500E-01 2.120E-02 7.764E-02 1.781E-01 0.000E+00 0.000E+00 2.770E-01 2.558E-01
       4.000E-01 1.648E-02 7.417E-02 1.273E-01 0.000E+00 0.000E+00 2.180E-01 2.015E-01
       4.500E-01 1.318E-02 7.108E-02 9.526E-02 0.000E+00 0.000E+00 1.795E-01 1.663E-01
       5.000E-01 1.078E-02 6.830E-02 7.390E-02 0.000E+00 0.000E+00 1.530E-01 1.422E-01
       5.500E-01 8.976E-03 6.580E-02 5.903E-02 0.000E+00 0.000E+00 1.338E-01 1.248E-01
       6.000E-01 7.592E-03 6.353E-02 4.828E-02 0.000E+00 0.000E+00 1.194E-01 1.118E-01
       6.500E-01 6.505E-03 6.145E-02 4.026E-02 0.000E+00 0.000E+00 1.082E-01 1.017E-01
       7.000E-01 5.635E-03 5.954E-02 3.414E-02 0.000E+00 0.000E+00 9.931E-02 9.368E-02
       7.500E-01 4.929E-03 5.777E-02 2.936E-02 0.000E+00 0.000E+00 9.206E-02 8.713E-02
       8.000E-01 4.348E-03 5.613E-02 2.555E-02 0.000E+00 0.000E+00 8.603E-02 8.169E-02
       8.500E-01 3.863E-03 5.461E-02 2.248E-02 0.000E+00 0.000E+00 8.095E-02 7.709E-02
       9.000E-01 3.455E-03 5.319E-02 1.995E-02 0.000E+00 0.000E+00 7.660E-02 7.315E-02
       9.500E-01 3.108E-03 5.187E-02 1.785E-02 0.000E+00 0.000E+00 7.283E-02 6.972E-02
       1.000E+00 2.811E-03 5.063E-02 1.609E-02 0.000E+00 0.000E+00 6.953E-02 6.672E-02
       1.130E+00 2.212E-03 4.773E-02 1.261E-02 5.543E-05 0.000E+00 6.261E-02 6.040E-02
       1.250E+00 1.814E-03 4.537E-02 1.038E-02 3.596E-04 0.000E+00 5.793E-02 5.612E-02
       1.500E+00 1.265E-03 4.131E-02 7.399E-03 1.703E-03 0.000E+00 5.167E-02 5.041E-02
       1.750E+00 9.327E-04 3.809E-02 5.622E-03 3.431E-03 0.000E+00 4.807E-02 4.714E-02
       2.000E+00 7.157E-04 3.531E-02 4.476E-03 5.192E-03 0.000E+00 4.570E-02 4.498E-02
       2.250E+00 5.665E-04 3.293E-02 3.687E-03 6.913E-03 2.027E-07 4.409E-02 4.353E-02
       2.500E+00 4.594E-04 3.097E-02 3.112E-03 8.542E-03 1.683E-06 4.308E-02 4.262E-02
       2.750E+00 3.800E-04 2.929E-02 2.679E-03 1.008E-02 4.896E-06 4.243E-02 4.205E-02
       3.000E+00 3.195E-04 2.781E-02 2.343E-03 1.153E-02 9.717E-06 4.202E-02 4.170E-02
       3.500E+00 2.349E-04 2.528E-02 1.862E-03 1.424E-02 2.300E-05 4.164E-02 4.140E-02
       4.000E+00 1.800E-04 2.321E-02 1.535E-03 1.670E-02 3.959E-05 4.166E-02 4.148E-02
       4.500E+00 1.423E-04 2.150E-02 1.301E-03 1.895E-02 5.847E-05 4.195E-02 4.181E-02
       5.000E+00 1.153E-04 2.005E-02 1.126E-03 2.102E-02 7.876E-05 4.239E-02 4.228E-02
       5.500E+00 9.531E-05 1.881E-02 9.906E-04 2.295E-02 9.966E-05 4.294E-02 4.284E-02
       6.000E+00 8.010E-05 1.772E-02 8.830E-04 2.475E-02 1.207E-04 4.355E-02 4.347E-02
       6.500E+00 6.826E-05 1.677E-02 7.956E-04 2.644E-02 1.417E-04 4.422E-02 4.415E-02
       7.000E+00 5.886E-05 1.593E-02 7.234E-04 2.803E-02 1.625E-04 4.490E-02 4.485E-02
       7.500E+00 5.127E-05 1.518E-02 6.629E-04 2.954E-02 1.829E-04 4.561E-02 4.556E-02
       8.000E+00 4.507E-05 1.450E-02 6.115E-04 3.097E-02 2.028E-04 4.633E-02 4.629E-02
       8.500E+00 3.993E-05 1.389E-02 5.672E-04 3.234E-02 2.223E-04 4.706E-02 4.702E-02
       9.000E+00 3.562E-05 1.333E-02 5.286E-04 3.366E-02 2.414E-04 4.780E-02 4.776E-02
       9.500E+00 3.197E-05 1.282E-02 4.948E-04 3.493E-02 2.599E-04 4.854E-02 4.850E-02
       1.000E+01 2.885E-05 1.235E-02 4.650E-04 3.614E-02 2.779E-04 4.926E-02 4.923E-02