       1.000E-03 1.234E+01 3.564E-03 4.819E+03 0.000E+00 0.000E+00 4.831E+03 4.819E+03
       1.500E-03 1.187E+01 6.464E-03 2.162E+03 0.000E+00 0.000E+00 2.174E+03 2.162E+03
       2.000E-03 1.132E+01 9.322E-03 1.172E+03 0.000E+00 0.000E+00 1.184E+03 1.172E+03
       3.000E-03 1.017E+01 1.480E-02 2.107E+03 0.000E+00 0.000E+00 2.117E+03 2.107E+03
       4.000E-03 9.064E+00 2.001E-02 1.170E+03 0.000E+00 0.000E+00 1.179E+03 1.170E+03
       5.000E-03 8.088E+00 2.497E-02 6.788E+02 0.000E+00 0.000E+00 6.869E+02 6.788E+02
       6.000E-03 7.241E+00 2.971E-02 4.314E+02 0.000E+00 0.000E+00 4.387E+02 4.314E+02
       7.000E-03 6.516E+00 3.424E-02 2.919E+02 0.000E+00 0.000E+00 2.985E+02 2.919E+02
       8.000E-03 5.893E+00 3.846E-02 2.081E+02 0.000E+00 0.000E+00 2.140E+02 2.082E+02
       9.000E-03 5.354E+00 4.233E-02 1.537E+02 0.000E+00 0.000E+00 1.591E+02 1.537E+02
       1.000E-02 4.882E+00 4.590E-02 1.172E+02 0.000E+00 0.000E+00 1.221E+02 1.172E+02
       1.500E-02 3.221E+00 5.986E-02 1.648E+02 0.000E+00 0.000E+00 1.681E+02 1.649E+02
       2.000E-02 2.271E+00 6.989E-02 7.890E+01 0.000E+00 0.000E+00 8.124E+01 7.897E+01
       2.500E-02 1.706E+00 7.761E-02 4.372E+01 0.000E+00 0.000E+00 4.550E+01 4.380E+01
       3.000E-02 1.340E+00 8.349E-02 2.699E+01 0.000E+00 0.000E+00 2.841E+01 2.707E+01
       3.500E-02 1.083E+00 8.800E-02 1.782E+01 0.000E+00 0.000E+00 1.899E+01 1.791E+01
       4.000E-02 8.926E-01 9.145E-02 1.244E+01 0.000E+00 0.000E+00 1.342E+01 1.253E+01
       4.500E-02 7.467E-01 9.405E-02 9.023E+00 0.000E+00 0.000E+00 9.864E+00 9.117E+00
       5.000E-02 6.335E-01 9.601E-02 6.773E+00 0.000E+00 0.000E+00 7.502E+00 6.869E+00
       5.500E-02 5.447E-01 9.748E-02 5.216E+00 0.000E+00 0.000E+00 5.859E+00 5.314E+00
       6.000E-02 4.740E-01 9.856E-02 4.110E+00 0.000E+00 0.000E+00 4.683E+00 4.209E+00
       6.500E-02 4.171E-01 9.932E-02 3.297E+00 0.000E+00 0.000E+00 3.813E+00 3.396E+00
       7.000E-02 3.703E-01 9.984E-02 2.688E+00 0.000E+00 0.000E+00 3.158E+00 2.788E+00
       7.500E-02 3.311E-01 1.002E-01 2.223E+00 0.000E+00 0.000E+00 2.654E+00 2.323E+00
       8.000E-02 2.980E-01 1.004E-01 1.860E+00 0.000E+00 0.000E+00 2.259E+00 1.961E+00
       8.500E-02 2.697E-01 1.004E-01 7.619E+00 0.000E+00 0.000E+00 7.989E+00 7.719E+00
       9.000E-02 2.453E-01 1.004E-01 6.556E+00 0.000E+00 0.000E+00 6.902E+00 6.657E+00
       9.500E-02 2.242E-01 1.003E-01 5.688E+00 0.000E+00 0.000E+00 6.013E+00 5.788E+00
       1.000E-01 2.056E-01 1.000E-01 4.972E+00 0.000E+00 0.000E+00 5.277E+00 5.072E+00
       1.130E-01 1.668E-01 9.921E-02 3.609E+00 0.000E+00 0.000E+00 3.875E+00 3.708E+00
       1.250E-01 1.398E-01 9.823E-02 2.769E+00 0.000E+00 0.000E+00 3.007E+00 2.868E+00
       1.500E-01 1.012E-01 9.580E-02 1.712E+00 0.000E+00 0.000E+00 1.909E+00 1.808E+00
       1.750E-01 7.674E-02 9.316E-02 1.135E+00 0.000E+00 0.000E+00 1.305E+00 1.228E+00
       2.000E-01 6.031E-02 9.052E-02 7.947E-01 0.000E+00 0.000E+00 9.455E-01 8.852E-01
       2.250E-01 4.872E-02 8.796E-02 5.811E-01 0.000E+00 0.000E+00 7.178E-01 6.691E-01
       2.500E-01 4.021E-02 8.553E-02 4.401E-01 0.000E+00 0.000E+00 5.658E-01 5.256E-01
       2.750E-01 3.377E-02 8.324E-02 3.429E-01 0.000E+00 0.000E+00 4.599E-01 4.262E-01
       3.000E-01 2.876E-02 8.109E-02 2.736E-01 0.000E+00 0.000E+00 3.834E-01 3.547E-01
       3.500E-01 2.158E-02 7.717E-02 1.844E-01 0.000E+00 0.000E+00 2.831E-01 2.615E-01
       4.000E-01 1.679E-02 7.370E-02 1.319E-01 0.000E+00 0.000E+00 2.223E-01 2.056E-01
       4.500E-01 1.343E-02 7.063E-02 9.874E-02 0.000E+00 0.000E+00 1.828E-01 1.694E-01
       5.000E-01 1.098E-02 6.788E-02 7.665E-02 0.000E+00 0.000E+00 1.555E-01 1.445E-01
       5.500E-01 9.147E-03 6.541E-02 6.124E-02 0.000E+00 0.000E+00 1.358E-01 1.267E-01
       6.000E-01 7.737E-03 6.317E-02 5.011E-02 0.000E+00 0.000E+00 1.210E-01 1.133E-01
       6.500E-01 6.629E-03 6.111E-02 4.180E-02 0.000E+00 0.000E+00 1.095E-01 1.029E-01
       7.000E-01 5.743E-03 5.920E-02 3.546E-02 0.000E+00 0.000E+00 1.004E-01 9.466E-02
       7.500E-01 5.024E-03 5.744E-02 3.050E-02 0.000E+00 0.000E+00 9.296E-02 8.794E-02
       8.000E-01 4.431E-03 5.581E-02 2.655E-02 0.000E+00 0.000E+00 8.679E-02 8.236E-02
       8.500E-01 3.938E-03 5.429E-02 2.335E-02 0.000E+00 0.000E+00 8.158E-02 7.764E-02
       9.000E-01 3.522E-03 5.288E-02 2.073E-02 0.000E+00 0.000E+00 7.713E-02 7.361E-02
       9.500E-01 3.169E-03 5.157E-02 1.855E-02 0.000E+00 0.000E+00 7.328E-02 7.011E-02
       1.000E+00 2.867E-03 5.035E-02 1.672E-02 0.000E+00 0.000E+00 6.993E-02 6.706E-02
       1.130E+00 2.256E-03 4.747E-02 1.312E-02 5.618E-05 0.000E+00 6.290E-02 6.064E-02
       1.250E+00 1.850E-03 4.512E-02 1.079E-02 3.657E-04 0.000E+00 5.813E-02 5.628E-02
       1.500E+00 1.291E-03 4.107E-02 7.689E-03 1.737E-03 0.000E+00 5.179E-02 5.050E-02
       1.750E+00 9.508E-04 3.778E-02 5.841E-03 3.491E-03 0.000E+00 4.807E-02 4.712E-02
       2.000E+00 7.301E-04 3.510E-02 4.650E-03 5.272E-03 0.000E+00 4.575E-02 4.502E-02
       2.250E+00 5.786E-04 3.284E-02 3.831E-03 7.011E-03 2.013E-07 4.426E-02 4.368E-02
       2.500E+00 4.692E-04 3.088E-02 3.233E-03 8.652E-03 1.672E-06 4.323E-02 4.277E-02
       2.750E+00 3.879E-04 2.916E-02 2.783E-03 1.020E-02 4.867E-06 4.253E-02 4.214E-02
       3.000E+00 3.260E-04 2.765E-02 2.434E-03 1.165E-02 9.661E-06 4.207E-02 4.175E-02
       3.500E+00 2.397E-04 2.512E-02 1.933E-03 1.436E-02 2.288E-05 4.168E-02 4.144E-02
       4.000E+00 1.837E-04 2.308E-02 1.594E-03 1.682E-02 3.939E-05 4.172E-02 4.154E-02
       4.500E+00 1.452E-04 2.138E-02 1.351E-03 1.908E-02 5.816E-05 4.201E-02 4.186E-02
       5.000E+00 1.177E-04 1.994E-02 1.169E-03 2.115E-02 7.833E-05 4.246E-02 4.234E-02
       5.500E+00 9.726E-05 1.870E-02 1.028E-03 2.308E-02 9.911E-05 4.301E-02 4.291E-02
       6.000E+00 8.175E-05 1.762E-02 9.166E-04 2.488E-02 1.201E-04 4.362E-02 4.354E-02
       6.500E+00 6.967E-05 1.668E-02 8.259E-04 2.657E-02 1.409E-04 4.429E-02 4.422E-02
       7.000E+00 6.007E-05 1.584E-02 7.509E-04 2.817E-02 1.615E-04 4.498E-02 4.492E-02
       7.500E+00 5.233E-05 1.509E-02 6.879E-04 2.969E-02 1.818E-04 4.571E-02 4.565E-02
       8.000E+00 4.599E-05 1.442E-02 6.344E-04 3.113E-02 2.017E-04 4.643E-02 4.639E-02
       8.500E+00 4.075E-05 1.381E-02 5.884E-04 3.250E-02 2.210E-04 4.716E-02 4.712E-02
       9.000E+00 3.636E-05 1.325E-02 5.485E-04 3.380E-02 2.399E-04 4.788E-02 4.785E-02
       9.500E+00 3.263E-05 1.275E-02 5.134E-04 3.507E-02 2.584E-04 4.863E-02 4.859E-02
       1.000E+01 2.945E-05 1.228E-02 4.825E-04 3.630E-02 2.763E-04 4.937E-02 4.934E-02