       1.000E-03 1.239E+01 3.618E-03 4.994E+03 0.000E+00 0.000E+00 5.007E+03 4.994E+03
       1.500E-03 1.190E+01 6.585E-03 2.247E+03 0.000E+00 0.000E+00 2.259E+03 2.247E+03
       2.000E-03 1.135E+01 9.517E-03 1.220E+03 0.000E+00 0.000E+00 1.231E+03 1.220E+03
       3.000E-03 1.019E+01 1.501E-02 2.178E+03 0.000E+00 0.000E+00 2.189E+03 2.178E+03
       4.000E-03 9.102E+00 2.014E-02 1.203E+03 0.000E+00 0.000E+00 1.212E+03 1.203E+03
       5.000E-03 8.129E+00 2.498E-02 6.986E+02 0.000E+00 0.000E+00 7.068E+02 6.986E+02
       6.000E-03 7.287E+00 2.961E-02 4.443E+02 0.000E+00 0.000E+00 4.516E+02 4.444E+02
       7.000E-03 6.559E+00 3.402E-02 3.010E+02 0.000E+00 0.000E+00 3.076E+02 3.010E+02
       8.000E-03 5.934E+00 3.816E-02 2.148E+02 0.000E+00 0.000E+00 2.208E+02 2.149E+02
       9.000E-03 5.394E+00 4.200E-02 1.587E+02 0.000E+00 0.000E+00 1.642E+02 1.588E+02
       1.000E-02 4.921E+00 4.552E-02 1.211E+02 0.000E+00 0.000E+00 1.260E+02 1.211E+02
       1.500E-02 3.256E+00 5.937E-02 1.464E+02 0.000E+00 0.000E+00 1.497E+02 1.464E+02
       2.000E-02 2.299E+00 6.924E-02 8.123E+01 0.000E+00 0.000E+00 8.360E+01 8.130E+01
       2.500E-02 1.726E+00 7.681E-02 4.507E+01 0.000E+00 0.000E+00 4.687E+01 4.515E+01
       3.000E-02 1.355E+00 8.268E-02 2.785E+01 0.000E+00 0.000E+00 2.929E+01 2.793E+01
       3.500E-02 1.096E+00 8.718E-02 1.840E+01 0.000E+00 0.000E+00 1.959E+01 1.849E+01
       4.000E-02 9.040E-01 9.060E-02 1.286E+01 0.000E+00 0.000E+00 1.385E+01 1.295E+01
       4.500E-02 7.570E-01 9.321E-02 9.336E+00 0.000E+00 0.000E+00 1.019E+01 9.429E+00
       5.000E-02 6.426E-01 9.517E-02 7.013E+00 0.000E+00 0.000E+00 7.750E+00 7.108E+00
       5.500E-02 5.526E-01 9.664E-02 5.404E+00 0.000E+00 0.000E+00 6.054E+00 5.501E+00
       6.000E-02 4.809E-01 9.771E-02 4.261E+00 0.000E+00 0.000E+00 4.839E+00 4.358E+00
       6.500E-02 4.231E-01 9.847E-02 3.418E+00 0.000E+00 0.000E+00 3.940E+00 3.517E+00
       7.000E-02 3.756E-01 9.899E-02 2.788E+00 0.000E+00 0.000E+00 3.262E+00 2.887E+00
       7.500E-02 3.359E-01 9.933E-02 2.306E+00 0.000E+00 0.000E+00 2.741E+00 2.405E+00
       8.000E-02 3.023E-01 9.953E-02 1.931E+00 0.000E+00 0.000E+00 2.332E+00 2.030E+00
       8.500E-02 2.735E-01 9.962E-02 1.633E+00 0.000E+00 0.000E+00 2.006E+00 1.733E+00
       9.000E-02 2.488E-01 9.959E-02 6.712E+00 0.000E+00 0.000E+00 7.061E+00 6.812E+00
       9.500E-02 2.274E-01 9.945E-02 5.822E+00 0.000E+00 0.000E+00 6.149E+00 5.922E+00
       1.000E-01 2.087E-01 9.924E-02 5.089E+00 0.000E+00 0.000E+00 5.396E+00 5.188E+00
       1.130E-01 1.693E-01 9.844E-02 3.696E+00 0.000E+00 0.000E+00 3.964E+00 3.794E+00
       1.250E-01 1.420E-01 9.747E-02 2.839E+00 0.000E+00 0.000E+00 3.079E+00 2.937E+00
       1.500E-01 1.028E-01 9.508E-02 1.759E+00 0.000E+00 0.000E+00 1.957E+00 1.854E+00
       1.750E-01 7.799E-02 9.248E-02 1.168E+00 0.000E+00 0.000E+00 1.338E+00 1.260E+00
       2.000E-01 6.132E-02 8.987E-02 8.182E-01 0.000E+00 0.000E+00 9.694E-01 9.081E-01
       2.250E-01 4.954E-02 8.734E-02 5.988E-01 0.000E+00 0.000E+00 7.357E-01 6.861E-01
       2.500E-01 4.088E-02 8.493E-02 4.538E-01 0.000E+00 0.000E+00 5.796E-01 5.387E-01
       2.750E-01 3.433E-02 8.266E-02 3.538E-01 0.000E+00 0.000E+00 4.708E-01 4.365E-01
       3.000E-01 2.924E-02 8.053E-02 2.825E-01 0.000E+00 0.000E+00 3.922E-01 3.630E-01
       3.500E-01 2.195E-02 7.665E-02 1.905E-01 0.000E+00 0.000E+00 2.891E-01 2.672E-01
       4.000E-01 1.708E-02 7.322E-02 1.364E-01 0.000E+00 0.000E+00 2.267E-01 2.096E-01
       4.500E-01 1.367E-02 7.017E-02 1.022E-01 0.000E+00 0.000E+00 1.860E-01 1.724E-01
       5.000E-01 1.118E-02 6.745E-02 7.938E-02 0.000E+00 0.000E+00 1.580E-01 1.468E-01
       5.500E-01 9.314E-03 6.499E-02 6.346E-02 0.000E+00 0.000E+00 1.378E-01 1.285E-01
       6.000E-01 7.879E-03 6.276E-02 5.195E-02 0.000E+00 0.000E+00 1.226E-01 1.147E-01
       6.500E-01 6.751E-03 6.070E-02 4.335E-02 0.000E+00 0.000E+00 1.108E-01 1.041E-01
       7.000E-01 5.850E-03 5.881E-02 3.678E-02 0.000E+00 0.000E+00 1.014E-01 9.558E-02
       7.500E-01 5.117E-03 5.706E-02 3.164E-02 0.000E+00 0.000E+00 9.382E-02 8.870E-02
       8.000E-01 4.514E-03 5.545E-02 2.755E-02 0.000E+00 0.000E+00 8.751E-02 8.300E-02
       8.500E-01 4.012E-03 5.397E-02 2.424E-02 0.000E+00 0.000E+00 8.222E-02 7.821E-02
       9.000E-01 3.589E-03 5.259E-02 2.152E-02 0.000E+00 0.000E+00 7.769E-02 7.410E-02
       9.500E-01 3.229E-03 5.128E-02 1.926E-02 0.000E+00 0.000E+00 7.376E-02 7.053E-02
       1.000E+00 2.921E-03 5.003E-02 1.735E-02 0.000E+00 0.000E+00 7.031E-02 6.739E-02
       1.130E+00 2.299E-03 4.714E-02 1.362E-02 5.679E-05 0.000E+00 6.311E-02 6.081E-02
       1.250E+00 1.885E-03 4.485E-02 1.121E-02 3.710E-04 0.000E+00 5.831E-02 5.642E-02
       1.500E+00 1.316E-03 4.081E-02 7.982E-03 1.767E-03 0.000E+00 5.187E-02 5.056E-02
       1.750E+00 9.703E-04 3.760E-02 6.071E-03 3.549E-03 0.000E+00 4.819E-02 4.722E-02
       2.000E+00 7.446E-04 3.489E-02 4.829E-03 5.348E-03 0.000E+00 4.581E-02 4.506E-02
       2.250E+00 5.891E-04 3.257E-02 3.971E-03 7.102E-03 2.001E-07 4.423E-02 4.364E-02
       2.500E+00 4.778E-04 3.062E-02 3.351E-03 8.752E-03 1.662E-06 4.321E-02 4.273E-02
       2.750E+00 3.952E-04 2.895E-02 2.886E-03 1.030E-02 4.837E-06 4.254E-02 4.214E-02
       3.000E+00 3.324E-04 2.748E-02 2.525E-03 1.176E-02 9.600E-06 4.211E-02 4.177E-02
       3.500E+00 2.445E-04 2.497E-02 2.006E-03 1.447E-02 2.273E-05 4.172E-02 4.147E-02
       4.000E+00 1.873E-04 2.293E-02 1.654E-03 1.693E-02 3.913E-05 4.175E-02 4.156E-02
       4.500E+00 1.481E-04 2.124E-02 1.401E-03 1.919E-02 5.778E-05 4.203E-02 4.189E-02
       5.000E+00 1.200E-04 1.981E-02 1.212E-03 2.126E-02 7.782E-05 4.248E-02 4.236E-02
       5.500E+00 9.918E-05 1.858E-02 1.066E-03 2.320E-02 9.846E-05 4.304E-02 4.294E-02
       6.000E+00 8.336E-05 1.751E-02 9.502E-04 2.500E-02 1.193E-04 4.366E-02 4.358E-02
       6.500E+00 7.104E-05 1.658E-02 8.560E-04 2.669E-02 1.400E-04 4.433E-02 4.426E-02
       7.000E+00 6.126E-05 1.574E-02 7.782E-04 2.828E-02 1.605E-04 4.502E-02 4.496E-02
       7.500E+00 5.337E-05 1.500E-02 7.128E-04 2.979E-02 1.806E-04 4.574E-02 4.568E-02
       8.000E+00 4.691E-05 1.433E-02 6.574E-04 3.123E-02 2.003E-04 4.647E-02 4.642E-02
       8.500E+00 4.155E-05 1.372E-02 6.097E-04 3.262E-02 2.196E-04 4.721E-02 4.717E-02
       9.000E+00 3.707E-05 1.317E-02 5.684E-04 3.394E-02 2.384E-04 4.796E-02 4.792E-02
       9.500E+00 3.327E-05 1.267E-02 5.321E-04 3.521E-02 2.567E-04 4.870E-02 4.867E-02
       1.000E+01 3.002E-05 1.220E-02 5.000E-04 3.642E-02 2.744E-04 4.943E-02 4.940E-02