       1.000E-03 1.251E+01 3.587E-03 5.197E+03 0.000E+00 0.000E+00 5.209E+03 5.197E+03
       1.500E-03 1.201E+01 6.601E-03 2.344E+03 0.000E+00 0.000E+00 2.356E+03 2.344E+03
       2.000E-03 1.144E+01 9.620E-03 1.274E+03 0.000E+00 0.000E+00 1.285E+03 1.274E+03
       3.000E-03 1.027E+01 1.525E-02 1.955E+03 0.000E+00 0.000E+00 1.965E+03 1.955E+03
       4.000E-03 9.179E+00 2.037E-02 1.242E+03 0.000E+00 0.000E+00 1.251E+03 1.242E+03
       5.000E-03 8.208E+00 2.516E-02 7.222E+02 0.000E+00 0.000E+00 7.305E+02 7.223E+02
       6.000E-03 7.362E+00 2.970E-02 4.598E+02 0.000E+00 0.000E+00 4.672E+02 4.598E+02
       7.000E-03 6.631E+00 3.401E-02 3.117E+02 0.000E+00 0.000E+00 3.184E+02 3.118E+02
       8.000E-03 6.002E+00 3.807E-02 2.226E+02 0.000E+00 0.000E+00 2.287E+02 2.227E+02
       9.000E-03 5.458E+00 4.189E-02 1.646E+02 0.000E+00 0.000E+00 1.701E+02 1.646E+02
       1.000E-02 4.982E+00 4.540E-02 1.256E+02 0.000E+00 0.000E+00 1.306E+02 1.257E+02
       1.500E-02 3.308E+00 5.920E-02 1.082E+02 0.000E+00 0.000E+00 1.116E+02 1.083E+02
       2.000E-02 2.338E+00 6.897E-02 8.397E+01 0.000E+00 0.000E+00 8.637E+01 8.404E+01
       2.500E-02 1.754E+00 7.643E-02 4.665E+01 0.000E+00 0.000E+00 4.848E+01 4.672E+01
       3.000E-02 1.377E+00 8.228E-02 2.886E+01 0.000E+00 0.000E+00 3.032E+01 2.894E+01
       3.500E-02 1.114E+00 8.676E-02 1.909E+01 0.000E+00 0.000E+00 2.029E+01 1.918E+01
       4.000E-02 9.202E-01 9.019E-02 1.335E+01 0.000E+00 0.000E+00 1.436E+01 1.344E+01
       4.500E-02 7.708E-01 9.280E-02 9.702E+00 0.000E+00 0.000E+00 1.057E+01 9.795E+00
       5.000E-02 6.545E-01 9.478E-02 7.292E+00 0.000E+00 0.000E+00 8.042E+00 7.387E+00
       5.500E-02 5.630E-01 9.625E-02 5.621E+00 0.000E+00 0.000E+00 6.280E+00 5.717E+00
       6.000E-02 4.900E-01 9.734E-02 4.432E+00 0.000E+00 0.000E+00 5.020E+00 4.530E+00
       6.500E-02 4.310E-01 9.812E-02 3.558E+00 0.000E+00 0.000E+00 4.087E+00 3.656E+00
       7.000E-02 3.824E-01 9.867E-02 2.903E+00 0.000E+00 0.000E+00 3.384E+00 3.002E+00
       7.500E-02 3.419E-01 9.903E-02 2.402E+00 0.000E+00 0.000E+00 2.843E+00 2.501E+00
       8.000E-02 3.078E-01 9.923E-02 2.012E+00 0.000E+00 0.000E+00 2.419E+00 2.112E+00
       8.500E-02 2.787E-01 9.929E-02 1.703E+00 0.000E+00 0.000E+00 2.081E+00 1.802E+00
       9.000E-02 2.536E-01 9.926E-02 6.903E+00 0.000E+00 0.000E+00 7.256E+00 7.002E+00
       9.500E-02 2.318E-01 9.913E-02 5.990E+00 0.000E+00 0.000E+00 6.321E+00 6.089E+00
       1.000E-01 2.128E-01 9.894E-02 5.237E+00 0.000E+00 0.000E+00 5.549E+00 5.336E+00
       1.130E-01 1.727E-01 9.816E-02 3.807E+00 0.000E+00 0.000E+00 4.078E+00 3.905E+00
       1.250E-01 1.449E-01 9.721E-02 2.926E+00 0.000E+00 0.000E+00 3.168E+00 3.023E+00
       1.500E-01 1.049E-01 9.484E-02 1.815E+00 0.000E+00 0.000E+00 2.015E+00 1.910E+00
       1.750E-01 7.963E-02 9.226E-02 1.207E+00 0.000E+00 0.000E+00 1.378E+00 1.299E+00
       2.000E-01 6.260E-02 8.966E-02 8.464E-01 0.000E+00 0.000E+00 9.986E-01 9.360E-01
       2.250E-01 5.058E-02 8.715E-02 6.199E-01 0.000E+00 0.000E+00 7.577E-01 7.071E-01
       2.500E-01 4.176E-02 8.475E-02 4.701E-01 0.000E+00 0.000E+00 5.967E-01 5.549E-01
       2.750E-01 3.507E-02 8.249E-02 3.668E-01 0.000E+00 0.000E+00 4.844E-01 4.493E-01
       3.000E-01 2.988E-02 8.036E-02 2.930E-01 0.000E+00 0.000E+00 4.032E-01 3.733E-01
       3.500E-01 2.244E-02 7.650E-02 1.978E-01 0.000E+00 0.000E+00 2.967E-01 2.743E-01
       4.000E-01 1.746E-02 7.310E-02 1.417E-01 0.000E+00 0.000E+00 2.323E-01 2.148E-01
       4.500E-01 1.397E-02 7.007E-02 1.063E-01 0.000E+00 0.000E+00 1.903E-01 1.763E-01
       5.000E-01 1.143E-02 6.734E-02 8.257E-02 0.000E+00 0.000E+00 1.613E-01 1.499E-01
       5.500E-01 9.527E-03 6.487E-02 6.603E-02 0.000E+00 0.000E+00 1.404E-01 1.309E-01
       6.000E-01 8.060E-03 6.263E-02 5.406E-02 0.000E+00 0.000E+00 1.248E-01 1.167E-01
       6.500E-01 6.907E-03 6.060E-02 4.513E-02 0.000E+00 0.000E+00 1.126E-01 1.057E-01
       7.000E-01 5.986E-03 5.873E-02 3.830E-02 0.000E+00 0.000E+00 1.030E-01 9.703E-02
       7.500E-01 5.237E-03 5.699E-02 3.296E-02 0.000E+00 0.000E+00 9.519E-02 8.995E-02
       8.000E-01 4.621E-03 5.537E-02 2.871E-02 0.000E+00 0.000E+00 8.870E-02 8.408E-02
       8.500E-01 4.108E-03 5.385E-02 2.527E-02 0.000E+00 0.000E+00 8.322E-02 7.911E-02
       9.000E-01 3.675E-03 5.243E-02 2.244E-02 0.000E+00 0.000E+00 7.854E-02 7.487E-02
       9.500E-01 3.307E-03 5.113E-02 2.008E-02 0.000E+00 0.000E+00 7.451E-02 7.121E-02
       1.000E+00 2.991E-03 4.993E-02 1.810E-02 0.000E+00 0.000E+00 7.102E-02 6.803E-02
       1.130E+00 2.353E-03 4.710E-02 1.420E-02 5.769E-05 0.000E+00 6.371E-02 6.136E-02
       1.250E+00 1.930E-03 4.476E-02 1.168E-02 3.781E-04 0.000E+00 5.875E-02 5.682E-02
       1.500E+00 1.347E-03 4.075E-02 8.321E-03 1.806E-03 0.000E+00 5.222E-02 5.088E-02
       1.750E+00 9.936E-04 3.747E-02 6.325E-03 3.623E-03 0.000E+00 4.841E-02 4.741E-02
       2.000E+00 7.626E-04 3.482E-02 5.034E-03 5.450E-03 0.000E+00 4.607E-02 4.530E-02
       2.250E+00 6.036E-04 3.262E-02 4.142E-03 7.226E-03 1.999E-07 4.459E-02 4.399E-02
       2.500E+00 4.896E-04 3.067E-02 3.495E-03 8.892E-03 1.660E-06 4.354E-02 4.305E-02
       2.750E+00 4.051E-04 2.895E-02 3.009E-03 1.045E-02 4.830E-06 4.282E-02 4.241E-02
       3.000E+00 3.406E-04 2.744E-02 2.631E-03 1.192E-02 9.585E-06 4.234E-02 4.200E-02
       3.500E+00 2.505E-04 2.493E-02 2.090E-03 1.465E-02 2.269E-05 4.193E-02 4.168E-02
       4.000E+00 1.919E-04 2.290E-02 1.723E-03 1.712E-02 3.906E-05 4.198E-02 4.178E-02
       4.500E+00 1.517E-04 2.121E-02 1.459E-03 1.939E-02 5.768E-05 4.227E-02 4.212E-02
       5.000E+00 1.229E-04 1.978E-02 1.263E-03 2.148E-02 7.769E-05 4.272E-02 4.260E-02
       5.500E+00 1.016E-04 1.855E-02 1.110E-03 2.342E-02 9.832E-05 4.328E-02 4.318E-02
       6.000E+00 8.542E-05 1.749E-02 9.894E-04 2.523E-02 1.191E-04 4.391E-02 4.382E-02
       6.500E+00 7.280E-05 1.655E-02 8.913E-04 2.693E-02 1.398E-04 4.458E-02 4.451E-02
       7.000E+00 6.278E-05 1.572E-02 8.103E-04 2.853E-02 1.602E-04 4.528E-02 4.522E-02
       7.500E+00 5.469E-05 1.498E-02 7.423E-04 3.005E-02 1.803E-04 4.601E-02 4.595E-02
       8.000E+00 4.807E-05 1.431E-02 6.845E-04 3.151E-02 2.000E-04 4.675E-02 4.670E-02
       8.500E+00 4.258E-05 1.370E-02 6.347E-04 3.289E-02 2.192E-04 4.749E-02 4.744E-02
       9.000E+00 3.799E-05 1.315E-02 5.915E-04 3.421E-02 2.380E-04 4.823E-02 4.819E-02
       9.500E+00 3.410E-05 1.265E-02 5.536E-04 3.548E-02 2.562E-04 4.898E-02 4.894E-02
       1.000E+01 3.078E-05 1.219E-02 5.203E-04 3.671E-02 2.740E-04 4.972E-02 4.969E-02