       1.000E-03 1.270E+01 3.498E-03 5.429E+03 0.000E+00 0.000E+00 5.442E+03 5.429E+03
       1.500E-03 1.217E+01 6.490E-03 2.455E+03 0.000E+00 0.000E+00 2.468E+03 2.455E+03
       2.000E-03 1.158E+01 9.547E-03 1.336E+03 0.000E+00 0.000E+00 1.348E+03 1.336E+03
       3.000E-03 1.039E+01 1.537E-02 2.043E+03 0.000E+00 0.000E+00 2.053E+03 2.043E+03
       4.000E-03 9.296E+00 2.062E-02 1.287E+03 0.000E+00 0.000E+00 1.296E+03 1.287E+03
       5.000E-03 8.322E+00 2.541E-02 7.495E+02 0.000E+00 0.000E+00 7.579E+02 7.495E+02
       6.000E-03 7.472E+00 2.991E-02 4.781E+02 0.000E+00 0.000E+00 4.856E+02 4.781E+02
       7.000E-03 6.745E+00 3.421E-02 3.243E+02 0.000E+00 0.000E+00 3.311E+02 3.243E+02
       8.000E-03 6.098E+00 3.821E-02 2.317E+02 0.000E+00 0.000E+00 2.379E+02 2.318E+02
       9.000E-03 5.545E+00 4.199E-02 1.714E+02 0.000E+00 0.000E+00 1.770E+02 1.714E+02
       1.000E-02 5.066E+00 4.550E-02 1.309E+02 0.000E+00 0.000E+00 1.360E+02 1.309E+02
       1.500E-02 3.372E+00 5.933E-02 1.125E+02 0.000E+00 0.000E+00 1.160E+02 1.126E+02
       2.000E-02 2.388E+00 6.907E-02 8.706E+01 0.000E+00 0.000E+00 8.951E+01 8.712E+01
       2.500E-02 1.792E+00 7.650E-02 4.846E+01 0.000E+00 0.000E+00 5.033E+01 4.854E+01
       3.000E-02 1.406E+00 8.230E-02 3.003E+01 0.000E+00 0.000E+00 3.152E+01 3.011E+01
       3.500E-02 1.138E+00 8.680E-02 1.989E+01 0.000E+00 0.000E+00 2.112E+01 1.998E+01
       4.000E-02 9.406E-01 9.025E-02 1.392E+01 0.000E+00 0.000E+00 1.495E+01 1.401E+01
       4.500E-02 7.886E-01 9.288E-02 1.012E+01 0.000E+00 0.000E+00 1.101E+01 1.022E+01
       5.000E-02 6.700E-01 9.486E-02 7.613E+00 0.000E+00 0.000E+00 8.378E+00 7.708E+00
       5.500E-02 5.764E-01 9.635E-02 5.873E+00 0.000E+00 0.000E+00 6.546E+00 5.969E+00
       6.000E-02 5.017E-01 9.746E-02 4.634E+00 0.000E+00 0.000E+00 5.233E+00 4.731E+00
       6.500E-02 4.413E-01 9.826E-02 3.721E+00 0.000E+00 0.000E+00 4.261E+00 3.820E+00
       7.000E-02 3.917E-01 9.882E-02 3.038E+00 0.000E+00 0.000E+00 3.528E+00 3.136E+00
       7.500E-02 3.503E-01 9.919E-02 2.515E+00 0.000E+00 0.000E+00 2.964E+00 2.614E+00
       8.000E-02 3.153E-01 9.939E-02 2.107E+00 0.000E+00 0.000E+00 2.522E+00 2.206E+00
       8.500E-02 2.854E-01 9.946E-02 1.784E+00 0.000E+00 0.000E+00 2.168E+00 1.883E+00
       9.000E-02 2.597E-01 9.943E-02 1.524E+00 0.000E+00 0.000E+00 1.883E+00 1.624E+00
       9.500E-02 2.374E-01 9.931E-02 6.194E+00 0.000E+00 0.000E+00 6.531E+00 6.294E+00
       1.000E-01 2.179E-01 9.913E-02 5.420E+00 0.000E+00 0.000E+00 5.737E+00 5.520E+00
       1.130E-01 1.770E-01 9.837E-02 3.943E+00 0.000E+00 0.000E+00 4.219E+00 4.042E+00
       1.250E-01 1.485E-01 9.743E-02 3.031E+00 0.000E+00 0.000E+00 3.277E+00 3.128E+00
       1.500E-01 1.076E-01 9.507E-02 1.880E+00 0.000E+00 0.000E+00 2.082E+00 1.975E+00
       1.750E-01 8.166E-02 9.250E-02 1.251E+00 0.000E+00 0.000E+00 1.426E+00 1.344E+00
       2.000E-01 6.420E-02 8.991E-02 8.792E-01 0.000E+00 0.000E+00 1.033E+00 9.691E-01
       2.250E-01 5.188E-02 8.739E-02 6.447E-01 0.000E+00 0.000E+00 7.840E-01 7.321E-01
       2.500E-01 4.283E-02 8.500E-02 4.892E-01 0.000E+00 0.000E+00 6.171E-01 5.742E-01
       2.750E-01 3.598E-02 8.273E-02 3.819E-01 0.000E+00 0.000E+00 5.006E-01 4.646E-01
       3.000E-01 3.066E-02 8.060E-02 3.052E-01 0.000E+00 0.000E+00 4.164E-01 3.858E-01
       3.500E-01 2.304E-02 7.673E-02 2.062E-01 0.000E+00 0.000E+00 3.060E-01 2.830E-01
       4.000E-01 1.794E-02 7.331E-02 1.479E-01 0.000E+00 0.000E+00 2.391E-01 2.212E-01
       4.500E-01 1.436E-02 7.027E-02 1.110E-01 0.000E+00 0.000E+00 1.956E-01 1.812E-01
       5.000E-01 1.175E-02 6.755E-02 8.628E-02 0.000E+00 0.000E+00 1.656E-01 1.538E-01
       5.500E-01 9.791E-03 6.509E-02 6.903E-02 0.000E+00 0.000E+00 1.439E-01 1.341E-01
       6.000E-01 8.285E-03 6.285E-02 5.654E-02 0.000E+00 0.000E+00 1.277E-01 1.194E-01
       6.500E-01 7.103E-03 6.080E-02 4.722E-02 0.000E+00 0.000E+00 1.151E-01 1.080E-01
       7.000E-01 6.157E-03 5.891E-02 4.008E-02 0.000E+00 0.000E+00 1.052E-01 9.900E-02
       7.500E-01 5.387E-03 5.717E-02 3.450E-02 0.000E+00 0.000E+00 9.706E-02 9.167E-02
       8.000E-01 4.752E-03 5.556E-02 3.006E-02 0.000E+00 0.000E+00 9.037E-02 8.561E-02
       8.500E-01 4.221E-03 5.406E-02 2.646E-02 0.000E+00 0.000E+00 8.473E-02 8.051E-02
       9.000E-01 3.775E-03 5.266E-02 2.350E-02 0.000E+00 0.000E+00 7.993E-02 7.615E-02
       9.500E-01 3.397E-03 5.134E-02 2.103E-02 0.000E+00 0.000E+00 7.577E-02 7.237E-02
       1.000E+00 3.075E-03 5.011E-02 1.895E-02 0.000E+00 0.000E+00 7.214E-02 6.907E-02
       1.130E+00 2.423E-03 4.724E-02 1.487E-02 5.889E-05 0.000E+00 6.459E-02 6.216E-02
       1.250E+00 1.986E-03 4.493E-02 1.224E-02 3.873E-04 0.000E+00 5.954E-02 5.755E-02
       1.500E+00 1.387E-03 4.089E-02 8.717E-03 1.855E-03 0.000E+00 5.285E-02 5.146E-02
       1.750E+00 1.022E-03 3.765E-02 6.628E-03 3.716E-03 0.000E+00 4.902E-02 4.800E-02
       2.000E+00 7.847E-04 3.495E-02 5.271E-03 5.579E-03 0.000E+00 4.659E-02 4.580E-02
       2.250E+00 6.212E-04 3.266E-02 4.332E-03 7.386E-03 2.007E-07 4.500E-02 4.438E-02
       2.500E+00 5.040E-04 3.071E-02 3.656E-03 9.078E-03 1.666E-06 4.395E-02 4.345E-02
       2.750E+00 4.170E-04 2.902E-02 3.148E-03 1.066E-02 4.848E-06 4.325E-02 4.283E-02
       3.000E+00 3.507E-04 2.753E-02 2.755E-03 1.215E-02 9.619E-06 4.280E-02 4.244E-02
       3.500E+00 2.579E-04 2.502E-02 2.188E-03 1.490E-02 2.277E-05 4.239E-02 4.213E-02
       4.000E+00 1.976E-04 2.298E-02 1.803E-03 1.740E-02 3.919E-05 4.242E-02 4.222E-02
       4.500E+00 1.562E-04 2.129E-02 1.527E-03 1.968E-02 5.787E-05 4.271E-02 4.256E-02
       5.000E+00 1.266E-04 1.985E-02 1.321E-03 2.179E-02 7.795E-05 4.317E-02 4.304E-02
       5.500E+00 1.046E-04 1.862E-02 1.161E-03 2.375E-02 9.864E-05 4.374E-02 4.363E-02
       6.000E+00 8.795E-05 1.755E-02 1.035E-03 2.558E-02 1.195E-04 4.438E-02 4.429E-02
       6.500E+00 7.496E-05 1.661E-02 9.321E-04 2.731E-02 1.403E-04 4.506E-02 4.499E-02
       7.000E+00 6.464E-05 1.578E-02 8.472E-04 2.893E-02 1.608E-04 4.578E-02 4.572E-02
       7.500E+00 5.630E-05 1.503E-02 7.760E-04 3.047E-02 1.809E-04 4.651E-02 4.646E-02
       8.000E+00 4.948E-05 1.436E-02 7.155E-04 3.193E-02 2.007E-04 4.725E-02 4.720E-02
       8.500E+00 4.384E-05 1.375E-02 6.635E-04 3.333E-02 2.200E-04 4.801E-02 4.797E-02
       9.000E+00 3.910E-05 1.320E-02 6.184E-04 3.467E-02 2.388E-04 4.876E-02 4.872E-02
       9.500E+00 3.509E-05 1.269E-02 5.790E-04 3.594E-02 2.571E-04 4.951E-02 4.948E-02
       1.000E+01 3.167E-05 1.223E-02 5.441E-04 3.717E-02 2.749E-04 5.025E-02 5.022E-02