       1.000E-03 1.300E+01 3.487E-03 5.711E+03 0.000E+00 0.000E+00 5.724E+03 5.711E+03
       1.500E-03 1.245E+01 6.556E-03 2.591E+03 0.000E+00 0.000E+00 2.604E+03 2.591E+03
       2.000E-03 1.184E+01 9.723E-03 1.411E+03 0.000E+00 0.000E+00 1.423E+03 1.411E+03
       3.000E-03 1.061E+01 1.576E-02 2.144E+03 0.000E+00 0.000E+00 2.155E+03 2.144E+03
       4.000E-03 9.489E+00 2.114E-02 1.290E+03 0.000E+00 0.000E+00 1.299E+03 1.290E+03
       5.000E-03 8.507E+00 2.598E-02 7.847E+02 0.000E+00 0.000E+00 7.932E+02 7.847E+02
       6.000E-03 7.645E+00 3.046E-02 5.008E+02 0.000E+00 0.000E+00 5.085E+02 5.009E+02
       7.000E-03 6.896E+00 3.471E-02 3.400E+02 0.000E+00 0.000E+00 3.469E+02 3.400E+02
       8.000E-03 6.247E+00 3.873E-02 2.431E+02 0.000E+00 0.000E+00 2.494E+02 2.431E+02
       9.000E-03 5.684E+00 4.253E-02 1.799E+02 0.000E+00 0.000E+00 1.856E+02 1.800E+02
       1.000E-02 5.193E+00 4.605E-02 1.375E+02 0.000E+00 0.000E+00 1.427E+02 1.375E+02
       1.500E-02 3.467E+00 6.000E-02 1.184E+02 0.000E+00 0.000E+00 1.219E+02 1.185E+02
       2.000E-02 2.459E+00 6.976E-02 9.100E+01 0.000E+00 0.000E+00 9.353E+01 9.107E+01
       2.500E-02 1.844E+00 7.721E-02 5.075E+01 0.000E+00 0.000E+00 5.267E+01 5.083E+01
       3.000E-02 1.447E+00 8.305E-02 3.150E+01 0.000E+00 0.000E+00 3.303E+01 3.158E+01
       3.500E-02 1.172E+00 8.757E-02 2.089E+01 0.000E+00 0.000E+00 2.215E+01 2.097E+01
       4.000E-02 9.694E-01 9.106E-02 1.463E+01 0.000E+00 0.000E+00 1.569E+01 1.472E+01
       4.500E-02 8.133E-01 9.373E-02 1.065E+01 0.000E+00 0.000E+00 1.156E+01 1.074E+01
       5.000E-02 6.913E-01 9.576E-02 8.014E+00 0.000E+00 0.000E+00 8.801E+00 8.110E+00
       5.500E-02 5.949E-01 9.728E-02 6.184E+00 0.000E+00 0.000E+00 6.877E+00 6.282E+00
       6.000E-02 5.178E-01 9.841E-02 4.882E+00 0.000E+00 0.000E+00 5.498E+00 4.980E+00
       6.500E-02 4.555E-01 9.923E-02 3.922E+00 0.000E+00 0.000E+00 4.477E+00 4.021E+00
       7.000E-02 4.042E-01 9.980E-02 3.203E+00 0.000E+00 0.000E+00 3.707E+00 3.303E+00
       7.500E-02 3.615E-01 1.002E-01 2.652E+00 0.000E+00 0.000E+00 3.114E+00 2.753E+00
       8.000E-02 3.253E-01 1.004E-01 2.223E+00 0.000E+00 0.000E+00 2.649E+00 2.324E+00
       8.500E-02 2.945E-01 1.005E-01 1.883E+00 0.000E+00 0.000E+00 2.278E+00 1.983E+00
       9.000E-02 2.680E-01 1.005E-01 1.609E+00 0.000E+00 0.000E+00 1.978E+00 1.710E+00
       9.500E-02 2.451E-01 1.003E-01 6.450E+00 0.000E+00 0.000E+00 6.796E+00 6.551E+00
       1.000E-01 2.250E-01 1.001E-01 5.665E+00 0.000E+00 0.000E+00 5.990E+00 5.765E+00
       1.130E-01 1.829E-01 9.937E-02 4.137E+00 0.000E+00 0.000E+00 4.419E+00 4.236E+00
       1.250E-01 1.535E-01 9.844E-02 3.176E+00 0.000E+00 0.000E+00 3.428E+00 3.275E+00
       1.500E-01 1.113E-01 9.610E-02 1.962E+00 0.000E+00 0.000E+00 2.170E+00 2.059E+00
       1.750E-01 8.444E-02 9.353E-02 1.307E+00 0.000E+00 0.000E+00 1.485E+00 1.401E+00
       2.000E-01 6.639E-02 9.092E-02 9.201E-01 0.000E+00 0.000E+00 1.077E+00 1.011E+00
       2.250E-01 5.365E-02 8.837E-02 6.754E-01 0.000E+00 0.000E+00 8.175E-01 7.638E-01
       2.500E-01 4.431E-02 8.595E-02 5.129E-01 0.000E+00 0.000E+00 6.431E-01 5.988E-01
       2.750E-01 3.723E-02 8.367E-02 4.005E-01 0.000E+00 0.000E+00 5.214E-01 4.841E-01
       3.000E-01 3.173E-02 8.152E-02 3.202E-01 0.000E+00 0.000E+00 4.334E-01 4.017E-01
       3.500E-01 2.385E-02 7.763E-02 2.166E-01 0.000E+00 0.000E+00 3.181E-01 2.943E-01
       4.000E-01 1.857E-02 7.417E-02 1.555E-01 0.000E+00 0.000E+00 2.483E-01 2.297E-01
       4.500E-01 1.487E-02 7.109E-02 1.168E-01 0.000E+00 0.000E+00 2.027E-01 1.879E-01
       5.000E-01 1.217E-02 6.832E-02 9.086E-02 0.000E+00 0.000E+00 1.714E-01 1.592E-01
       5.500E-01 1.015E-02 6.585E-02 7.275E-02 0.000E+00 0.000E+00 1.487E-01 1.386E-01
       6.000E-01 8.587E-03 6.360E-02 5.962E-02 0.000E+00 0.000E+00 1.318E-01 1.232E-01
       6.500E-01 7.361E-03 6.153E-02 4.980E-02 0.000E+00 0.000E+00 1.187E-01 1.113E-01
       7.000E-01 6.379E-03 5.962E-02 4.227E-02 0.000E+00 0.000E+00 1.083E-01 1.019E-01
       7.500E-01 5.582E-03 5.786E-02 3.639E-02 0.000E+00 0.000E+00 9.983E-02 9.425E-02
       8.000E-01 4.925E-03 5.622E-02 3.170E-02 0.000E+00 0.000E+00 9.284E-02 8.792E-02
       8.500E-01 4.377E-03 5.470E-02 2.791E-02 0.000E+00 0.000E+00 8.698E-02 8.260E-02
       9.000E-01 3.917E-03 5.328E-02 2.479E-02 0.000E+00 0.000E+00 8.198E-02 7.807E-02
       9.500E-01 3.525E-03 5.195E-02 2.219E-02 0.000E+00 0.000E+00 7.767E-02 7.415E-02
       1.000E+00 3.190E-03 5.072E-02 2.001E-02 0.000E+00 0.000E+00 7.391E-02 7.072E-02
       1.130E+00 2.512E-03 4.782E-02 1.570E-02 6.062E-05 0.000E+00 6.609E-02 6.358E-02
       1.250E+00 2.060E-03 4.547E-02 1.292E-02 4.000E-04 0.000E+00 6.085E-02 5.879E-02
       1.500E+00 1.439E-03 4.138E-02 9.201E-03 1.921E-03 0.000E+00 5.394E-02 5.250E-02
       1.750E+00 1.061E-03 3.808E-02 6.999E-03 3.843E-03 0.000E+00 4.999E-02 4.893E-02
       2.000E+00 8.144E-04 3.536E-02 5.564E-03 5.758E-03 0.000E+00 4.749E-02 4.668E-02
       2.250E+00 6.450E-04 3.306E-02 4.571E-03 7.611E-03 2.029E-07 4.589E-02 4.524E-02
       2.500E+00 5.232E-04 3.109E-02 3.858E-03 9.342E-03 1.685E-06 4.481E-02 4.429E-02
       2.750E+00 4.328E-04 2.937E-02 3.323E-03 1.096E-02 4.904E-06 4.409E-02 4.366E-02
       3.000E+00 3.640E-04 2.787E-02 2.908E-03 1.247E-02 9.734E-06 4.362E-02 4.326E-02
       3.500E+00 2.677E-04 2.532E-02 2.308E-03 1.528E-02 2.305E-05 4.320E-02 4.293E-02
       4.000E+00 2.051E-04 2.326E-02 1.902E-03 1.782E-02 3.968E-05 4.323E-02 4.302E-02
       4.500E+00 1.621E-04 2.154E-02 1.611E-03 2.015E-02 5.859E-05 4.352E-02 4.336E-02
       5.000E+00 1.314E-04 2.009E-02 1.393E-03 2.230E-02 7.890E-05 4.399E-02 4.386E-02
       5.500E+00 1.086E-04 1.885E-02 1.225E-03 2.429E-02 9.982E-05 4.457E-02 4.446E-02
       6.000E+00 9.129E-05 1.776E-02 1.091E-03 2.616E-02 1.209E-04 4.523E-02 4.513E-02
       6.500E+00 7.780E-05 1.681E-02 9.827E-04 2.791E-02 1.419E-04 4.593E-02 4.585E-02
       7.000E+00 6.708E-05 1.597E-02 8.933E-04 2.957E-02 1.627E-04 4.666E-02 4.659E-02
       7.500E+00 5.845E-05 1.521E-02 8.182E-04 3.113E-02 1.831E-04 4.740E-02 4.734E-02
       8.000E+00 5.138E-05 1.453E-02 7.544E-04 3.262E-02 2.031E-04 4.816E-02 4.811E-02
       8.500E+00 4.552E-05 1.392E-02 6.995E-04 3.405E-02 2.226E-04 4.893E-02 4.889E-02
       9.000E+00 4.060E-05 1.336E-02 6.518E-04 3.542E-02 2.416E-04 4.971E-02 4.967E-02
       9.500E+00 3.643E-05 1.285E-02 6.100E-04 3.673E-02 2.601E-04 5.048E-02 5.044E-02
       1.000E+01 3.288E-05 1.238E-02 5.732E-04 3.798E-02 2.781E-04 5.124E-02 5.121E-02