       1.000E-03 1.324E+01 3.436E-03 5.853E+03 0.000E+00 0.000E+00 5.867E+03 5.853E+03
       1.500E-03 1.268E+01 6.539E-03 2.718E+03 0.000E+00 0.000E+00 2.731E+03 2.718E+03
       2.000E-03 1.205E+01 9.777E-03 1.482E+03 0.000E+00 0.000E+00 1.494E+03 1.482E+03
       3.000E-03 1.078E+01 1.599E-02 2.239E+03 0.000E+00 0.000E+00 2.249E+03 2.239E+03
       4.000E-03 9.642E+00 2.152E-02 1.266E+03 0.000E+00 0.000E+00 1.276E+03 1.266E+03
       5.000E-03 8.647E+00 2.640E-02 8.165E+02 0.000E+00 0.000E+00 8.252E+02 8.165E+02
       6.000E-03 7.781E+00 3.089E-02 5.220E+02 0.000E+00 0.000E+00 5.298E+02 5.220E+02
       7.000E-03 7.025E+00 3.510E-02 3.546E+02 0.000E+00 0.000E+00 3.617E+02 3.546E+02
       8.000E-03 6.367E+00 3.909E-02 2.537E+02 0.000E+00 0.000E+00 2.601E+02 2.537E+02
       9.000E-03 5.795E+00 4.286E-02 1.879E+02 0.000E+00 0.000E+00 1.937E+02 1.879E+02
       1.000E-02 5.297E+00 4.637E-02 1.436E+02 0.000E+00 0.000E+00 1.489E+02 1.436E+02
       1.500E-02 3.545E+00 6.037E-02 1.242E+02 0.000E+00 0.000E+00 1.278E+02 1.243E+02
       2.000E-02 2.519E+00 7.015E-02 9.444E+01 0.000E+00 0.000E+00 9.703E+01 9.451E+01
       2.500E-02 1.893E+00 7.764E-02 5.283E+01 0.000E+00 0.000E+00 5.480E+01 5.291E+01
       3.000E-02 1.482E+00 8.340E-02 3.287E+01 0.000E+00 0.000E+00 3.443E+01 3.295E+01
       3.500E-02 1.200E+00 8.793E-02 2.181E+01 0.000E+00 0.000E+00 2.310E+01 2.190E+01
       4.000E-02 9.934E-01 9.146E-02 1.529E+01 0.000E+00 0.000E+00 1.638E+01 1.539E+01
       4.500E-02 8.344E-01 9.415E-02 1.114E+01 0.000E+00 0.000E+00 1.207E+01 1.123E+01
       5.000E-02 7.098E-01 9.619E-02 8.388E+00 0.000E+00 0.000E+00 9.194E+00 8.485E+00
       5.500E-02 6.110E-01 9.773E-02 6.478E+00 0.000E+00 0.000E+00 7.187E+00 6.576E+00
       6.000E-02 5.317E-01 9.888E-02 5.116E+00 0.000E+00 0.000E+00 5.747E+00 5.215E+00
       6.500E-02 4.674E-01 9.972E-02 4.113E+00 0.000E+00 0.000E+00 4.680E+00 4.212E+00
       7.000E-02 4.147E-01 1.003E-01 3.360E+00 0.000E+00 0.000E+00 3.875E+00 3.460E+00
       7.500E-02 3.707E-01 1.007E-01 2.783E+00 0.000E+00 0.000E+00 3.255E+00 2.884E+00
       8.000E-02 3.338E-01 1.009E-01 2.334E+00 0.000E+00 0.000E+00 2.769E+00 2.435E+00
       8.500E-02 3.024E-01 1.010E-01 1.977E+00 0.000E+00 0.000E+00 2.380E+00 2.078E+00
       9.000E-02 2.754E-01 1.010E-01 1.690E+00 0.000E+00 0.000E+00 2.066E+00 1.791E+00
       9.500E-02 2.519E-01 1.009E-01 1.457E+00 0.000E+00 0.000E+00 1.810E+00 1.558E+00
       1.000E-01 2.311E-01 1.007E-01 5.842E+00 0.000E+00 0.000E+00 6.174E+00 5.943E+00
       1.130E-01 1.878E-01 9.993E-02 4.254E+00 0.000E+00 0.000E+00 4.541E+00 4.354E+00
       1.250E-01 1.577E-01 9.900E-02 3.274E+00 0.000E+00 0.000E+00 3.531E+00 3.373E+00
       1.500E-01 1.144E-01 9.668E-02 2.038E+00 0.000E+00 0.000E+00 2.249E+00 2.135E+00
       1.750E-01 8.690E-02 9.410E-02 1.360E+00 0.000E+00 0.000E+00 1.541E+00 1.455E+00
       2.000E-01 6.834E-02 9.148E-02 9.579E-01 0.000E+00 0.000E+00 1.118E+00 1.049E+00
       2.250E-01 5.523E-02 8.894E-02 7.036E-01 0.000E+00 0.000E+00 8.478E-01 7.925E-01
       2.500E-01 4.561E-02 8.651E-02 5.347E-01 0.000E+00 0.000E+00 6.669E-01 6.213E-01
       2.750E-01 3.832E-02 8.421E-02 4.180E-01 0.000E+00 0.000E+00 5.405E-01 5.022E-01
       3.000E-01 3.266E-02 8.205E-02 3.344E-01 0.000E+00 0.000E+00 4.491E-01 4.164E-01
       3.500E-01 2.456E-02 7.812E-02 2.265E-01 0.000E+00 0.000E+00 3.292E-01 3.046E-01
       4.000E-01 1.913E-02 7.465E-02 1.627E-01 0.000E+00 0.000E+00 2.565E-01 2.373E-01
       4.500E-01 1.532E-02 7.157E-02 1.223E-01 0.000E+00 0.000E+00 2.092E-01 1.938E-01
       5.000E-01 1.255E-02 6.880E-02 9.518E-02 0.000E+00 0.000E+00 1.765E-01 1.640E-01
       5.500E-01 1.046E-02 6.630E-02 7.623E-02 0.000E+00 0.000E+00 1.530E-01 1.425E-01
       6.000E-01 8.853E-03 6.401E-02 6.249E-02 0.000E+00 0.000E+00 1.354E-01 1.265E-01
       6.500E-01 7.590E-03 6.191E-02 5.223E-02 0.000E+00 0.000E+00 1.217E-01 1.141E-01
       7.000E-01 6.579E-03 5.998E-02 4.437E-02 0.000E+00 0.000E+00 1.109E-01 1.043E-01
       7.500E-01 5.758E-03 5.821E-02 3.821E-02 0.000E+00 0.000E+00 1.022E-01 9.642E-02
       8.000E-01 5.082E-03 5.658E-02 3.330E-02 0.000E+00 0.000E+00 9.496E-02 8.988E-02
       8.500E-01 4.519E-03 5.508E-02 2.931E-02 0.000E+00 0.000E+00 8.891E-02 8.439E-02
       9.000E-01 4.044E-03 5.368E-02 2.603E-02 0.000E+00 0.000E+00 8.376E-02 7.971E-02
       9.500E-01 3.640E-03 5.235E-02 2.330E-02 0.000E+00 0.000E+00 7.930E-02 7.566E-02
       1.000E+00 3.292E-03 5.108E-02 2.101E-02 0.000E+00 0.000E+00 7.538E-02 7.208E-02
       1.130E+00 2.591E-03 4.811E-02 1.649E-02 6.201E-05 0.000E+00 6.725E-02 6.466E-02
       1.250E+00 2.126E-03 4.577E-02 1.357E-02 4.107E-04 0.000E+00 6.188E-02 5.975E-02
       1.500E+00 1.485E-03 4.167E-02 9.662E-03 1.979E-03 0.000E+00 5.480E-02 5.331E-02
       1.750E+00 1.095E-03 3.835E-02 7.342E-03 3.955E-03 0.000E+00 5.074E-02 4.965E-02
       2.000E+00 8.409E-04 3.562E-02 5.842E-03 5.914E-03 0.000E+00 4.822E-02 4.737E-02
       2.250E+00 6.655E-04 3.332E-02 4.806E-03 7.804E-03 2.044E-07 4.660E-02 4.593E-02
       2.500E+00 5.398E-04 3.133E-02 4.055E-03 9.565E-03 1.697E-06 4.549E-02 4.495E-02
       2.750E+00 4.467E-04 2.959E-02 3.489E-03 1.121E-02 4.939E-06 4.474E-02 4.429E-02
       3.000E+00 3.757E-04 2.806E-02 3.051E-03 1.274E-02 9.802E-06 4.424E-02 4.387E-02
       3.500E+00 2.764E-04 2.550E-02 2.422E-03 1.559E-02 2.321E-05 4.381E-02 4.353E-02
       4.000E+00 2.118E-04 2.342E-02 1.995E-03 1.817E-02 3.995E-05 4.383E-02 4.362E-02
       4.500E+00 1.675E-04 2.169E-02 1.690E-03 2.052E-02 5.899E-05 4.413E-02 4.397E-02
       5.000E+00 1.357E-04 2.023E-02 1.461E-03 2.270E-02 7.944E-05 4.461E-02 4.447E-02
       5.500E+00 1.122E-04 1.898E-02 1.285E-03 2.472E-02 1.005E-04 4.520E-02 4.508E-02
       6.000E+00 9.430E-05 1.789E-02 1.144E-03 2.661E-02 1.218E-04 4.586E-02 4.576E-02
       6.500E+00 8.035E-05 1.693E-02 1.031E-03 2.838E-02 1.429E-04 4.656E-02 4.648E-02
       7.000E+00 6.929E-05 1.608E-02 9.366E-04 3.006E-02 1.638E-04 4.730E-02 4.723E-02
       7.500E+00 6.036E-05 1.532E-02 8.579E-04 3.164E-02 1.843E-04 4.806E-02 4.800E-02
       8.000E+00 5.306E-05 1.463E-02 7.910E-04 3.315E-02 2.044E-04 4.884E-02 4.878E-02
       8.500E+00 4.700E-05 1.402E-02 7.332E-04 3.459E-02 2.241E-04 4.961E-02 4.956E-02
       9.000E+00 4.193E-05 1.345E-02 6.831E-04 3.596E-02 2.433E-04 5.038E-02 5.034E-02
       9.500E+00 3.765E-05 1.294E-02 6.394E-04 3.729E-02 2.619E-04 5.117E-02 5.113E-02
       1.000E+01 3.398E-05 1.247E-02 6.008E-04 3.857E-02 2.800E-04 5.195E-02 5.192E-02