       1.000E-03 1.282E+01 3.190E-03 5.813E+03 0.000E+00 0.000E+00 5.826E+03 5.813E+03
       1.500E-03 1.228E+01 6.114E-03 2.706E+03 0.000E+00 0.000E+00 2.719E+03 2.706E+03
       2.000E-03 1.166E+01 9.193E-03 1.478E+03 0.000E+00 0.000E+00 1.490E+03 1.478E+03
       3.000E-03 1.042E+01 1.523E-02 1.543E+03 0.000E+00 0.000E+00 1.554E+03 1.543E+03
       4.000E-03 9.309E+00 2.066E-02 1.257E+03 0.000E+00 0.000E+00 1.266E+03 1.257E+03
       5.000E-03 8.352E+00 2.541E-02 8.080E+02 0.000E+00 0.000E+00 8.164E+02 8.081E+02
       6.000E-03 7.522E+00 2.970E-02 5.165E+02 0.000E+00 0.000E+00 5.240E+02 5.165E+02
       7.000E-03 6.797E+00 3.371E-02 3.512E+02 0.000E+00 0.000E+00 3.580E+02 3.512E+02
       8.000E-03 6.165E+00 3.749E-02 2.514E+02 0.000E+00 0.000E+00 2.576E+02 2.515E+02
       9.000E-03 5.616E+00 4.105E-02 1.863E+02 0.000E+00 0.000E+00 1.920E+02 1.864E+02
       1.000E-02 5.135E+00 4.438E-02 1.425E+02 0.000E+00 0.000E+00 1.477E+02 1.425E+02
       1.500E-02 3.445E+00 5.772E-02 1.224E+02 0.000E+00 0.000E+00 1.259E+02 1.224E+02
       2.000E-02 2.452E+00 6.702E-02 9.312E+01 0.000E+00 0.000E+00 9.564E+01 9.319E+01
       2.500E-02 1.841E+00 7.410E-02 5.222E+01 0.000E+00 0.000E+00 5.413E+01 5.229E+01
       3.000E-02 1.442E+00 7.961E-02 3.255E+01 0.000E+00 0.000E+00 3.407E+01 3.263E+01
       3.500E-02 1.168E+00 8.393E-02 2.163E+01 0.000E+00 0.000E+00 2.288E+01 2.172E+01
       4.000E-02 9.675E-01 8.729E-02 1.518E+01 0.000E+00 0.000E+00 1.624E+01 1.527E+01
       4.500E-02 8.130E-01 8.987E-02 1.107E+01 0.000E+00 0.000E+00 1.197E+01 1.116E+01
       5.000E-02 6.919E-01 9.184E-02 8.341E+00 0.000E+00 0.000E+00 9.125E+00 8.433E+00
       5.500E-02 5.958E-01 9.332E-02 6.446E+00 0.000E+00 0.000E+00 7.135E+00 6.539E+00
       6.000E-02 5.186E-01 9.442E-02 5.094E+00 0.000E+00 0.000E+00 5.707E+00 5.188E+00
       6.500E-02 4.561E-01 9.523E-02 4.096E+00 0.000E+00 0.000E+00 4.647E+00 4.191E+00
       7.000E-02 4.046E-01 9.581E-02 3.347E+00 0.000E+00 0.000E+00 3.848E+00 3.443E+00
       7.500E-02 3.618E-01 9.618E-02 2.774E+00 0.000E+00 0.000E+00 3.232E+00 2.870E+00
       8.000E-02 3.258E-01 9.640E-02 2.326E+00 0.000E+00 0.000E+00 2.749E+00 2.423E+00
       8.500E-02 2.951E-01 9.648E-02 1.971E+00 0.000E+00 0.000E+00 2.363E+00 2.068E+00
       9.000E-02 2.687E-01 9.646E-02 1.686E+00 0.000E+00 0.000E+00 2.051E+00 1.782E+00
       9.500E-02 2.457E-01 9.636E-02 1.454E+00 0.000E+00 0.000E+00 1.796E+00 1.551E+00
       1.000E-01 2.256E-01 9.621E-02 5.764E+00 0.000E+00 0.000E+00 6.086E+00 5.860E+00
       1.130E-01 1.834E-01 9.554E-02 4.408E+00 0.000E+00 0.000E+00 4.687E+00 4.503E+00
       1.250E-01 1.541E-01 9.465E-02 3.373E+00 0.000E+00 0.000E+00 3.621E+00 3.467E+00
       1.500E-01 1.118E-01 9.239E-02 2.010E+00 0.000E+00 0.000E+00 2.215E+00 2.103E+00
       1.750E-01 8.495E-02 8.993E-02 1.333E+00 0.000E+00 0.000E+00 1.508E+00 1.423E+00
       2.000E-01 6.681E-02 8.745E-02 9.469E-01 0.000E+00 0.000E+00 1.101E+00 1.034E+00
       2.250E-01 5.400E-02 8.503E-02 6.985E-01 0.000E+00 0.000E+00 8.375E-01 7.835E-01
       2.500E-01 4.460E-02 8.272E-02 5.310E-01 0.000E+00 0.000E+00 6.583E-01 6.137E-01
       2.750E-01 3.748E-02 8.053E-02 4.146E-01 0.000E+00 0.000E+00 5.326E-01 4.951E-01
       3.000E-01 3.195E-02 7.847E-02 3.315E-01 0.000E+00 0.000E+00 4.419E-01 4.099E-01
       3.500E-01 2.403E-02 7.473E-02 2.247E-01 0.000E+00 0.000E+00 3.234E-01 2.994E-01
       4.000E-01 1.873E-02 7.142E-02 1.616E-01 0.000E+00 0.000E+00 2.518E-01 2.331E-01
       4.500E-01 1.500E-02 6.846E-02 1.216E-01 0.000E+00 0.000E+00 2.050E-01 1.900E-01
       5.000E-01 1.229E-02 6.580E-02 9.469E-02 0.000E+00 0.000E+00 1.728E-01 1.605E-01
       5.500E-01 1.025E-02 6.342E-02 7.588E-02 0.000E+00 0.000E+00 1.495E-01 1.393E-01
       6.000E-01 8.674E-03 6.125E-02 6.222E-02 0.000E+00 0.000E+00 1.321E-01 1.235E-01
       6.500E-01 7.437E-03 5.926E-02 5.202E-02 0.000E+00 0.000E+00 1.187E-01 1.113E-01
       7.000E-01 6.446E-03 5.742E-02 4.419E-02 0.000E+00 0.000E+00 1.081E-01 1.016E-01
       7.500E-01 5.641E-03 5.572E-02 3.806E-02 0.000E+00 0.000E+00 9.943E-02 9.378E-02
       8.000E-01 4.980E-03 5.414E-02 3.317E-02 0.000E+00 0.000E+00 9.229E-02 8.731E-02
       8.500E-01 4.430E-03 5.266E-02 2.921E-02 0.000E+00 0.000E+00 8.631E-02 8.188E-02
       9.000E-01 3.966E-03 5.129E-02 2.595E-02 0.000E+00 0.000E+00 8.121E-02 7.725E-02
       9.500E-01 3.569E-03 5.002E-02 2.324E-02 0.000E+00 0.000E+00 7.683E-02 7.326E-02
       1.000E+00 3.228E-03 4.885E-02 2.095E-02 0.000E+00 0.000E+00 7.303E-02 6.980E-02
       1.130E+00 2.539E-03 4.608E-02 1.645E-02 6.028E-05 0.000E+00 6.513E-02 6.259E-02
       1.250E+00 2.085E-03 4.381E-02 1.354E-02 4.006E-04 0.000E+00 5.983E-02 5.774E-02
       1.500E+00 1.457E-03 3.987E-02 9.637E-03 1.936E-03 0.000E+00 5.290E-02 5.145E-02
       1.750E+00 1.074E-03 3.668E-02 7.330E-03 3.867E-03 0.000E+00 4.895E-02 4.787E-02
       2.000E+00 8.249E-04 3.407E-02 5.826E-03 5.769E-03 0.000E+00 4.649E-02 4.566E-02
       2.250E+00 6.533E-04 3.189E-02 4.784E-03 7.600E-03 1.956E-07 4.492E-02 4.427E-02
       2.500E+00 5.300E-04 2.998E-02 4.036E-03 9.303E-03 1.624E-06 4.385E-02 4.332E-02
       2.750E+00 4.384E-04 2.832E-02 3.475E-03 1.089E-02 4.727E-06 4.312E-02 4.268E-02
       3.000E+00 3.686E-04 2.685E-02 3.041E-03 1.237E-02 9.380E-06 4.264E-02 4.227E-02
       3.500E+00 2.712E-04 2.440E-02 2.414E-03 1.511E-02 2.220E-05 4.221E-02 4.194E-02
       4.000E+00 2.079E-04 2.241E-02 1.988E-03 1.759E-02 3.822E-05 4.224E-02 4.203E-02
       4.500E+00 1.644E-04 2.076E-02 1.684E-03 1.986E-02 5.643E-05 4.252E-02 4.236E-02
       5.000E+00 1.332E-04 1.936E-02 1.456E-03 2.195E-02 7.600E-05 4.298E-02 4.285E-02
       5.500E+00 1.101E-04 1.816E-02 1.280E-03 2.390E-02 9.617E-05 4.354E-02 4.343E-02
       6.000E+00 9.252E-05 1.712E-02 1.140E-03 2.571E-02 1.165E-04 4.418E-02 4.409E-02
       6.500E+00 7.885E-05 1.620E-02 1.026E-03 2.742E-02 1.367E-04 4.486E-02 4.478E-02
       7.000E+00 6.800E-05 1.539E-02 9.328E-04 2.902E-02 1.567E-04 4.557E-02 4.550E-02
       7.500E+00 5.925E-05 1.466E-02 8.542E-04 3.055E-02 1.764E-04 4.630E-02 4.624E-02
       8.000E+00 5.208E-05 1.400E-02 7.874E-04 3.201E-02 1.956E-04 4.705E-02 4.699E-02
       8.500E+00 4.613E-05 1.341E-02 7.301E-04 3.339E-02 2.144E-04 4.779E-02 4.775E-02
       9.000E+00 4.115E-05 1.287E-02 6.803E-04 3.472E-02 2.327E-04 4.855E-02 4.851E-02
       9.500E+00 3.693E-05 1.238E-02 6.366E-04 3.600E-02 2.506E-04 4.931E-02 4.927E-02
       1.000E+01 3.334E-05 1.193E-02 5.981E-04 3.724E-02 2.679E-04 5.007E-02 5.004E-02