       1.000E-03 1.296E+01 4.094E-03 6.070E+03 0.000E+00 0.000E+00 6.083E+03 6.070E+03
       1.500E-03 1.240E+01 6.950E-03 2.833E+03 0.000E+00 0.000E+00 2.845E+03 2.833E+03
       2.000E-03 1.179E+01 9.932E-03 1.550E+03 0.000E+00 0.000E+00 1.562E+03 1.550E+03
       3.000E-03 1.056E+01 1.580E-02 1.984E+03 0.000E+00 0.000E+00 1.994E+03 1.984E+03
       4.000E-03 9.443E+00 2.122E-02 1.312E+03 0.000E+00 0.000E+00 1.322E+03 1.312E+03
       5.000E-03 8.476E+00 2.598E-02 8.403E+02 0.000E+00 0.000E+00 8.488E+02 8.404E+02
       6.000E-03 7.639E+00 3.024E-02 5.374E+02 0.000E+00 0.000E+00 5.450E+02 5.374E+02
       7.000E-03 6.912E+00 3.422E-02 3.658E+02 0.000E+00 0.000E+00 3.727E+02 3.658E+02
       8.000E-03 6.275E+00 3.794E-02 2.621E+02 0.000E+00 0.000E+00 2.685E+02 2.622E+02
       9.000E-03 5.718E+00 4.143E-02 1.943E+02 0.000E+00 0.000E+00 2.001E+02 1.944E+02
       1.000E-02 5.230E+00 4.477E-02 1.486E+02 0.000E+00 0.000E+00 1.539E+02 1.487E+02
       1.500E-02 3.518E+00 5.814E-02 5.217E+01 0.000E+00 0.000E+00 5.575E+01 5.223E+01
       2.000E-02 2.509E+00 6.745E-02 9.675E+01 0.000E+00 0.000E+00 9.933E+01 9.682E+01
       2.500E-02 1.886E+00 7.454E-02 5.436E+01 0.000E+00 0.000E+00 5.632E+01 5.444E+01
       3.000E-02 1.476E+00 7.998E-02 3.394E+01 0.000E+00 0.000E+00 3.550E+01 3.402E+01
       3.500E-02 1.196E+00 8.429E-02 2.257E+01 0.000E+00 0.000E+00 2.386E+01 2.266E+01
       4.000E-02 9.910E-01 8.768E-02 1.586E+01 0.000E+00 0.000E+00 1.693E+01 1.594E+01
       4.500E-02 8.333E-01 9.028E-02 1.157E+01 0.000E+00 0.000E+00 1.249E+01 1.166E+01
       5.000E-02 7.096E-01 9.227E-02 8.722E+00 0.000E+00 0.000E+00 9.524E+00 8.814E+00
       5.500E-02 6.113E-01 9.377E-02 6.744E+00 0.000E+00 0.000E+00 7.449E+00 6.838E+00
       6.000E-02 5.322E-01 9.489E-02 5.333E+00 0.000E+00 0.000E+00 5.960E+00 5.428E+00
       6.500E-02 4.680E-01 9.572E-02 4.290E+00 0.000E+00 0.000E+00 4.854E+00 4.386E+00
       7.000E-02 4.152E-01 9.630E-02 3.508E+00 0.000E+00 0.000E+00 4.019E+00 3.604E+00
       7.500E-02 3.713E-01 9.668E-02 2.908E+00 0.000E+00 0.000E+00 3.376E+00 3.004E+00
       8.000E-02 3.343E-01 9.689E-02 2.440E+00 0.000E+00 0.000E+00 2.871E+00 2.537E+00
       8.500E-02 3.028E-01 9.695E-02 2.068E+00 0.000E+00 0.000E+00 2.468E+00 2.165E+00
       9.000E-02 2.758E-01 9.692E-02 1.769E+00 0.000E+00 0.000E+00 2.142E+00 1.866E+00
       9.500E-02 2.522E-01 9.683E-02 1.526E+00 0.000E+00 0.000E+00 1.875E+00 1.623E+00
       1.000E-01 2.316E-01 9.672E-02 1.327E+00 0.000E+00 0.000E+00 1.655E+00 1.424E+00
       1.130E-01 1.883E-01 9.616E-02 4.336E+00 0.000E+00 0.000E+00 4.620E+00 4.432E+00
       1.250E-01 1.583E-01 9.527E-02 3.344E+00 0.000E+00 0.000E+00 3.598E+00 3.439E+00
       1.500E-01 1.150E-01 9.294E-02 2.086E+00 0.000E+00 0.000E+00 2.294E+00 2.179E+00
       1.750E-01 8.734E-02 9.047E-02 1.396E+00 0.000E+00 0.000E+00 1.573E+00 1.486E+00
       2.000E-01 6.869E-02 8.800E-02 9.845E-01 0.000E+00 0.000E+00 1.141E+00 1.073E+00
       2.250E-01 5.554E-02 8.558E-02 7.245E-01 0.000E+00 0.000E+00 8.656E-01 8.101E-01
       2.500E-01 4.588E-02 8.326E-02 5.516E-01 0.000E+00 0.000E+00 6.807E-01 6.349E-01
       2.750E-01 3.857E-02 8.106E-02 4.318E-01 0.000E+00 0.000E+00 5.514E-01 5.128E-01
       3.000E-01 3.289E-02 7.898E-02 3.459E-01 0.000E+00 0.000E+00 4.578E-01 4.249E-01
       3.500E-01 2.474E-02 7.521E-02 2.347E-01 0.000E+00 0.000E+00 3.347E-01 3.099E-01
       4.000E-01 1.929E-02 7.188E-02 1.689E-01 0.000E+00 0.000E+00 2.601E-01 2.408E-01
       4.500E-01 1.546E-02 6.892E-02 1.271E-01 0.000E+00 0.000E+00 2.115E-01 1.960E-01
       5.000E-01 1.266E-02 6.626E-02 9.910E-02 0.000E+00 0.000E+00 1.780E-01 1.654E-01
       5.500E-01 1.056E-02 6.385E-02 7.946E-02 0.000E+00 0.000E+00 1.539E-01 1.433E-01
       6.000E-01 8.938E-03 6.165E-02 6.518E-02 0.000E+00 0.000E+00 1.358E-01 1.268E-01
       6.500E-01 7.666E-03 5.964E-02 5.451E-02 0.000E+00 0.000E+00 1.218E-01 1.141E-01
       7.000E-01 6.648E-03 5.779E-02 4.632E-02 0.000E+00 0.000E+00 1.108E-01 1.041E-01
       7.500E-01 5.820E-03 5.609E-02 3.990E-02 0.000E+00 0.000E+00 1.018E-01 9.599E-02
       8.000E-01 5.136E-03 5.452E-02 3.478E-02 0.000E+00 0.000E+00 9.443E-02 8.930E-02
       8.500E-01 4.565E-03 5.306E-02 3.063E-02 0.000E+00 0.000E+00 8.825E-02 8.369E-02
       9.000E-01 4.084E-03 5.169E-02 2.721E-02 0.000E+00 0.000E+00 8.299E-02 7.891E-02
       9.500E-01 3.676E-03 5.041E-02 2.437E-02 0.000E+00 0.000E+00 7.846E-02 7.478E-02
       1.000E+00 3.327E-03 4.920E-02 2.198E-02 0.000E+00 0.000E+00 7.451E-02 7.118E-02
       1.130E+00 2.622E-03 4.636E-02 1.727E-02 6.174E-05 0.000E+00 6.631E-02 6.369E-02
       1.250E+00 2.151E-03 4.410E-02 1.421E-02 4.118E-04 0.000E+00 6.087E-02 5.872E-02
       1.500E+00 1.503E-03 4.015E-02 1.011E-02 1.996E-03 0.000E+00 5.376E-02 5.226E-02
       1.750E+00 1.109E-03 3.699E-02 7.679E-03 3.983E-03 0.000E+00 4.976E-02 4.865E-02
       2.000E+00 8.514E-04 3.432E-02 6.111E-03 5.930E-03 0.000E+00 4.721E-02 4.636E-02
       2.250E+00 6.742E-04 3.205E-02 5.027E-03 7.794E-03 1.971E-07 4.554E-02 4.487E-02
       2.500E+00 5.470E-04 3.013E-02 4.240E-03 9.523E-03 1.636E-06 4.444E-02 4.390E-02
       2.750E+00 4.527E-04 2.848E-02 3.648E-03 1.113E-02 4.760E-06 4.371E-02 4.326E-02
       3.000E+00 3.807E-04 2.703E-02 3.189E-03 1.263E-02 9.446E-06 4.324E-02 4.286E-02
       3.500E+00 2.801E-04 2.457E-02 2.530E-03 1.541E-02 2.235E-05 4.281E-02 4.253E-02
       4.000E+00 2.146E-04 2.257E-02 2.084E-03 1.792E-02 3.848E-05 4.283E-02 4.261E-02
       4.500E+00 1.697E-04 2.091E-02 1.765E-03 2.022E-02 5.682E-05 4.312E-02 4.295E-02
       5.000E+00 1.375E-04 1.950E-02 1.526E-03 2.234E-02 7.653E-05 4.358E-02 4.344E-02
       5.500E+00 1.137E-04 1.829E-02 1.341E-03 2.431E-02 9.683E-05 4.415E-02 4.404E-02
       6.000E+00 9.556E-05 1.724E-02 1.194E-03 2.614E-02 1.173E-04 4.479E-02 4.469E-02
       6.500E+00 8.144E-05 1.631E-02 1.075E-03 2.786E-02 1.377E-04 4.547E-02 4.539E-02
       7.000E+00 7.023E-05 1.549E-02 9.772E-04 2.949E-02 1.578E-04 4.619E-02 4.612E-02
       7.500E+00 6.119E-05 1.476E-02 8.949E-04 3.103E-02 1.776E-04 4.693E-02 4.687E-02
       8.000E+00 5.379E-05 1.410E-02 8.249E-04 3.251E-02 1.970E-04 4.769E-02 4.764E-02
       8.500E+00 4.765E-05 1.351E-02 7.648E-04 3.393E-02 2.159E-04 4.847E-02 4.842E-02
       9.000E+00 4.250E-05 1.296E-02 7.126E-04 3.529E-02 2.343E-04 4.925E-02 4.920E-02
       9.500E+00 3.815E-05 1.247E-02 6.668E-04 3.659E-02 2.523E-04 5.001E-02 4.998E-02
       1.000E+01 3.443E-05 1.201E-02 6.265E-04 3.783E-02 2.697E-04 5.077E-02 5.074E-02