       1.000E-03 1.303E+01 4.788E-03 6.189E+03 0.000E+00 0.000E+00 6.202E+03 6.189E+03
       1.500E-03 1.243E+01 7.713E-03 2.939E+03 0.000E+00 0.000E+00 2.951E+03 2.939E+03
       2.000E-03 1.181E+01 1.063E-02 1.609E+03 0.000E+00 0.000E+00 1.621E+03 1.609E+03
       3.000E-03 1.060E+01 1.632E-02 6.557E+02 0.000E+00 0.000E+00 6.663E+02 6.557E+02
       4.000E-03 9.490E+00 2.162E-02 1.357E+03 0.000E+00 0.000E+00 1.367E+03 1.357E+03
       5.000E-03 8.523E+00 2.635E-02 8.657E+02 0.000E+00 0.000E+00 8.742E+02 8.657E+02
       6.000E-03 7.687E+00 3.056E-02 5.537E+02 0.000E+00 0.000E+00 5.614E+02 5.537E+02
       7.000E-03 6.960E+00 3.445E-02 3.771E+02 0.000E+00 0.000E+00 3.841E+02 3.772E+02
       8.000E-03 6.325E+00 3.810E-02 2.704E+02 0.000E+00 0.000E+00 2.768E+02 2.705E+02
       9.000E-03 5.769E+00 4.156E-02 2.006E+02 0.000E+00 0.000E+00 2.064E+02 2.006E+02
       1.000E-02 5.281E+00 4.481E-02 1.536E+02 0.000E+00 0.000E+00 1.589E+02 1.536E+02
       1.500E-02 3.560E+00 5.803E-02 5.398E+01 0.000E+00 0.000E+00 5.760E+01 5.404E+01
       2.000E-02 2.544E+00 6.728E-02 9.967E+01 0.000E+00 0.000E+00 1.023E+02 9.974E+01
       2.500E-02 1.912E+00 7.427E-02 5.609E+01 0.000E+00 0.000E+00 5.807E+01 5.616E+01
       3.000E-02 1.497E+00 7.966E-02 3.506E+01 0.000E+00 0.000E+00 3.664E+01 3.514E+01
       3.500E-02 1.213E+00 8.393E-02 2.334E+01 0.000E+00 0.000E+00 2.464E+01 2.342E+01
       4.000E-02 1.006E+00 8.728E-02 1.640E+01 0.000E+00 0.000E+00 1.750E+01 1.649E+01
       4.500E-02 8.463E-01 8.989E-02 1.198E+01 0.000E+00 0.000E+00 1.291E+01 1.207E+01
       5.000E-02 7.212E-01 9.189E-02 9.038E+00 0.000E+00 0.000E+00 9.851E+00 9.129E+00
       5.500E-02 6.214E-01 9.341E-02 6.992E+00 0.000E+00 0.000E+00 7.707E+00 7.085E+00
       6.000E-02 5.411E-01 9.453E-02 5.531E+00 0.000E+00 0.000E+00 6.167E+00 5.626E+00
       6.500E-02 4.759E-01 9.535E-02 4.452E+00 0.000E+00 0.000E+00 5.023E+00 4.547E+00
       7.000E-02 4.223E-01 9.592E-02 3.641E+00 0.000E+00 0.000E+00 4.159E+00 3.737E+00
       7.500E-02 3.776E-01 9.630E-02 3.020E+00 0.000E+00 0.000E+00 3.493E+00 3.116E+00
       8.000E-02 3.400E-01 9.653E-02 2.535E+00 0.000E+00 0.000E+00 2.971E+00 2.631E+00
       8.500E-02 3.080E-01 9.663E-02 2.149E+00 0.000E+00 0.000E+00 2.553E+00 2.245E+00
       9.000E-02 2.805E-01 9.663E-02 1.839E+00 0.000E+00 0.000E+00 2.216E+00 1.935E+00
       9.500E-02 2.565E-01 9.655E-02 1.587E+00 0.000E+00 0.000E+00 1.940E+00 1.683E+00
       1.000E-01 2.356E-01 9.640E-02 1.380E+00 0.000E+00 0.000E+00 1.712E+00 1.476E+00
       1.130E-01 1.916E-01 9.574E-02 4.447E+00 0.000E+00 0.000E+00 4.734E+00 4.543E+00
       1.250E-01 1.611E-01 9.488E-02 3.433E+00 0.000E+00 0.000E+00 3.689E+00 3.528E+00
       1.500E-01 1.171E-01 9.267E-02 2.146E+00 0.000E+00 0.000E+00 2.355E+00 2.238E+00
       1.750E-01 8.900E-02 9.023E-02 1.436E+00 0.000E+00 0.000E+00 1.616E+00 1.527E+00
       2.000E-01 7.002E-02 8.776E-02 1.014E+00 0.000E+00 0.000E+00 1.172E+00 1.102E+00
       2.250E-01 5.662E-02 8.535E-02 7.466E-01 0.000E+00 0.000E+00 8.886E-01 8.320E-01
       2.500E-01 4.678E-02 8.303E-02 5.689E-01 0.000E+00 0.000E+00 6.987E-01 6.519E-01
       2.750E-01 3.933E-02 8.084E-02 4.457E-01 0.000E+00 0.000E+00 5.659E-01 5.265E-01
       3.000E-01 3.354E-02 7.879E-02 3.573E-01 0.000E+00 0.000E+00 4.696E-01 4.361E-01
       3.500E-01 2.524E-02 7.504E-02 2.428E-01 0.000E+00 0.000E+00 3.430E-01 3.178E-01
       4.000E-01 1.968E-02 7.172E-02 1.748E-01 0.000E+00 0.000E+00 2.662E-01 2.466E-01
       4.500E-01 1.577E-02 6.876E-02 1.317E-01 0.000E+00 0.000E+00 2.162E-01 2.004E-01
       5.000E-01 1.292E-02 6.610E-02 1.027E-01 0.000E+00 0.000E+00 1.817E-01 1.688E-01
       5.500E-01 1.078E-02 6.370E-02 8.239E-02 0.000E+00 0.000E+00 1.569E-01 1.461E-01
       6.000E-01 9.128E-03 6.152E-02 6.762E-02 0.000E+00 0.000E+00 1.383E-01 1.291E-01
       6.500E-01 7.827E-03 5.952E-02 5.657E-02 0.000E+00 0.000E+00 1.239E-01 1.161E-01
       7.000E-01 6.786E-03 5.768E-02 4.809E-02 0.000E+00 0.000E+00 1.126E-01 1.058E-01
       7.500E-01 5.940E-03 5.598E-02 4.144E-02 0.000E+00 0.000E+00 1.034E-01 9.742E-02
       8.000E-01 5.246E-03 5.441E-02 3.613E-02 0.000E+00 0.000E+00 9.578E-02 9.054E-02
       8.500E-01 4.669E-03 5.294E-02 3.182E-02 0.000E+00 0.000E+00 8.943E-02 8.476E-02
       9.000E-01 4.181E-03 5.158E-02 2.827E-02 0.000E+00 0.000E+00 8.404E-02 7.986E-02
       9.500E-01 3.764E-03 5.030E-02 2.532E-02 0.000E+00 0.000E+00 7.939E-02 7.563E-02
       1.000E+00 3.402E-03 4.910E-02 2.284E-02 0.000E+00 0.000E+00 7.535E-02 7.195E-02
       1.130E+00 2.676E-03 4.629E-02 1.795E-02 6.250E-05 0.000E+00 6.697E-02 6.430E-02
       1.250E+00 2.199E-03 4.402E-02 1.477E-02 4.186E-04 0.000E+00 6.141E-02 5.921E-02
       1.500E+00 1.537E-03 4.007E-02 1.051E-02 2.036E-03 0.000E+00 5.415E-02 5.262E-02
       1.750E+00 1.133E-03 3.691E-02 7.978E-03 4.056E-03 0.000E+00 5.008E-02 4.895E-02
       2.000E+00 8.707E-04 3.426E-02 6.349E-03 6.029E-03 0.000E+00 4.751E-02 4.664E-02
       2.250E+00 6.902E-04 3.201E-02 5.226E-03 7.924E-03 1.965E-07 4.585E-02 4.516E-02
       2.500E+00 5.600E-04 3.010E-02 4.407E-03 9.668E-03 1.632E-06 4.474E-02 4.418E-02
       2.750E+00 4.633E-04 2.845E-02 3.789E-03 1.128E-02 4.750E-06 4.398E-02 4.352E-02
       3.000E+00 3.895E-04 2.699E-02 3.312E-03 1.278E-02 9.427E-06 4.348E-02 4.309E-02
       3.500E+00 2.865E-04 2.453E-02 2.628E-03 1.556E-02 2.232E-05 4.303E-02 4.274E-02
       4.000E+00 2.196E-04 2.252E-02 2.165E-03 1.809E-02 3.842E-05 4.304E-02 4.282E-02
       4.500E+00 1.736E-04 2.086E-02 1.832E-03 2.040E-02 5.673E-05 4.333E-02 4.315E-02
       5.000E+00 1.407E-04 1.946E-02 1.584E-03 2.252E-02 7.639E-05 4.379E-02 4.365E-02
       5.500E+00 1.163E-04 1.825E-02 1.392E-03 2.450E-02 9.663E-05 4.436E-02 4.424E-02
       6.000E+00 9.776E-05 1.720E-02 1.240E-03 2.634E-02 1.170E-04 4.500E-02 4.490E-02
       6.500E+00 8.332E-05 1.628E-02 1.116E-03 2.807E-02 1.374E-04 4.569E-02 4.561E-02
       7.000E+00 7.186E-05 1.546E-02 1.014E-03 2.971E-02 1.575E-04 4.642E-02 4.634E-02
       7.500E+00 6.260E-05 1.473E-02 9.288E-04 3.126E-02 1.772E-04 4.716E-02 4.710E-02
       8.000E+00 5.502E-05 1.408E-02 8.561E-04 3.275E-02 1.965E-04 4.793E-02 4.787E-02
       8.500E+00 4.874E-05 1.348E-02 7.936E-04 3.416E-02 2.154E-04 4.870E-02 4.865E-02
       9.000E+00 4.348E-05 1.294E-02 7.394E-04 3.552E-02 2.338E-04 4.947E-02 4.943E-02
       9.500E+00 3.903E-05 1.245E-02 6.920E-04 3.682E-02 2.517E-04 5.025E-02 5.021E-02
       1.000E+01 3.522E-05 1.199E-02 6.501E-04 3.807E-02 2.691E-04 5.102E-02 5.098E-02