       1.000E-03 1.326E+01 4.873E-03 6.456E+03 0.000E+00 0.000E+00 6.470E+03 6.456E+03
       1.500E-03 1.263E+01 7.910E-03 3.069E+03 0.000E+00 0.000E+00 3.082E+03 3.069E+03
       2.000E-03 1.198E+01 1.088E-02 1.684E+03 0.000E+00 0.000E+00 1.696E+03 1.684E+03
       3.000E-03 1.074E+01 1.662E-02 6.873E+02 0.000E+00 0.000E+00 6.980E+02 6.873E+02
       4.000E-03 9.624E+00 2.197E-02 1.416E+03 0.000E+00 0.000E+00 1.426E+03 1.417E+03
       5.000E-03 8.647E+00 2.676E-02 8.600E+02 0.000E+00 0.000E+00 8.686E+02 8.600E+02
       6.000E-03 7.807E+00 3.104E-02 5.751E+02 0.000E+00 0.000E+00 5.829E+02 5.751E+02
       7.000E-03 7.023E+00 3.532E-02 3.921E+02 0.000E+00 0.000E+00 3.992E+02 3.922E+02
       8.000E-03 6.433E+00 3.854E-02 2.814E+02 0.000E+00 0.000E+00 2.879E+02 2.815E+02
       9.000E-03 5.879E+00 4.189E-02 2.088E+02 0.000E+00 0.000E+00 2.147E+02 2.089E+02
       1.000E-02 5.377E+00 4.523E-02 1.599E+02 0.000E+00 0.000E+00 1.653E+02 1.599E+02
       1.500E-02 3.631E+00 5.844E-02 5.631E+01 0.000E+00 0.000E+00 6.000E+01 5.637E+01
       2.000E-02 2.601E+00 6.767E-02 1.035E+02 0.000E+00 0.000E+00 1.061E+02 1.035E+02
       2.500E-02 1.955E+00 7.450E-02 5.832E+01 0.000E+00 0.000E+00 6.035E+01 5.839E+01
       3.000E-02 1.531E+00 8.006E-02 3.650E+01 0.000E+00 0.000E+00 3.811E+01 3.658E+01
       3.500E-02 1.241E+00 8.436E-02 2.432E+01 0.000E+00 0.000E+00 2.565E+01 2.441E+01
       4.000E-02 1.029E+00 8.769E-02 1.711E+01 0.000E+00 0.000E+00 1.823E+01 1.720E+01
       4.500E-02 8.666E-01 9.030E-02 1.250E+01 0.000E+00 0.000E+00 1.346E+01 1.259E+01
       5.000E-02 7.390E-01 9.231E-02 9.438E+00 0.000E+00 0.000E+00 1.027E+01 9.530E+00
       5.500E-02 6.371E-01 9.384E-02 7.306E+00 0.000E+00 0.000E+00 8.037E+00 7.400E+00
       6.000E-02 5.549E-01 9.499E-02 5.783E+00 0.000E+00 0.000E+00 6.433E+00 5.878E+00
       6.500E-02 4.880E-01 9.582E-02 4.657E+00 0.000E+00 0.000E+00 5.241E+00 4.753E+00
       7.000E-02 4.330E-01 9.640E-02 3.811E+00 0.000E+00 0.000E+00 4.340E+00 3.907E+00
       7.500E-02 3.871E-01 9.679E-02 3.162E+00 0.000E+00 0.000E+00 3.646E+00 3.259E+00
       8.000E-02 3.486E-01 9.703E-02 2.655E+00 0.000E+00 0.000E+00 3.101E+00 2.752E+00
       8.500E-02 3.158E-01 9.715E-02 2.252E+00 0.000E+00 0.000E+00 2.665E+00 2.349E+00
       9.000E-02 2.876E-01 9.716E-02 1.927E+00 0.000E+00 0.000E+00 2.312E+00 2.025E+00
       9.500E-02 2.631E-01 9.708E-02 1.664E+00 0.000E+00 0.000E+00 2.024E+00 1.761E+00
       1.000E-01 2.417E-01 9.693E-02 1.447E+00 0.000E+00 0.000E+00 1.786E+00 1.544E+00
       1.130E-01 1.967E-01 9.624E-02 4.591E+00 0.000E+00 0.000E+00 4.884E+00 4.687E+00
       1.250E-01 1.654E-01 9.537E-02 3.547E+00 0.000E+00 0.000E+00 3.808E+00 3.642E+00
       1.500E-01 1.203E-01 9.319E-02 2.220E+00 0.000E+00 0.000E+00 2.434E+00 2.313E+00
       1.750E-01 9.147E-02 9.075E-02 1.489E+00 0.000E+00 0.000E+00 1.671E+00 1.580E+00
       2.000E-01 7.197E-02 8.828E-02 1.053E+00 0.000E+00 0.000E+00 1.213E+00 1.141E+00
       2.250E-01 5.819E-02 8.586E-02 7.762E-01 0.000E+00 0.000E+00 9.202E-01 8.621E-01
       2.500E-01 4.808E-02 8.354E-02 5.919E-01 0.000E+00 0.000E+00 7.235E-01 6.754E-01
       2.750E-01 4.043E-02 8.135E-02 4.640E-01 0.000E+00 0.000E+00 5.857E-01 5.453E-01
       3.000E-01 3.448E-02 7.929E-02 3.722E-01 0.000E+00 0.000E+00 4.859E-01 4.514E-01
       3.500E-01 2.596E-02 7.552E-02 2.531E-01 0.000E+00 0.000E+00 3.546E-01 3.286E-01
       4.000E-01 2.025E-02 7.218E-02 1.825E-01 0.000E+00 0.000E+00 2.749E-01 2.546E-01
       4.500E-01 1.624E-02 6.920E-02 1.375E-01 0.000E+00 0.000E+00 2.230E-01 2.067E-01
       5.000E-01 1.331E-02 6.653E-02 1.074E-01 0.000E+00 0.000E+00 1.872E-01 1.739E-01
       5.500E-01 1.110E-02 6.412E-02 8.617E-02 0.000E+00 0.000E+00 1.614E-01 1.503E-01
       6.000E-01 9.403E-03 6.194E-02 7.077E-02 0.000E+00 0.000E+00 1.421E-01 1.327E-01
       6.500E-01 8.066E-03 5.993E-02 5.923E-02 0.000E+00 0.000E+00 1.272E-01 1.192E-01
       7.000E-01 6.995E-03 5.808E-02 5.037E-02 0.000E+00 0.000E+00 1.154E-01 1.084E-01
       7.500E-01 6.123E-03 5.637E-02 4.341E-02 0.000E+00 0.000E+00 1.059E-01 9.978E-02
       8.000E-01 5.406E-03 5.478E-02 3.785E-02 0.000E+00 0.000E+00 9.803E-02 9.263E-02
       8.500E-01 4.808E-03 5.329E-02 3.334E-02 0.000E+00 0.000E+00 9.144E-02 8.663E-02
       9.000E-01 4.304E-03 5.191E-02 2.963E-02 0.000E+00 0.000E+00 8.584E-02 8.154E-02
       9.500E-01 3.875E-03 5.062E-02 2.654E-02 0.000E+00 0.000E+00 8.104E-02 7.716E-02
       1.000E+00 3.507E-03 4.942E-02 2.394E-02 0.000E+00 0.000E+00 7.686E-02 7.336E-02
       1.130E+00 2.762E-03 4.661E-02 1.881E-02 6.385E-05 0.000E+00 6.824E-02 6.548E-02
       1.250E+00 2.267E-03 4.432E-02 1.549E-02 4.292E-04 0.000E+00 6.251E-02 6.024E-02
       1.500E+00 1.585E-03 4.035E-02 1.101E-02 2.095E-03 0.000E+00 5.504E-02 5.345E-02
       1.750E+00 1.170E-03 3.714E-02 8.366E-03 4.169E-03 0.000E+00 5.085E-02 4.968E-02
       2.000E+00 8.984E-04 3.448E-02 6.655E-03 6.186E-03 0.000E+00 4.822E-02 4.733E-02
       2.250E+00 7.114E-04 3.223E-02 5.473E-03 8.114E-03 1.979E-07 4.653E-02 4.582E-02
       2.500E+00 5.772E-04 3.030E-02 4.615E-03 9.887E-03 1.644E-06 4.539E-02 4.481E-02
       2.750E+00 4.777E-04 2.863E-02 3.969E-03 1.152E-02 4.783E-06 4.461E-02 4.413E-02
       3.000E+00 4.019E-04 2.716E-02 3.470E-03 1.305E-02 9.491E-06 4.409E-02 4.369E-02
       3.500E+00 2.957E-04 2.469E-02 2.753E-03 1.587E-02 2.247E-05 4.363E-02 4.333E-02
       4.000E+00 2.266E-04 2.268E-02 2.267E-03 1.842E-02 3.867E-05 4.363E-02 4.341E-02
       4.500E+00 1.792E-04 2.101E-02 1.919E-03 2.076E-02 5.710E-05 4.392E-02 4.374E-02
       5.000E+00 1.452E-04 1.959E-02 1.658E-03 2.291E-02 7.690E-05 4.438E-02 4.424E-02
       5.500E+00 1.200E-04 1.838E-02 1.457E-03 2.490E-02 9.729E-05 4.496E-02 4.484E-02
       6.000E+00 1.009E-04 1.732E-02 1.298E-03 2.676E-02 1.179E-04 4.560E-02 4.550E-02
       6.500E+00 8.600E-05 1.639E-02 1.168E-03 2.851E-02 1.383E-04 4.630E-02 4.621E-02
       7.000E+00 7.417E-05 1.557E-02 1.062E-03 3.016E-02 1.585E-04 4.703E-02 4.695E-02
       7.500E+00 6.461E-05 1.483E-02 9.719E-04 3.173E-02 1.784E-04 4.778E-02 4.772E-02
       8.000E+00 5.679E-05 1.417E-02 8.958E-04 3.324E-02 1.979E-04 4.856E-02 4.850E-02
       8.500E+00 5.031E-05 1.357E-02 8.305E-04 3.467E-02 2.169E-04 4.934E-02 4.929E-02
       9.000E+00 4.488E-05 1.303E-02 7.738E-04 3.605E-02 2.354E-04 5.013E-02 5.009E-02
       9.500E+00 4.029E-05 1.253E-02 7.240E-04 3.738E-02 2.533E-04 5.092E-02 5.088E-02
       1.000E+01 3.637E-05 1.207E-02 6.801E-04 3.865E-02 2.708E-04 5.171E-02 5.167E-02