       1.000E-03 1.327E+01 4.807E-03 6.600E+03 0.000E+00 0.000E+00 6.613E+03 6.600E+03
       1.500E-03 1.263E+01 7.885E-03 3.148E+03 0.000E+00 0.000E+00 3.161E+03 3.148E+03
       2.000E-03 1.196E+01 1.086E-02 1.730E+03 0.000E+00 0.000E+00 1.741E+03 1.730E+03
       3.000E-03 1.071E+01 1.656E-02 7.072E+02 0.000E+00 0.000E+00 7.179E+02 7.072E+02
       4.000E-03 9.590E+00 2.186E-02 1.243E+03 0.000E+00 0.000E+00 1.253E+03 1.243E+03
       5.000E-03 8.624E+00 2.665E-02 8.790E+02 0.000E+00 0.000E+00 8.877E+02 8.791E+02
       6.000E-03 7.789E+00 3.088E-02 5.868E+02 0.000E+00 0.000E+00 5.946E+02 5.868E+02
       7.000E-03 7.063E+00 3.474E-02 4.002E+02 0.000E+00 0.000E+00 4.073E+02 4.003E+02
       8.000E-03 6.426E+00 3.831E-02 2.873E+02 0.000E+00 0.000E+00 2.938E+02 2.873E+02
       9.000E-03 5.868E+00 4.166E-02 2.134E+02 0.000E+00 0.000E+00 2.193E+02 2.134E+02
       1.000E-02 5.378E+00 4.482E-02 1.635E+02 0.000E+00 0.000E+00 1.689E+02 1.636E+02
       1.500E-02 3.639E+00 5.782E-02 5.772E+01 0.000E+00 0.000E+00 6.142E+01 5.778E+01
       2.000E-02 2.613E+00 6.691E-02 9.099E+01 0.000E+00 0.000E+00 9.367E+01 9.106E+01
       2.500E-02 1.963E+00 7.376E-02 5.948E+01 0.000E+00 0.000E+00 6.151E+01 5.955E+01
       3.000E-02 1.539E+00 7.905E-02 3.729E+01 0.000E+00 0.000E+00 3.891E+01 3.737E+01
       3.500E-02 1.247E+00 8.325E-02 2.489E+01 0.000E+00 0.000E+00 2.622E+01 2.497E+01
       4.000E-02 1.034E+00 8.655E-02 1.753E+01 0.000E+00 0.000E+00 1.865E+01 1.762E+01
       4.500E-02 8.719E-01 8.913E-02 1.281E+01 0.000E+00 0.000E+00 1.378E+01 1.290E+01
       5.000E-02 7.441E-01 9.112E-02 9.683E+00 0.000E+00 0.000E+00 1.052E+01 9.774E+00
       5.500E-02 6.417E-01 9.265E-02 7.499E+00 0.000E+00 0.000E+00 8.233E+00 7.592E+00
       6.000E-02 5.590E-01 9.379E-02 5.938E+00 0.000E+00 0.000E+00 6.591E+00 6.032E+00
       6.500E-02 4.917E-01 9.463E-02 4.784E+00 0.000E+00 0.000E+00 5.370E+00 4.878E+00
       7.000E-02 4.362E-01 9.522E-02 3.916E+00 0.000E+00 0.000E+00 4.447E+00 4.011E+00
       7.500E-02 3.900E-01 9.561E-02 3.250E+00 0.000E+00 0.000E+00 3.736E+00 3.346E+00
       8.000E-02 3.511E-01 9.585E-02 2.730E+00 0.000E+00 0.000E+00 3.177E+00 2.826E+00
       8.500E-02 3.181E-01 9.596E-02 2.316E+00 0.000E+00 0.000E+00 2.730E+00 2.412E+00
       9.000E-02 2.898E-01 9.596E-02 1.984E+00 0.000E+00 0.000E+00 2.370E+00 2.080E+00
       9.500E-02 2.652E-01 9.589E-02 1.713E+00 0.000E+00 0.000E+00 2.074E+00 1.809E+00
       1.000E-01 2.435E-01 9.574E-02 1.491E+00 0.000E+00 0.000E+00 1.830E+00 1.586E+00
       1.130E-01 1.983E-01 9.510E-02 4.661E+00 0.000E+00 0.000E+00 4.954E+00 4.756E+00
       1.250E-01 1.668E-01 9.427E-02 3.603E+00 0.000E+00 0.000E+00 3.864E+00 3.697E+00
       1.500E-01 1.214E-01 9.211E-02 2.258E+00 0.000E+00 0.000E+00 2.472E+00 2.351E+00
       1.750E-01 9.235E-02 8.971E-02 1.517E+00 0.000E+00 0.000E+00 1.699E+00 1.607E+00
       2.000E-01 7.267E-02 8.728E-02 1.074E+00 0.000E+00 0.000E+00 1.234E+00 1.161E+00
       2.250E-01 5.876E-02 8.490E-02 7.925E-01 0.000E+00 0.000E+00 9.362E-01 8.774E-01
       2.500E-01 4.856E-02 8.261E-02 6.048E-01 0.000E+00 0.000E+00 7.360E-01 6.874E-01
       2.750E-01 4.083E-02 8.044E-02 4.744E-01 0.000E+00 0.000E+00 5.957E-01 5.548E-01
       3.000E-01 3.483E-02 7.840E-02 3.807E-01 0.000E+00 0.000E+00 4.940E-01 4.591E-01
       3.500E-01 2.623E-02 7.469E-02 2.592E-01 0.000E+00 0.000E+00 3.602E-01 3.339E-01
       4.000E-01 2.047E-02 7.140E-02 1.871E-01 0.000E+00 0.000E+00 2.789E-01 2.585E-01
       4.500E-01 1.642E-02 6.846E-02 1.411E-01 0.000E+00 0.000E+00 2.260E-01 2.096E-01
       5.000E-01 1.346E-02 6.582E-02 1.102E-01 0.000E+00 0.000E+00 1.895E-01 1.760E-01
       5.500E-01 1.123E-02 6.343E-02 8.852E-02 0.000E+00 0.000E+00 1.632E-01 1.519E-01
       6.000E-01 9.514E-03 6.125E-02 7.272E-02 0.000E+00 0.000E+00 1.435E-01 1.340E-01
       6.500E-01 8.163E-03 5.926E-02 6.089E-02 0.000E+00 0.000E+00 1.283E-01 1.201E-01
       7.000E-01 7.080E-03 5.743E-02 5.180E-02 0.000E+00 0.000E+00 1.163E-01 1.092E-01
       7.500E-01 6.199E-03 5.575E-02 4.466E-02 0.000E+00 0.000E+00 1.066E-01 1.004E-01
       8.000E-01 5.474E-03 5.419E-02 3.896E-02 0.000E+00 0.000E+00 9.862E-02 9.315E-02
       8.500E-01 4.869E-03 5.275E-02 3.432E-02 0.000E+00 0.000E+00 9.193E-02 8.707E-02
       9.000E-01 4.358E-03 5.140E-02 3.050E-02 0.000E+00 0.000E+00 8.625E-02 8.190E-02
       9.500E-01 3.924E-03 5.012E-02 2.732E-02 0.000E+00 0.000E+00 8.136E-02 7.744E-02
       1.000E+00 3.550E-03 4.890E-02 2.464E-02 0.000E+00 0.000E+00 7.709E-02 7.354E-02
       1.130E+00 2.797E-03 4.606E-02 1.937E-02 6.401E-05 0.000E+00 6.829E-02 6.550E-02
       1.250E+00 2.297E-03 4.383E-02 1.595E-02 4.321E-04 0.000E+00 6.251E-02 6.021E-02
       1.500E+00 1.606E-03 3.992E-02 1.134E-02 2.117E-03 0.000E+00 5.498E-02 5.337E-02
       1.750E+00 1.185E-03 3.675E-02 8.615E-03 4.211E-03 0.000E+00 5.076E-02 4.957E-02
       2.000E+00 9.104E-04 3.413E-02 6.852E-03 6.234E-03 0.000E+00 4.812E-02 4.721E-02
       2.250E+00 7.218E-04 3.192E-02 5.632E-03 8.162E-03 1.959E-07 4.643E-02 4.571E-02
       2.500E+00 5.857E-04 3.001E-02 4.749E-03 9.933E-03 1.626E-06 4.528E-02 4.469E-02
       2.750E+00 4.846E-04 2.835E-02 4.085E-03 1.157E-02 4.732E-06 4.449E-02 4.400E-02
       3.000E+00 4.075E-04 2.689E-02 3.571E-03 1.309E-02 9.390E-06 4.396E-02 4.356E-02
       3.500E+00 2.997E-04 2.443E-02 2.833E-03 1.589E-02 2.222E-05 4.348E-02 4.318E-02
       4.000E+00 2.297E-04 2.244E-02 2.332E-03 1.843E-02 3.826E-05 4.347E-02 4.324E-02
       4.500E+00 1.817E-04 2.079E-02 1.974E-03 2.075E-02 5.649E-05 4.375E-02 4.357E-02
       5.000E+00 1.472E-04 1.939E-02 1.706E-03 2.289E-02 7.607E-05 4.421E-02 4.406E-02
       5.500E+00 1.217E-04 1.819E-02 1.499E-03 2.488E-02 9.624E-05 4.478E-02 4.466E-02
       6.000E+00 1.023E-04 1.714E-02 1.335E-03 2.673E-02 1.166E-04 4.542E-02 4.532E-02
       6.500E+00 8.721E-05 1.622E-02 1.201E-03 2.847E-02 1.368E-04 4.611E-02 4.602E-02
       7.000E+00 7.521E-05 1.541E-02 1.091E-03 3.011E-02 1.568E-04 4.683E-02 4.676E-02
       7.500E+00 6.552E-05 1.468E-02 9.993E-04 3.167E-02 1.765E-04 4.759E-02 4.752E-02
       8.000E+00 5.759E-05 1.402E-02 9.211E-04 3.317E-02 1.957E-04 4.837E-02 4.831E-02
       8.500E+00 5.102E-05 1.343E-02 8.537E-04 3.460E-02 2.145E-04 4.915E-02 4.910E-02
       9.000E+00 4.552E-05 1.289E-02 7.952E-04 3.597E-02 2.328E-04 4.994E-02 4.989E-02
       9.500E+00 4.086E-05 1.240E-02 7.440E-04 3.728E-02 2.507E-04 5.071E-02 5.067E-02
       1.000E+01 3.688E-05 1.194E-02 6.989E-04 3.854E-02 2.681E-04 5.149E-02 5.145E-02