       1.000E-03 1.366E+01 4.702E-03 6.516E+03 0.000E+00 0.000E+00 6.530E+03 6.516E+03
       1.500E-03 1.303E+01 7.715E-03 3.313E+03 0.000E+00 0.000E+00 3.326E+03 3.313E+03
       2.000E-03 1.236E+01 1.068E-02 1.821E+03 0.000E+00 0.000E+00 1.834E+03 1.821E+03
       3.000E-03 1.107E+01 1.644E-02 7.447E+02 0.000E+00 0.000E+00 7.558E+02 7.447E+02
       4.000E-03 9.908E+00 2.178E-02 1.305E+03 0.000E+00 0.000E+00 1.315E+03 1.305E+03
       5.000E-03 8.894E+00 2.659E-02 8.669E+02 0.000E+00 0.000E+00 8.759E+02 8.670E+02
       6.000E-03 8.023E+00 3.089E-02 6.136E+02 0.000E+00 0.000E+00 6.216E+02 6.136E+02
       7.000E-03 7.290E+00 3.564E-02 4.188E+02 0.000E+00 0.000E+00 4.261E+02 4.188E+02
       8.000E-03 6.613E+00 3.842E-02 3.008E+02 0.000E+00 0.000E+00 3.075E+02 3.008E+02
       9.000E-03 6.034E+00 4.164E-02 2.235E+02 0.000E+00 0.000E+00 2.296E+02 2.235E+02
       1.000E-02 5.534E+00 4.507E-02 1.714E+02 0.000E+00 0.000E+00 1.769E+02 1.714E+02
       1.500E-02 3.751E+00 5.839E-02 6.060E+01 0.000E+00 0.000E+00 6.441E+01 6.066E+01
       2.000E-02 2.698E+00 6.772E-02 6.748E+01 0.000E+00 0.000E+00 7.025E+01 6.755E+01
       2.500E-02 2.034E+00 7.463E-02 6.229E+01 0.000E+00 0.000E+00 6.440E+01 6.236E+01
       3.000E-02 1.589E+00 8.002E-02 3.910E+01 0.000E+00 0.000E+00 4.077E+01 3.918E+01
       3.500E-02 1.287E+00 8.430E-02 2.612E+01 0.000E+00 0.000E+00 2.749E+01 2.620E+01
       4.000E-02 1.068E+00 8.766E-02 1.841E+01 0.000E+00 0.000E+00 1.957E+01 1.850E+01
       4.500E-02 9.008E-01 9.027E-02 1.347E+01 0.000E+00 0.000E+00 1.446E+01 1.356E+01
       5.000E-02 7.692E-01 9.230E-02 1.019E+01 0.000E+00 0.000E+00 1.105E+01 1.028E+01
       5.500E-02 6.637E-01 9.386E-02 7.895E+00 0.000E+00 0.000E+00 8.652E+00 7.989E+00
       6.000E-02 5.784E-01 9.504E-02 6.256E+00 0.000E+00 0.000E+00 6.929E+00 6.351E+00
       6.500E-02 5.088E-01 9.589E-02 5.043E+00 0.000E+00 0.000E+00 5.647E+00 5.139E+00
       7.000E-02 4.514E-01 9.650E-02 4.130E+00 0.000E+00 0.000E+00 4.678E+00 4.227E+00
       7.500E-02 4.036E-01 9.690E-02 3.430E+00 0.000E+00 0.000E+00 3.931E+00 3.527E+00
       8.000E-02 3.634E-01 9.715E-02 2.883E+00 0.000E+00 0.000E+00 3.343E+00 2.980E+00
       8.500E-02 3.292E-01 9.727E-02 2.446E+00 0.000E+00 0.000E+00 2.873E+00 2.544E+00
       9.000E-02 2.999E-01 9.728E-02 2.095E+00 0.000E+00 0.000E+00 2.493E+00 2.193E+00
       9.500E-02 2.744E-01 9.721E-02 1.810E+00 0.000E+00 0.000E+00 2.182E+00 1.907E+00
       1.000E-01 2.520E-01 9.707E-02 1.575E+00 0.000E+00 0.000E+00 1.924E+00 1.672E+00
       1.130E-01 2.052E-01 9.645E-02 4.851E+00 0.000E+00 0.000E+00 5.153E+00 4.948E+00
       1.250E-01 1.728E-01 9.560E-02 3.752E+00 0.000E+00 0.000E+00 4.021E+00 3.848E+00
       1.500E-01 1.258E-01 9.342E-02 2.356E+00 0.000E+00 0.000E+00 2.575E+00 2.449E+00
       1.750E-01 9.573E-02 9.102E-02 1.585E+00 0.000E+00 0.000E+00 1.772E+00 1.676E+00
       2.000E-01 7.533E-02 8.857E-02 1.124E+00 0.000E+00 0.000E+00 1.288E+00 1.213E+00
       2.250E-01 6.092E-02 8.616E-02 8.303E-01 0.000E+00 0.000E+00 9.774E-01 9.165E-01
       2.500E-01 5.035E-02 8.385E-02 6.340E-01 0.000E+00 0.000E+00 7.682E-01 7.179E-01
       2.750E-01 4.234E-02 8.165E-02 4.976E-01 0.000E+00 0.000E+00 6.216E-01 5.793E-01
       3.000E-01 3.613E-02 7.958E-02 3.996E-01 0.000E+00 0.000E+00 5.153E-01 4.792E-01
       3.500E-01 2.722E-02 7.581E-02 2.724E-01 0.000E+00 0.000E+00 3.754E-01 3.482E-01
       4.000E-01 2.125E-02 7.246E-02 1.967E-01 0.000E+00 0.000E+00 2.904E-01 2.692E-01
       4.500E-01 1.705E-02 6.948E-02 1.485E-01 0.000E+00 0.000E+00 2.350E-01 2.180E-01
       5.000E-01 1.398E-02 6.681E-02 1.161E-01 0.000E+00 0.000E+00 1.969E-01 1.829E-01
       5.500E-01 1.167E-02 6.439E-02 9.327E-02 0.000E+00 0.000E+00 1.693E-01 1.577E-01
       6.000E-01 9.884E-03 6.219E-02 7.666E-02 0.000E+00 0.000E+00 1.487E-01 1.389E-01
       6.500E-01 8.483E-03 6.017E-02 6.421E-02 0.000E+00 0.000E+00 1.329E-01 1.244E-01
       7.000E-01 7.361E-03 5.830E-02 5.463E-02 0.000E+00 0.000E+00 1.203E-01 1.129E-01
       7.500E-01 6.446E-03 5.658E-02 4.712E-02 0.000E+00 0.000E+00 1.101E-01 1.037E-01
       8.000E-01 5.690E-03 5.500E-02 4.111E-02 0.000E+00 0.000E+00 1.018E-01 9.610E-02
       8.500E-01 5.058E-03 5.354E-02 3.622E-02 0.000E+00 0.000E+00 9.482E-02 8.976E-02
       9.000E-01 4.526E-03 5.217E-02 3.220E-02 0.000E+00 0.000E+00 8.890E-02 8.437E-02
       9.500E-01 4.075E-03 5.088E-02 2.885E-02 0.000E+00 0.000E+00 8.381E-02 7.973E-02
       1.000E+00 3.691E-03 4.966E-02 2.603E-02 0.000E+00 0.000E+00 7.937E-02 7.568E-02
       1.130E+00 2.912E-03 4.679E-02 2.046E-02 6.589E-05 0.000E+00 7.023E-02 6.731E-02
       1.250E+00 2.389E-03 4.452E-02 1.684E-02 4.465E-04 0.000E+00 6.420E-02 6.181E-02
       1.500E+00 1.671E-03 4.053E-02 1.198E-02 2.195E-03 0.000E+00 5.638E-02 5.470E-02
       1.750E+00 1.233E-03 3.730E-02 9.099E-03 4.364E-03 0.000E+00 5.199E-02 5.076E-02
       2.000E+00 9.475E-04 3.464E-02 7.236E-03 6.449E-03 0.000E+00 4.927E-02 4.833E-02
       2.250E+00 7.506E-04 3.241E-02 5.947E-03 8.427E-03 1.990E-07 4.753E-02 4.678E-02
       2.500E+00 6.092E-04 3.047E-02 5.014E-03 1.024E-02 1.652E-06 4.634E-02 4.573E-02
       2.750E+00 5.042E-04 2.878E-02 4.312E-03 1.191E-02 4.806E-06 4.551E-02 4.501E-02
       3.000E+00 4.241E-04 2.729E-02 3.769E-03 1.347E-02 9.535E-06 4.496E-02 4.454E-02
       3.500E+00 3.120E-04 2.480E-02 2.989E-03 1.633E-02 2.256E-05 4.446E-02 4.414E-02
       4.000E+00 2.392E-04 2.279E-02 2.461E-03 1.892E-02 3.884E-05 4.445E-02 4.421E-02
       4.500E+00 1.891E-04 2.111E-02 2.083E-03 2.129E-02 5.735E-05 4.473E-02 4.454E-02
       5.000E+00 1.533E-04 1.968E-02 1.800E-03 2.347E-02 7.723E-05 4.519E-02 4.503E-02
       5.500E+00 1.267E-04 1.846E-02 1.581E-03 2.549E-02 9.772E-05 4.576E-02 4.563E-02
       6.000E+00 1.065E-04 1.740E-02 1.408E-03 2.737E-02 1.184E-04 4.641E-02 4.630E-02
       6.500E+00 9.079E-05 1.647E-02 1.267E-03 2.915E-02 1.389E-04 4.712E-02 4.703E-02
       7.000E+00 7.830E-05 1.564E-02 1.151E-03 3.084E-02 1.592E-04 4.787E-02 4.779E-02
       7.500E+00 6.821E-05 1.491E-02 1.054E-03 3.244E-02 1.792E-04 4.865E-02 4.858E-02
       8.000E+00 5.995E-05 1.424E-02 9.712E-04 3.396E-02 1.987E-04 4.943E-02 4.937E-02
       8.500E+00 5.311E-05 1.364E-02 9.001E-04 3.541E-02 2.178E-04 5.022E-02 5.017E-02
       9.000E+00 4.739E-05 1.309E-02 8.385E-04 3.680E-02 2.364E-04 5.102E-02 5.097E-02
       9.500E+00 4.254E-05 1.259E-02 7.847E-04 3.814E-02 2.545E-04 5.181E-02 5.177E-02
       1.000E+01 3.839E-05 1.213E-02 7.371E-04 3.944E-02 2.721E-04 5.261E-02 5.258E-02