       1.000E-03 1.357E+01 4.526E-03 6.613E+03 0.000E+00 0.000E+00 6.627E+03 6.613E+03
       1.500E-03 1.295E+01 7.453E-03 3.367E+03 0.000E+00 0.000E+00 3.380E+03 3.367E+03
       2.000E-03 1.230E+01 1.034E-02 1.853E+03 0.000E+00 0.000E+00 1.865E+03 1.853E+03
       3.000E-03 1.102E+01 1.595E-02 7.582E+02 0.000E+00 0.000E+00 7.693E+02 7.583E+02
       4.000E-03 9.854E+00 2.116E-02 1.319E+03 0.000E+00 0.000E+00 1.329E+03 1.319E+03
       5.000E-03 8.840E+00 2.588E-02 8.802E+02 0.000E+00 0.000E+00 8.891E+02 8.802E+02
       6.000E-03 7.970E+00 3.008E-02 6.204E+02 0.000E+00 0.000E+00 6.284E+02 6.204E+02
       7.000E-03 7.220E+00 3.391E-02 4.234E+02 0.000E+00 0.000E+00 4.306E+02 4.234E+02
       8.000E-03 6.568E+00 3.747E-02 3.041E+02 0.000E+00 0.000E+00 3.107E+02 3.041E+02
       9.000E-03 5.997E+00 4.082E-02 2.262E+02 0.000E+00 0.000E+00 2.322E+02 2.262E+02
       1.000E-02 5.498E+00 4.397E-02 1.736E+02 0.000E+00 0.000E+00 1.791E+02 1.736E+02
       1.500E-02 3.734E+00 5.705E-02 6.148E+01 0.000E+00 0.000E+00 6.527E+01 6.154E+01
       2.000E-02 2.689E+00 6.626E-02 6.831E+01 0.000E+00 0.000E+00 7.107E+01 6.838E+01
       2.500E-02 2.028E+00 7.312E-02 6.300E+01 0.000E+00 0.000E+00 6.510E+01 6.307E+01
       3.000E-02 1.585E+00 7.833E-02 3.962E+01 0.000E+00 0.000E+00 4.128E+01 3.970E+01
       3.500E-02 1.284E+00 8.247E-02 2.648E+01 0.000E+00 0.000E+00 2.785E+01 2.656E+01
       4.000E-02 1.065E+00 8.577E-02 1.868E+01 0.000E+00 0.000E+00 1.983E+01 1.876E+01
       4.500E-02 8.990E-01 8.834E-02 1.368E+01 0.000E+00 0.000E+00 1.467E+01 1.377E+01
       5.000E-02 7.681E-01 9.035E-02 1.035E+01 0.000E+00 0.000E+00 1.121E+01 1.044E+01
       5.500E-02 6.632E-01 9.189E-02 8.027E+00 0.000E+00 0.000E+00 8.782E+00 8.119E+00
       6.000E-02 5.781E-01 9.305E-02 6.363E+00 0.000E+00 0.000E+00 7.034E+00 6.456E+00
       6.500E-02 5.086E-01 9.391E-02 5.132E+00 0.000E+00 0.000E+00 5.734E+00 5.226E+00
       7.000E-02 4.511E-01 9.452E-02 4.205E+00 0.000E+00 0.000E+00 4.751E+00 4.300E+00
       7.500E-02 4.033E-01 9.493E-02 3.494E+00 0.000E+00 0.000E+00 3.992E+00 3.588E+00
       8.000E-02 3.631E-01 9.518E-02 2.937E+00 0.000E+00 0.000E+00 3.396E+00 3.033E+00
       8.500E-02 3.289E-01 9.530E-02 2.494E+00 0.000E+00 0.000E+00 2.918E+00 2.589E+00
       9.000E-02 2.996E-01 9.531E-02 2.137E+00 0.000E+00 0.000E+00 2.532E+00 2.232E+00
       9.500E-02 2.742E-01 9.524E-02 1.846E+00 0.000E+00 0.000E+00 2.216E+00 1.942E+00
       1.000E-01 2.519E-01 9.510E-02 1.608E+00 0.000E+00 0.000E+00 1.955E+00 1.703E+00
       1.130E-01 2.052E-01 9.450E-02 1.155E+00 0.000E+00 0.000E+00 1.455E+00 1.249E+00
       1.250E-01 1.728E-01 9.370E-02 3.774E+00 0.000E+00 0.000E+00 4.041E+00 3.868E+00
       1.500E-01 1.260E-01 9.159E-02 2.373E+00 0.000E+00 0.000E+00 2.591E+00 2.465E+00
       1.750E-01 9.586E-02 8.923E-02 1.600E+00 0.000E+00 0.000E+00 1.785E+00 1.689E+00
       2.000E-01 7.544E-02 8.683E-02 1.136E+00 0.000E+00 0.000E+00 1.298E+00 1.223E+00
       2.250E-01 6.102E-02 8.448E-02 8.398E-01 0.000E+00 0.000E+00 9.853E-01 9.243E-01
       2.500E-01 5.044E-02 8.222E-02 6.419E-01 0.000E+00 0.000E+00 7.745E-01 7.241E-01
       2.750E-01 4.243E-02 8.008E-02 5.041E-01 0.000E+00 0.000E+00 6.266E-01 5.842E-01
       3.000E-01 3.620E-02 7.805E-02 4.051E-01 0.000E+00 0.000E+00 5.193E-01 4.831E-01
       3.500E-01 2.729E-02 7.435E-02 2.764E-01 0.000E+00 0.000E+00 3.781E-01 3.508E-01
       4.000E-01 2.131E-02 7.107E-02 1.998E-01 0.000E+00 0.000E+00 2.922E-01 2.709E-01
       4.500E-01 1.710E-02 6.815E-02 1.510E-01 0.000E+00 0.000E+00 2.362E-01 2.191E-01
       5.000E-01 1.402E-02 6.553E-02 1.181E-01 0.000E+00 0.000E+00 1.976E-01 1.836E-01
       5.500E-01 1.171E-02 6.316E-02 9.493E-02 0.000E+00 0.000E+00 1.698E-01 1.581E-01
       6.000E-01 9.920E-03 6.100E-02 7.808E-02 0.000E+00 0.000E+00 1.490E-01 1.391E-01
       6.500E-01 8.513E-03 5.902E-02 6.544E-02 0.000E+00 0.000E+00 1.330E-01 1.245E-01
       7.000E-01 7.386E-03 5.720E-02 5.571E-02 0.000E+00 0.000E+00 1.203E-01 1.129E-01
       7.500E-01 6.468E-03 5.552E-02 4.806E-02 0.000E+00 0.000E+00 1.100E-01 1.036E-01
       8.000E-01 5.713E-03 5.396E-02 4.192E-02 0.000E+00 0.000E+00 1.016E-01 9.589E-02
       8.500E-01 5.083E-03 5.252E-02 3.693E-02 0.000E+00 0.000E+00 9.453E-02 8.945E-02
       9.000E-01 4.551E-03 5.117E-02 3.281E-02 0.000E+00 0.000E+00 8.853E-02 8.398E-02
       9.500E-01 4.098E-03 4.990E-02 2.940E-02 0.000E+00 0.000E+00 8.340E-02 7.930E-02
       1.000E+00 3.709E-03 4.870E-02 2.654E-02 0.000E+00 0.000E+00 7.895E-02 7.524E-02
       1.130E+00 2.922E-03 4.591E-02 2.089E-02 6.547E-05 0.000E+00 6.978E-02 6.686E-02
       1.250E+00 2.400E-03 4.367E-02 1.718E-02 4.455E-04 0.000E+00 6.370E-02 6.130E-02
       1.500E+00 1.679E-03 3.977E-02 1.222E-02 2.199E-03 0.000E+00 5.587E-02 5.419E-02
       1.750E+00 1.239E-03 3.665E-02 9.282E-03 4.365E-03 0.000E+00 5.154E-02 5.030E-02
       2.000E+00 9.523E-04 3.400E-02 7.380E-03 6.441E-03 0.000E+00 4.878E-02 4.782E-02
       2.250E+00 7.547E-04 3.175E-02 6.066E-03 8.413E-03 1.951E-07 4.698E-02 4.623E-02
       2.500E+00 6.125E-04 2.986E-02 5.115E-03 1.021E-02 1.620E-06 4.580E-02 4.518E-02
       2.750E+00 5.068E-04 2.823E-02 4.400E-03 1.186E-02 4.714E-06 4.500E-02 4.449E-02
       3.000E+00 4.263E-04 2.679E-02 3.846E-03 1.339E-02 9.356E-06 4.447E-02 4.404E-02
       3.500E+00 3.137E-04 2.435E-02 3.049E-03 1.621E-02 2.215E-05 4.395E-02 4.364E-02
       4.000E+00 2.405E-04 2.236E-02 2.509E-03 1.877E-02 3.813E-05 4.392E-02 4.368E-02
       4.500E+00 1.902E-04 2.071E-02 2.123E-03 2.111E-02 5.629E-05 4.419E-02 4.400E-02
       5.000E+00 1.541E-04 1.932E-02 1.835E-03 2.325E-02 7.580E-05 4.463E-02 4.448E-02
       5.500E+00 1.274E-04 1.812E-02 1.612E-03 2.524E-02 9.588E-05 4.519E-02 4.506E-02
       6.000E+00 1.071E-04 1.708E-02 1.435E-03 2.710E-02 1.161E-04 4.583E-02 4.572E-02
       6.500E+00 9.130E-05 1.616E-02 1.292E-03 2.885E-02 1.363E-04 4.654E-02 4.644E-02
       7.000E+00 7.873E-05 1.535E-02 1.173E-03 3.051E-02 1.562E-04 4.727E-02 4.719E-02
       7.500E+00 6.859E-05 1.463E-02 1.074E-03 3.208E-02 1.758E-04 4.802E-02 4.795E-02
       8.000E+00 6.029E-05 1.397E-02 9.895E-04 3.357E-02 1.949E-04 4.879E-02 4.873E-02
       8.500E+00 5.342E-05 1.338E-02 9.171E-04 3.502E-02 2.137E-04 4.959E-02 4.953E-02
       9.000E+00 4.767E-05 1.284E-02 8.544E-04 3.641E-02 2.319E-04 5.039E-02 5.034E-02
       9.500E+00 4.278E-05 1.235E-02 7.994E-04 3.772E-02 2.496E-04 5.117E-02 5.112E-02
       1.000E+01 3.861E-05 1.190E-02 7.509E-04 3.899E-02 2.669E-04 5.195E-02 5.191E-02