       1.000E-03 1.394E+01 4.519E-03 6.938E+03 0.000E+00 0.000E+00 6.952E+03 6.938E+03
       1.500E-03 1.331E+01 7.469E-03 3.475E+03 0.000E+00 0.000E+00 3.489E+03 3.475E+03
       2.000E-03 1.265E+01 1.038E-02 1.949E+03 0.000E+00 0.000E+00 1.962E+03 1.949E+03
       3.000E-03 1.134E+01 1.603E-02 7.977E+02 0.000E+00 0.000E+00 8.091E+02 7.977E+02
       4.000E-03 1.014E+01 2.126E-02 1.380E+03 0.000E+00 0.000E+00 1.390E+03 1.380E+03
       5.000E-03 9.092E+00 2.601E-02 9.232E+02 0.000E+00 0.000E+00 9.323E+02 9.232E+02
       6.000E-03 8.190E+00 3.028E-02 6.486E+02 0.000E+00 0.000E+00 6.568E+02 6.486E+02
       7.000E-03 7.417E+00 3.418E-02 4.427E+02 0.000E+00 0.000E+00 4.502E+02 4.428E+02
       8.000E-03 6.747E+00 3.778E-02 3.181E+02 0.000E+00 0.000E+00 3.249E+02 3.181E+02
       9.000E-03 6.162E+00 4.117E-02 2.367E+02 0.000E+00 0.000E+00 2.429E+02 2.368E+02
       1.000E-02 5.650E+00 4.438E-02 1.817E+02 0.000E+00 0.000E+00 1.874E+02 1.818E+02
       1.500E-02 3.844E+00 5.767E-02 6.448E+01 0.000E+00 0.000E+00 6.838E+01 6.453E+01
       2.000E-02 2.772E+00 6.707E-02 7.162E+01 0.000E+00 0.000E+00 7.445E+01 7.168E+01
       2.500E-02 2.091E+00 7.404E-02 6.582E+01 0.000E+00 0.000E+00 6.798E+01 6.589E+01
       3.000E-02 1.635E+00 7.929E-02 4.144E+01 0.000E+00 0.000E+00 4.315E+01 4.151E+01
       3.500E-02 1.324E+00 8.348E-02 2.774E+01 0.000E+00 0.000E+00 2.914E+01 2.782E+01
       4.000E-02 1.099E+00 8.683E-02 1.959E+01 0.000E+00 0.000E+00 2.078E+01 1.968E+01
       4.500E-02 9.277E-01 8.947E-02 1.436E+01 0.000E+00 0.000E+00 1.538E+01 1.445E+01
       5.000E-02 7.931E-01 9.151E-02 1.088E+01 0.000E+00 0.000E+00 1.176E+01 1.097E+01
       5.500E-02 6.850E-01 9.307E-02 8.439E+00 0.000E+00 0.000E+00 9.217E+00 8.532E+00
       6.000E-02 5.973E-01 9.425E-02 6.694E+00 0.000E+00 0.000E+00 7.386E+00 6.788E+00
       6.500E-02 5.255E-01 9.512E-02 5.401E+00 0.000E+00 0.000E+00 6.021E+00 5.496E+00
       7.000E-02 4.662E-01 9.575E-02 4.427E+00 0.000E+00 0.000E+00 4.989E+00 4.523E+00
       7.500E-02 4.168E-01 9.617E-02 3.679E+00 0.000E+00 0.000E+00 4.192E+00 3.775E+00
       8.000E-02 3.752E-01 9.644E-02 3.094E+00 0.000E+00 0.000E+00 3.566E+00 3.191E+00
       8.500E-02 3.400E-01 9.657E-02 2.628E+00 0.000E+00 0.000E+00 3.065E+00 2.725E+00
       9.000E-02 3.097E-01 9.660E-02 2.253E+00 0.000E+00 0.000E+00 2.659E+00 2.350E+00
       9.500E-02 2.834E-01 9.654E-02 1.948E+00 0.000E+00 0.000E+00 2.328E+00 2.044E+00
       1.000E-01 2.604E-01 9.641E-02 1.696E+00 0.000E+00 0.000E+00 2.053E+00 1.793E+00
       1.130E-01 2.122E-01 9.581E-02 1.220E+00 0.000E+00 0.000E+00 1.528E+00 1.316E+00
       1.250E-01 1.787E-01 9.499E-02 3.927E+00 0.000E+00 0.000E+00 4.201E+00 4.022E+00
       1.500E-01 1.304E-01 9.285E-02 2.472E+00 0.000E+00 0.000E+00 2.696E+00 2.565E+00
       1.750E-01 9.924E-02 9.048E-02 1.669E+00 0.000E+00 0.000E+00 1.859E+00 1.759E+00
       2.000E-01 7.812E-02 8.805E-02 1.186E+00 0.000E+00 0.000E+00 1.353E+00 1.274E+00
       2.250E-01 6.320E-02 8.568E-02 8.783E-01 0.000E+00 0.000E+00 1.027E+00 9.639E-01
       2.500E-01 5.226E-02 8.340E-02 6.718E-01 0.000E+00 0.000E+00 8.075E-01 7.552E-01
       2.750E-01 4.396E-02 8.123E-02 5.280E-01 0.000E+00 0.000E+00 6.532E-01 6.092E-01
       3.000E-01 3.752E-02 7.919E-02 4.245E-01 0.000E+00 0.000E+00 5.412E-01 5.037E-01
       3.500E-01 2.828E-02 7.545E-02 2.900E-01 0.000E+00 0.000E+00 3.937E-01 3.655E-01
       4.000E-01 2.209E-02 7.212E-02 2.099E-01 0.000E+00 0.000E+00 3.041E-01 2.820E-01
       4.500E-01 1.773E-02 6.915E-02 1.587E-01 0.000E+00 0.000E+00 2.456E-01 2.279E-01
       5.000E-01 1.454E-02 6.648E-02 1.242E-01 0.000E+00 0.000E+00 2.052E-01 1.907E-01
       5.500E-01 1.215E-02 6.409E-02 9.991E-02 0.000E+00 0.000E+00 1.761E-01 1.640E-01
       6.000E-01 1.029E-02 6.191E-02 8.221E-02 0.000E+00 0.000E+00 1.544E-01 1.441E-01
       6.500E-01 8.836E-03 5.991E-02 6.894E-02 0.000E+00 0.000E+00 1.377E-01 1.288E-01
       7.000E-01 7.667E-03 5.806E-02 5.872E-02 0.000E+00 0.000E+00 1.244E-01 1.168E-01
       7.500E-01 6.716E-03 5.636E-02 5.067E-02 0.000E+00 0.000E+00 1.137E-01 1.070E-01
       8.000E-01 5.932E-03 5.477E-02 4.420E-02 0.000E+00 0.000E+00 1.049E-01 9.898E-02
       8.500E-01 5.278E-03 5.330E-02 3.894E-02 0.000E+00 0.000E+00 9.751E-02 9.224E-02
       9.000E-01 4.726E-03 5.193E-02 3.460E-02 0.000E+00 0.000E+00 9.125E-02 8.653E-02
       9.500E-01 4.255E-03 5.064E-02 3.100E-02 0.000E+00 0.000E+00 8.590E-02 8.165E-02
       1.000E+00 3.851E-03 4.944E-02 2.800E-02 0.000E+00 0.000E+00 8.128E-02 7.743E-02
       1.130E+00 3.035E-03 4.661E-02 2.204E-02 6.725E-05 0.000E+00 7.175E-02 6.872E-02
       1.250E+00 2.493E-03 4.433E-02 1.813E-02 4.596E-04 0.000E+00 6.542E-02 6.292E-02
       1.500E+00 1.745E-03 4.037E-02 1.289E-02 2.277E-03 0.000E+00 5.728E-02 5.553E-02
       1.750E+00 1.288E-03 3.713E-02 9.796E-03 4.517E-03 0.000E+00 5.273E-02 5.144E-02
       2.000E+00 9.898E-04 3.450E-02 7.787E-03 6.651E-03 0.000E+00 4.993E-02 4.894E-02
       2.250E+00 7.842E-04 3.231E-02 6.395E-03 8.672E-03 1.981E-07 4.816E-02 4.737E-02
       2.500E+00 6.365E-04 3.037E-02 5.392E-03 1.051E-02 1.645E-06 4.692E-02 4.628E-02
       2.750E+00 5.269E-04 2.867E-02 4.638E-03 1.220E-02 4.785E-06 4.605E-02 4.552E-02
       3.000E+00 4.433E-04 2.718E-02 4.055E-03 1.377E-02 9.496E-06 4.546E-02 4.502E-02
       3.500E+00 3.262E-04 2.470E-02 3.214E-03 1.664E-02 2.248E-05 4.491E-02 4.458E-02
       4.000E+00 2.501E-04 2.270E-02 2.645E-03 1.924E-02 3.869E-05 4.487E-02 4.462E-02
       4.500E+00 1.977E-04 2.102E-02 2.238E-03 2.163E-02 5.713E-05 4.514E-02 4.495E-02
       5.000E+00 1.603E-04 1.961E-02 1.934E-03 2.381E-02 7.693E-05 4.559E-02 4.543E-02
       5.500E+00 1.325E-04 1.839E-02 1.698E-03 2.583E-02 9.732E-05 4.615E-02 4.602E-02
       6.000E+00 1.114E-04 1.733E-02 1.512E-03 2.772E-02 1.179E-04 4.679E-02 4.668E-02
       6.500E+00 9.494E-05 1.641E-02 1.361E-03 2.950E-02 1.383E-04 4.750E-02 4.741E-02
       7.000E+00 8.188E-05 1.558E-02 1.236E-03 3.120E-02 1.586E-04 4.826E-02 4.817E-02
       7.500E+00 7.135E-05 1.485E-02 1.131E-03 3.280E-02 1.784E-04 4.903E-02 4.895E-02
       8.000E+00 6.272E-05 1.418E-02 1.043E-03 3.432E-02 1.978E-04 4.981E-02 4.975E-02
       8.500E+00 5.556E-05 1.358E-02 9.661E-04 3.578E-02 2.168E-04 5.061E-02 5.055E-02
       9.000E+00 4.956E-05 1.304E-02 8.998E-04 3.719E-02 2.353E-04 5.141E-02 5.137E-02
       9.500E+00 4.449E-05 1.254E-02 8.419E-04 3.855E-02 2.533E-04 5.223E-02 5.219E-02
       1.000E+01 4.016E-05 1.208E-02 7.908E-04 3.986E-02 2.708E-04 5.304E-02 5.300E-02