       1.000E-03 1.415E+01 4.439E-03 7.180E+03 0.000E+00 0.000E+00 7.194E+03 7.180E+03
       1.500E-03 1.355E+01 7.328E-03 3.607E+03 0.000E+00 0.000E+00 3.621E+03 3.607E+03
       2.000E-03 1.290E+01 1.021E-02 2.024E+03 0.000E+00 0.000E+00 2.037E+03 2.024E+03
       3.000E-03 1.158E+01 1.577E-02 8.278E+02 0.000E+00 0.000E+00 8.394E+02 8.278E+02
       4.000E-03 1.035E+01 2.088E-02 1.416E+03 0.000E+00 0.000E+00 1.426E+03 1.416E+03
       5.000E-03 9.271E+00 2.554E-02 9.555E+02 0.000E+00 0.000E+00 9.648E+02 9.555E+02
       6.000E-03 8.341E+00 2.978E-02 6.676E+02 0.000E+00 0.000E+00 6.760E+02 6.676E+02
       7.000E-03 7.546E+00 3.369E-02 4.564E+02 0.000E+00 0.000E+00 4.639E+02 4.564E+02
       8.000E-03 6.860E+00 3.728E-02 3.282E+02 0.000E+00 0.000E+00 3.351E+02 3.283E+02
       9.000E-03 6.262E+00 4.067E-02 2.444E+02 0.000E+00 0.000E+00 2.507E+02 2.444E+02
       1.000E-02 5.741E+00 4.388E-02 1.877E+02 0.000E+00 0.000E+00 1.935E+02 1.878E+02
       1.500E-02 3.910E+00 5.734E-02 6.668E+01 0.000E+00 0.000E+00 7.065E+01 6.674E+01
       2.000E-02 2.824E+00 6.688E-02 7.419E+01 0.000E+00 0.000E+00 7.708E+01 7.426E+01
       2.500E-02 2.132E+00 7.387E-02 6.788E+01 0.000E+00 0.000E+00 7.009E+01 6.796E+01
       3.000E-02 1.666E+00 7.920E-02 4.278E+01 0.000E+00 0.000E+00 4.452E+01 4.285E+01
       3.500E-02 1.348E+00 8.342E-02 2.867E+01 0.000E+00 0.000E+00 3.010E+01 2.875E+01
       4.000E-02 1.119E+00 8.676E-02 2.027E+01 0.000E+00 0.000E+00 2.147E+01 2.035E+01
       4.500E-02 9.455E-01 8.939E-02 1.487E+01 0.000E+00 0.000E+00 1.591E+01 1.496E+01
       5.000E-02 8.089E-01 9.145E-02 1.127E+01 0.000E+00 0.000E+00 1.217E+01 1.136E+01
       5.500E-02 6.990E-01 9.304E-02 8.753E+00 0.000E+00 0.000E+00 9.545E+00 8.846E+00
       6.000E-02 6.096E-01 9.424E-02 6.948E+00 0.000E+00 0.000E+00 7.652E+00 7.042E+00
       6.500E-02 5.364E-01 9.514E-02 5.609E+00 0.000E+00 0.000E+00 6.241E+00 5.704E+00
       7.000E-02 4.758E-01 9.578E-02 4.601E+00 0.000E+00 0.000E+00 5.173E+00 4.697E+00
       7.500E-02 4.254E-01 9.621E-02 3.826E+00 0.000E+00 0.000E+00 4.347E+00 3.922E+00
       8.000E-02 3.829E-01 9.648E-02 3.220E+00 0.000E+00 0.000E+00 3.699E+00 3.316E+00
       8.500E-02 3.469E-01 9.662E-02 2.735E+00 0.000E+00 0.000E+00 3.179E+00 2.832E+00
       9.000E-02 3.160E-01 9.665E-02 2.345E+00 0.000E+00 0.000E+00 2.758E+00 2.442E+00
       9.500E-02 2.892E-01 9.659E-02 2.028E+00 0.000E+00 0.000E+00 2.414E+00 2.124E+00
       1.000E-01 2.658E-01 9.646E-02 1.766E+00 0.000E+00 0.000E+00 2.129E+00 1.863E+00
       1.130E-01 2.166E-01 9.587E-02 1.271E+00 0.000E+00 0.000E+00 1.584E+00 1.367E+00
       1.250E-01 1.825E-01 9.507E-02 4.031E+00 0.000E+00 0.000E+00 4.309E+00 4.126E+00
       1.500E-01 1.333E-01 9.296E-02 2.542E+00 0.000E+00 0.000E+00 2.768E+00 2.635E+00
       1.750E-01 1.015E-01 9.060E-02 1.718E+00 0.000E+00 0.000E+00 1.910E+00 1.809E+00
       2.000E-01 7.988E-02 8.820E-02 1.223E+00 0.000E+00 0.000E+00 1.391E+00 1.311E+00
       2.250E-01 6.462E-02 8.582E-02 9.060E-01 0.000E+00 0.000E+00 1.056E+00 9.918E-01
       2.500E-01 5.342E-02 8.353E-02 6.935E-01 0.000E+00 0.000E+00 8.304E-01 7.770E-01
       2.750E-01 4.495E-02 8.135E-02 5.454E-01 0.000E+00 0.000E+00 6.717E-01 6.268E-01
       3.000E-01 3.837E-02 7.930E-02 4.388E-01 0.000E+00 0.000E+00 5.565E-01 5.181E-01
       3.500E-01 2.894E-02 7.556E-02 3.003E-01 0.000E+00 0.000E+00 4.048E-01 3.758E-01
       4.000E-01 2.261E-02 7.225E-02 2.176E-01 0.000E+00 0.000E+00 3.124E-01 2.898E-01
       4.500E-01 1.815E-02 6.929E-02 1.646E-01 0.000E+00 0.000E+00 2.521E-01 2.339E-01
       5.000E-01 1.490E-02 6.663E-02 1.289E-01 0.000E+00 0.000E+00 2.105E-01 1.956E-01
       5.500E-01 1.244E-02 6.422E-02 1.038E-01 0.000E+00 0.000E+00 1.804E-01 1.680E-01
       6.000E-01 1.055E-02 6.202E-02 8.545E-02 0.000E+00 0.000E+00 1.580E-01 1.475E-01
       6.500E-01 9.055E-03 6.002E-02 7.169E-02 0.000E+00 0.000E+00 1.408E-01 1.317E-01
       7.000E-01 7.859E-03 5.818E-02 6.108E-02 0.000E+00 0.000E+00 1.271E-01 1.193E-01
       7.500E-01 6.885E-03 5.648E-02 5.272E-02 0.000E+00 0.000E+00 1.161E-01 1.092E-01
       8.000E-01 6.081E-03 5.489E-02 4.600E-02 0.000E+00 0.000E+00 1.070E-01 1.009E-01
       8.500E-01 5.411E-03 5.341E-02 4.051E-02 0.000E+00 0.000E+00 9.933E-02 9.392E-02
       9.000E-01 4.845E-03 5.202E-02 3.600E-02 0.000E+00 0.000E+00 9.287E-02 8.802E-02
       9.500E-01 4.364E-03 5.073E-02 3.226E-02 0.000E+00 0.000E+00 8.736E-02 8.299E-02
       1.000E+00 3.950E-03 4.953E-02 2.915E-02 0.000E+00 0.000E+00 8.262E-02 7.867E-02
       1.130E+00 3.114E-03 4.670E-02 2.296E-02 6.816E-05 0.000E+00 7.285E-02 6.974E-02
       1.250E+00 2.557E-03 4.441E-02 1.888E-02 4.678E-04 0.000E+00 6.632E-02 6.376E-02
       1.500E+00 1.790E-03 4.046E-02 1.342E-02 2.327E-03 0.000E+00 5.800E-02 5.621E-02
       1.750E+00 1.322E-03 3.726E-02 1.020E-02 4.615E-03 0.000E+00 5.340E-02 5.208E-02
       2.000E+00 1.016E-03 3.459E-02 8.107E-03 6.782E-03 0.000E+00 5.049E-02 4.948E-02
       2.250E+00 8.047E-04 3.232E-02 6.662E-03 8.826E-03 1.986E-07 4.861E-02 4.781E-02
       2.500E+00 6.532E-04 3.040E-02 5.615E-03 1.069E-02 1.649E-06 4.735E-02 4.670E-02
       2.750E+00 5.407E-04 2.873E-02 4.828E-03 1.239E-02 4.796E-06 4.649E-02 4.595E-02
       3.000E+00 4.550E-04 2.726E-02 4.220E-03 1.397E-02 9.517E-06 4.591E-02 4.546E-02
       3.500E+00 3.349E-04 2.477E-02 3.346E-03 1.686E-02 2.252E-05 4.534E-02 4.500E-02
       4.000E+00 2.567E-04 2.275E-02 2.753E-03 1.948E-02 3.877E-05 4.528E-02 4.502E-02
       4.500E+00 2.030E-04 2.107E-02 2.329E-03 2.188E-02 5.724E-05 4.554E-02 4.533E-02
       5.000E+00 1.646E-04 1.965E-02 2.012E-03 2.408E-02 7.709E-05 4.598E-02 4.582E-02
       5.500E+00 1.361E-04 1.843E-02 1.767E-03 2.610E-02 9.753E-05 4.653E-02 4.640E-02
       6.000E+00 1.144E-04 1.737E-02 1.573E-03 2.799E-02 1.181E-04 4.717E-02 4.705E-02
       6.500E+00 9.750E-05 1.644E-02 1.415E-03 2.978E-02 1.386E-04 4.788E-02 4.778E-02
       7.000E+00 8.409E-05 1.562E-02 1.285E-03 3.149E-02 1.589E-04 4.864E-02 4.855E-02
       7.500E+00 7.327E-05 1.488E-02 1.176E-03 3.310E-02 1.788E-04 4.941E-02 4.934E-02
       8.000E+00 6.442E-05 1.422E-02 1.084E-03 3.464E-02 1.983E-04 5.020E-02 5.014E-02
       8.500E+00 5.707E-05 1.362E-02 1.005E-03 3.612E-02 2.173E-04 5.101E-02 5.095E-02
       9.000E+00 5.091E-05 1.307E-02 9.356E-04 3.754E-02 2.358E-04 5.183E-02 5.178E-02
       9.500E+00 4.569E-05 1.257E-02 8.754E-04 3.890E-02 2.538E-04 5.264E-02 5.259E-02
       1.000E+01 4.124E-05 1.211E-02 8.223E-04 4.021E-02 2.713E-04 5.345E-02 5.341E-02