       1.000E-03 1.423E+01 4.328E-03 7.354E+03 0.000E+00 0.000E+00 7.368E+03 7.354E+03
       1.500E-03 1.364E+01 7.163E-03 3.711E+03 0.000E+00 0.000E+00 3.725E+03 3.711E+03
       2.000E-03 1.299E+01 1.000E-02 2.082E+03 0.000E+00 0.000E+00 2.095E+03 2.082E+03
       3.000E-03 1.167E+01 1.548E-02 8.521E+02 0.000E+00 0.000E+00 8.637E+02 8.521E+02
       4.000E-03 1.044E+01 2.051E-02 1.039E+03 0.000E+00 0.000E+00 1.049E+03 1.039E+03
       5.000E-03 9.341E+00 2.512E-02 9.804E+02 0.000E+00 0.000E+00 9.898E+02 9.804E+02
       6.000E-03 8.402E+00 2.929E-02 6.556E+02 0.000E+00 0.000E+00 6.640E+02 6.556E+02
       7.000E-03 7.596E+00 3.318E-02 4.668E+02 0.000E+00 0.000E+00 4.745E+02 4.669E+02
       8.000E-03 6.905E+00 3.672E-02 3.360E+02 0.000E+00 0.000E+00 3.429E+02 3.360E+02
       9.000E-03 6.305E+00 4.008E-02 2.502E+02 0.000E+00 0.000E+00 2.565E+02 2.502E+02
       1.000E-02 5.780E+00 4.328E-02 1.922E+02 0.000E+00 0.000E+00 1.980E+02 1.923E+02
       1.500E-02 3.939E+00 5.664E-02 6.838E+01 0.000E+00 0.000E+00 7.238E+01 6.844E+01
       2.000E-02 2.849E+00 6.623E-02 7.643E+01 0.000E+00 0.000E+00 7.935E+01 7.650E+01
       2.500E-02 2.153E+00 7.322E-02 6.938E+01 0.000E+00 0.000E+00 7.160E+01 6.945E+01
       3.000E-02 1.682E+00 7.849E-02 4.375E+01 0.000E+00 0.000E+00 4.552E+01 4.383E+01
       3.500E-02 1.361E+00 8.267E-02 2.937E+01 0.000E+00 0.000E+00 3.081E+01 2.945E+01
       4.000E-02 1.130E+00 8.600E-02 2.079E+01 0.000E+00 0.000E+00 2.201E+01 2.088E+01
       4.500E-02 9.550E-01 8.863E-02 1.527E+01 0.000E+00 0.000E+00 1.631E+01 1.536E+01
       5.000E-02 8.176E-01 9.068E-02 1.159E+01 0.000E+00 0.000E+00 1.249E+01 1.168E+01
       5.500E-02 7.068E-01 9.226E-02 9.002E+00 0.000E+00 0.000E+00 9.801E+00 9.094E+00
       6.000E-02 6.167E-01 9.346E-02 7.150E+00 0.000E+00 0.000E+00 7.861E+00 7.244E+00
       6.500E-02 5.427E-01 9.434E-02 5.775E+00 0.000E+00 0.000E+00 6.412E+00 5.869E+00
       7.000E-02 4.815E-01 9.499E-02 4.738E+00 0.000E+00 0.000E+00 5.315E+00 4.833E+00
       7.500E-02 4.305E-01 9.543E-02 3.941E+00 0.000E+00 0.000E+00 4.467E+00 4.037E+00
       8.000E-02 3.875E-01 9.571E-02 3.318E+00 0.000E+00 0.000E+00 3.801E+00 3.413E+00
       8.500E-02 3.510E-01 9.586E-02 2.820E+00 0.000E+00 0.000E+00 3.267E+00 2.916E+00
       9.000E-02 3.197E-01 9.590E-02 2.419E+00 0.000E+00 0.000E+00 2.835E+00 2.515E+00
       9.500E-02 2.926E-01 9.586E-02 2.093E+00 0.000E+00 0.000E+00 2.481E+00 2.189E+00
       1.000E-01 2.688E-01 9.574E-02 1.824E+00 0.000E+00 0.000E+00 2.188E+00 1.920E+00
       1.130E-01 2.192E-01 9.516E-02 1.313E+00 0.000E+00 0.000E+00 1.628E+00 1.408E+00
       1.250E-01 1.848E-01 9.437E-02 1.001E+00 0.000E+00 0.000E+00 1.281E+00 1.096E+00
       1.500E-01 1.350E-01 9.229E-02 2.592E+00 0.000E+00 0.000E+00 2.819E+00 2.684E+00
       1.750E-01 1.028E-01 8.996E-02 1.754E+00 0.000E+00 0.000E+00 1.946E+00 1.844E+00
       2.000E-01 8.097E-02 8.758E-02 1.249E+00 0.000E+00 0.000E+00 1.418E+00 1.337E+00
       2.250E-01 6.552E-02 8.524E-02 9.262E-01 0.000E+00 0.000E+00 1.077E+00 1.011E+00
       2.500E-01 5.418E-02 8.297E-02 7.097E-01 0.000E+00 0.000E+00 8.469E-01 7.927E-01
       2.750E-01 4.559E-02 8.082E-02 5.587E-01 0.000E+00 0.000E+00 6.852E-01 6.396E-01
       3.000E-01 3.892E-02 7.879E-02 4.499E-01 0.000E+00 0.000E+00 5.676E-01 5.287E-01
       3.500E-01 2.936E-02 7.507E-02 3.082E-01 0.000E+00 0.000E+00 4.126E-01 3.833E-01
       4.000E-01 2.294E-02 7.178E-02 2.235E-01 0.000E+00 0.000E+00 3.183E-01 2.953E-01
       4.500E-01 1.843E-02 6.884E-02 1.693E-01 0.000E+00 0.000E+00 2.566E-01 2.382E-01
       5.000E-01 1.512E-02 6.620E-02 1.327E-01 0.000E+00 0.000E+00 2.140E-01 1.989E-01
       5.500E-01 1.263E-02 6.382E-02 1.069E-01 0.000E+00 0.000E+00 1.833E-01 1.707E-01
       6.000E-01 1.071E-02 6.164E-02 8.803E-02 0.000E+00 0.000E+00 1.604E-01 1.497E-01
       6.500E-01 9.197E-03 5.965E-02 7.384E-02 0.000E+00 0.000E+00 1.427E-01 1.335E-01
       7.000E-01 7.983E-03 5.781E-02 6.291E-02 0.000E+00 0.000E+00 1.287E-01 1.207E-01
       7.500E-01 6.995E-03 5.611E-02 5.432E-02 0.000E+00 0.000E+00 1.174E-01 1.104E-01
       8.000E-01 6.179E-03 5.453E-02 4.745E-02 0.000E+00 0.000E+00 1.082E-01 1.020E-01
       8.500E-01 5.498E-03 5.306E-02 4.186E-02 0.000E+00 0.000E+00 1.004E-01 9.492E-02
       9.000E-01 4.923E-03 5.169E-02 3.725E-02 0.000E+00 0.000E+00 9.386E-02 8.894E-02
       9.500E-01 4.433E-03 5.041E-02 3.338E-02 0.000E+00 0.000E+00 8.823E-02 8.380E-02
       1.000E+00 4.014E-03 4.923E-02 3.010E-02 0.000E+00 0.000E+00 8.335E-02 7.933E-02
       1.130E+00 3.166E-03 4.644E-02 2.365E-02 6.845E-05 0.000E+00 7.332E-02 7.016E-02
       1.250E+00 2.602E-03 4.415E-02 1.949E-02 4.720E-04 0.000E+00 6.672E-02 6.412E-02
       1.500E+00 1.821E-03 4.019E-02 1.386E-02 2.357E-03 0.000E+00 5.822E-02 5.640E-02
       1.750E+00 1.344E-03 3.701E-02 1.053E-02 4.670E-03 0.000E+00 5.355E-02 5.220E-02
       2.000E+00 1.034E-03 3.436E-02 8.369E-03 6.853E-03 0.000E+00 5.062E-02 4.959E-02
       2.250E+00 8.194E-04 3.213E-02 6.876E-03 8.914E-03 1.974E-07 4.874E-02 4.792E-02
       2.500E+00 6.651E-04 3.021E-02 5.796E-03 1.078E-02 1.639E-06 4.745E-02 4.679E-02
       2.750E+00 5.504E-04 2.854E-02 4.984E-03 1.248E-02 4.768E-06 4.657E-02 4.602E-02
       3.000E+00 4.631E-04 2.708E-02 4.356E-03 1.406E-02 9.460E-06 4.597E-02 4.550E-02
       3.500E+00 3.409E-04 2.461E-02 3.451E-03 1.694E-02 2.238E-05 4.537E-02 4.503E-02
       4.000E+00 2.614E-04 2.261E-02 2.839E-03 1.955E-02 3.853E-05 4.530E-02 4.504E-02
       4.500E+00 2.067E-04 2.094E-02 2.402E-03 2.194E-02 5.689E-05 4.555E-02 4.535E-02
       5.000E+00 1.676E-04 1.953E-02 2.075E-03 2.413E-02 7.661E-05 4.599E-02 4.582E-02
       5.500E+00 1.386E-04 1.832E-02 1.822E-03 2.614E-02 9.692E-05 4.652E-02 4.638E-02
       6.000E+00 1.165E-04 1.727E-02 1.622E-03 2.802E-02 1.174E-04 4.715E-02 4.703E-02
       6.500E+00 9.928E-05 1.634E-02 1.459E-03 2.981E-02 1.378E-04 4.785E-02 4.775E-02
       7.000E+00 8.563E-05 1.552E-02 1.325E-03 3.152E-02 1.579E-04 4.861E-02 4.852E-02
       7.500E+00 7.461E-05 1.479E-02 1.213E-03 3.313E-02 1.777E-04 4.938E-02 4.931E-02
       8.000E+00 6.558E-05 1.413E-02 1.118E-03 3.466E-02 1.970E-04 5.017E-02 5.011E-02
       8.500E+00 5.810E-05 1.353E-02 1.036E-03 3.614E-02 2.159E-04 5.098E-02 5.092E-02
       9.000E+00 5.183E-05 1.299E-02 9.645E-04 3.756E-02 2.343E-04 5.180E-02 5.175E-02
       9.500E+00 4.653E-05 1.249E-02 9.022E-04 3.893E-02 2.523E-04 5.262E-02 5.257E-02
       1.000E+01 4.200E-05 1.204E-02 8.473E-04 4.024E-02 2.698E-04 5.343E-02 5.339E-02