       1.000E-03 1.430E+01 4.251E-03 7.524E+03 0.000E+00 0.000E+00 7.539E+03 7.524E+03
       1.500E-03 1.369E+01 7.076E-03 3.817E+03 0.000E+00 0.000E+00 3.831E+03 3.817E+03
       2.000E-03 1.303E+01 9.884E-03 2.141E+03 0.000E+00 0.000E+00 2.154E+03 2.141E+03
       3.000E-03 1.171E+01 1.532E-02 8.772E+02 0.000E+00 0.000E+00 8.890E+02 8.772E+02
       4.000E-03 1.048E+01 2.034E-02 1.027E+03 0.000E+00 0.000E+00 1.037E+03 1.027E+03
       5.000E-03 9.386E+00 2.491E-02 1.007E+03 0.000E+00 0.000E+00 1.016E+03 1.007E+03
       6.000E-03 8.443E+00 2.905E-02 6.705E+02 0.000E+00 0.000E+00 6.790E+02 6.706E+02
       7.000E-03 7.634E+00 3.290E-02 4.775E+02 0.000E+00 0.000E+00 4.851E+02 4.775E+02
       8.000E-03 6.939E+00 3.642E-02 3.437E+02 0.000E+00 0.000E+00 3.507E+02 3.437E+02
       9.000E-03 6.337E+00 3.975E-02 2.560E+02 0.000E+00 0.000E+00 2.624E+02 2.560E+02
       1.000E-02 5.811E+00 4.292E-02 1.967E+02 0.000E+00 0.000E+00 2.026E+02 1.967E+02
       1.500E-02 3.966E+00 5.618E-02 7.010E+01 0.000E+00 0.000E+00 7.412E+01 7.016E+01
       2.000E-02 2.874E+00 6.569E-02 7.851E+01 0.000E+00 0.000E+00 8.145E+01 7.857E+01
       2.500E-02 2.174E+00 7.265E-02 7.084E+01 0.000E+00 0.000E+00 7.309E+01 7.091E+01
       3.000E-02 1.698E+00 7.785E-02 4.473E+01 0.000E+00 0.000E+00 4.650E+01 4.480E+01
       3.500E-02 1.373E+00 8.200E-02 3.007E+01 0.000E+00 0.000E+00 3.153E+01 3.016E+01
       4.000E-02 1.140E+00 8.531E-02 2.132E+01 0.000E+00 0.000E+00 2.255E+01 2.141E+01
       4.500E-02 9.640E-01 8.791E-02 1.568E+01 0.000E+00 0.000E+00 1.673E+01 1.576E+01
       5.000E-02 8.258E-01 8.994E-02 1.190E+01 0.000E+00 0.000E+00 1.282E+01 1.199E+01
       5.500E-02 7.143E-01 9.152E-02 9.258E+00 0.000E+00 0.000E+00 1.006E+01 9.349E+00
       6.000E-02 6.235E-01 9.272E-02 7.359E+00 0.000E+00 0.000E+00 8.075E+00 7.451E+00
       6.500E-02 5.488E-01 9.361E-02 5.947E+00 0.000E+00 0.000E+00 6.589E+00 6.040E+00
       7.000E-02 4.870E-01 9.425E-02 4.882E+00 0.000E+00 0.000E+00 5.464E+00 4.977E+00
       7.500E-02 4.354E-01 9.470E-02 4.063E+00 0.000E+00 0.000E+00 4.593E+00 4.158E+00
       8.000E-02 3.919E-01 9.499E-02 3.422E+00 0.000E+00 0.000E+00 3.909E+00 3.517E+00
       8.500E-02 3.551E-01 9.514E-02 2.909E+00 0.000E+00 0.000E+00 3.360E+00 3.004E+00
       9.000E-02 3.234E-01 9.519E-02 2.496E+00 0.000E+00 0.000E+00 2.915E+00 2.592E+00
       9.500E-02 2.960E-01 9.515E-02 2.160E+00 0.000E+00 0.000E+00 2.551E+00 2.255E+00
       1.000E-01 2.720E-01 9.503E-02 1.883E+00 0.000E+00 0.000E+00 2.250E+00 1.978E+00
       1.130E-01 2.219E-01 9.445E-02 1.357E+00 0.000E+00 0.000E+00 1.673E+00 1.451E+00
       1.250E-01 1.872E-01 9.366E-02 1.035E+00 0.000E+00 0.000E+00 1.316E+00 1.129E+00
       1.500E-01 1.367E-01 9.165E-02 2.642E+00 0.000E+00 0.000E+00 2.871E+00 2.734E+00
       1.750E-01 1.042E-01 8.936E-02 1.790E+00 0.000E+00 0.000E+00 1.984E+00 1.879E+00
       2.000E-01 8.202E-02 8.699E-02 1.276E+00 0.000E+00 0.000E+00 1.445E+00 1.362E+00
       2.250E-01 6.637E-02 8.466E-02 9.467E-01 0.000E+00 0.000E+00 1.098E+00 1.031E+00
       2.500E-01 5.488E-02 8.243E-02 7.261E-01 0.000E+00 0.000E+00 8.634E-01 8.085E-01
       2.750E-01 4.619E-02 8.030E-02 5.722E-01 0.000E+00 0.000E+00 6.987E-01 6.525E-01
       3.000E-01 3.944E-02 7.829E-02 4.612E-01 0.000E+00 0.000E+00 5.789E-01 5.394E-01
       3.500E-01 2.976E-02 7.461E-02 3.163E-01 0.000E+00 0.000E+00 4.207E-01 3.909E-01
       4.000E-01 2.327E-02 7.134E-02 2.296E-01 0.000E+00 0.000E+00 3.242E-01 3.009E-01
       4.500E-01 1.870E-02 6.842E-02 1.741E-01 0.000E+00 0.000E+00 2.612E-01 2.425E-01
       5.000E-01 1.535E-02 6.579E-02 1.365E-01 0.000E+00 0.000E+00 2.177E-01 2.023E-01
       5.500E-01 1.282E-02 6.341E-02 1.100E-01 0.000E+00 0.000E+00 1.863E-01 1.734E-01
       6.000E-01 1.088E-02 6.125E-02 9.067E-02 0.000E+00 0.000E+00 1.628E-01 1.519E-01
       6.500E-01 9.340E-03 5.927E-02 7.613E-02 0.000E+00 0.000E+00 1.447E-01 1.354E-01
       7.000E-01 8.108E-03 5.744E-02 6.491E-02 0.000E+00 0.000E+00 1.305E-01 1.224E-01
       7.500E-01 7.105E-03 5.576E-02 5.606E-02 0.000E+00 0.000E+00 1.189E-01 1.118E-01
       8.000E-01 6.276E-03 5.421E-02 4.894E-02 0.000E+00 0.000E+00 1.094E-01 1.032E-01
       8.500E-01 5.585E-03 5.277E-02 4.313E-02 0.000E+00 0.000E+00 1.015E-01 9.590E-02
       9.000E-01 5.002E-03 5.142E-02 3.835E-02 0.000E+00 0.000E+00 9.477E-02 8.977E-02
       9.500E-01 4.506E-03 5.015E-02 3.437E-02 0.000E+00 0.000E+00 8.903E-02 8.452E-02
       1.000E+00 4.080E-03 4.894E-02 3.105E-02 0.000E+00 0.000E+00 8.408E-02 8.000E-02
       1.130E+00 3.219E-03 4.613E-02 2.446E-02 6.878E-05 0.000E+00 7.388E-02 7.066E-02
       1.250E+00 2.645E-03 4.390E-02 2.012E-02 4.763E-04 0.000E+00 6.714E-02 6.450E-02
       1.500E+00 1.851E-03 3.997E-02 1.431E-02 2.388E-03 0.000E+00 5.852E-02 5.667E-02
       1.750E+00 1.367E-03 3.679E-02 1.086E-02 4.733E-03 0.000E+00 5.375E-02 5.239E-02
       2.000E+00 1.051E-03 3.417E-02 8.636E-03 6.927E-03 0.000E+00 5.079E-02 4.974E-02
       2.250E+00 8.333E-04 3.196E-02 7.102E-03 8.984E-03 1.961E-07 4.888E-02 4.805E-02
       2.500E+00 6.765E-04 3.006E-02 5.986E-03 1.085E-02 1.628E-06 4.758E-02 4.690E-02
       2.750E+00 5.600E-04 2.840E-02 5.145E-03 1.256E-02 4.738E-06 4.667E-02 4.611E-02
       3.000E+00 4.712E-04 2.693E-02 4.495E-03 1.415E-02 9.404E-06 4.606E-02 4.558E-02
       3.500E+00 3.468E-04 2.447E-02 3.561E-03 1.703E-02 2.226E-05 4.543E-02 4.508E-02
       4.000E+00 2.659E-04 2.248E-02 2.930E-03 1.963E-02 3.832E-05 4.534E-02 4.507E-02
       4.500E+00 2.103E-04 2.082E-02 2.477E-03 2.201E-02 5.656E-05 4.558E-02 4.537E-02
       5.000E+00 1.705E-04 1.942E-02 2.139E-03 2.420E-02 7.614E-05 4.600E-02 4.583E-02
       5.500E+00 1.410E-04 1.821E-02 1.879E-03 2.619E-02 9.633E-05 4.652E-02 4.638E-02
       6.000E+00 1.185E-04 1.717E-02 1.672E-03 2.805E-02 1.167E-04 4.713E-02 4.701E-02
       6.500E+00 1.010E-04 1.625E-02 1.504E-03 2.984E-02 1.369E-04 4.783E-02 4.773E-02
       7.000E+00 8.714E-05 1.543E-02 1.366E-03 3.154E-02 1.569E-04 4.858E-02 4.849E-02
       7.500E+00 7.592E-05 1.470E-02 1.250E-03 3.315E-02 1.766E-04 4.935E-02 4.928E-02
       8.000E+00 6.674E-05 1.405E-02 1.152E-03 3.468E-02 1.958E-04 5.015E-02 5.008E-02
       8.500E+00 5.913E-05 1.345E-02 1.067E-03 3.617E-02 2.146E-04 5.096E-02 5.090E-02
       9.000E+00 5.275E-05 1.291E-02 9.942E-04 3.758E-02 2.329E-04 5.178E-02 5.173E-02
       9.500E+00 4.734E-05 1.242E-02 9.300E-04 3.894E-02 2.508E-04 5.259E-02 5.254E-02
       1.000E+01 4.273E-05 1.197E-02 8.733E-04 4.024E-02 2.681E-04 5.339E-02 5.335E-02