       1.000E-03 1.461E+01 4.219E-03 7.827E+03 0.000E+00 0.000E+00 7.841E+03 7.827E+03
       1.500E-03 1.401E+01 7.039E-03 3.939E+03 0.000E+00 0.000E+00 3.953E+03 3.939E+03
       2.000E-03 1.334E+01 9.854E-03 2.236E+03 0.000E+00 0.000E+00 2.249E+03 2.236E+03
       3.000E-03 1.200E+01 1.531E-02 9.170E+02 0.000E+00 0.000E+00 9.290E+02 9.170E+02
       4.000E-03 1.074E+01 2.036E-02 4.736E+02 0.000E+00 0.000E+00 4.844E+02 4.736E+02
       5.000E-03 9.618E+00 2.498E-02 1.046E+03 0.000E+00 0.000E+00 1.056E+03 1.046E+03
       6.000E-03 8.650E+00 2.915E-02 6.598E+02 0.000E+00 0.000E+00 6.685E+02 6.598E+02
       7.000E-03 7.821E+00 3.300E-02 4.961E+02 0.000E+00 0.000E+00 5.040E+02 4.962E+02
       8.000E-03 7.105E+00 3.661E-02 3.571E+02 0.000E+00 0.000E+00 3.642E+02 3.571E+02
       9.000E-03 6.486E+00 3.999E-02 2.660E+02 0.000E+00 0.000E+00 2.725E+02 2.660E+02
       1.000E-02 5.947E+00 4.317E-02 2.044E+02 0.000E+00 0.000E+00 2.103E+02 2.044E+02
       1.500E-02 4.061E+00 5.657E-02 7.300E+01 0.000E+00 0.000E+00 7.712E+01 7.306E+01
       2.000E-02 2.947E+00 6.618E-02 8.090E+01 0.000E+00 0.000E+00 8.391E+01 8.096E+01
       2.500E-02 2.223E+00 7.316E-02 6.392E+01 0.000E+00 0.000E+00 6.622E+01 6.400E+01
       3.000E-02 1.743E+00 7.848E-02 4.643E+01 0.000E+00 0.000E+00 4.825E+01 4.651E+01
       3.500E-02 1.413E+00 8.270E-02 3.129E+01 0.000E+00 0.000E+00 3.278E+01 3.137E+01
       4.000E-02 1.169E+00 8.597E-02 2.222E+01 0.000E+00 0.000E+00 2.348E+01 2.231E+01
       4.500E-02 9.889E-01 8.859E-02 1.635E+01 0.000E+00 0.000E+00 1.743E+01 1.644E+01
       5.000E-02 8.482E-01 9.067E-02 1.243E+01 0.000E+00 0.000E+00 1.336E+01 1.252E+01
       5.500E-02 7.341E-01 9.228E-02 9.669E+00 0.000E+00 0.000E+00 1.050E+01 9.761E+00
       6.000E-02 6.408E-01 9.350E-02 7.690E+00 0.000E+00 0.000E+00 8.424E+00 7.784E+00
       6.500E-02 5.641E-01 9.441E-02 6.218E+00 0.000E+00 0.000E+00 6.876E+00 6.312E+00
       7.000E-02 5.006E-01 9.506E-02 5.107E+00 0.000E+00 0.000E+00 5.703E+00 5.202E+00
       7.500E-02 4.476E-01 9.552E-02 4.253E+00 0.000E+00 0.000E+00 4.796E+00 4.348E+00
       8.000E-02 4.029E-01 9.581E-02 3.583E+00 0.000E+00 0.000E+00 4.082E+00 3.679E+00
       8.500E-02 3.650E-01 9.598E-02 3.047E+00 0.000E+00 0.000E+00 3.508E+00 3.143E+00
       9.000E-02 3.324E-01 9.604E-02 2.616E+00 0.000E+00 0.000E+00 3.044E+00 2.712E+00
       9.500E-02 3.042E-01 9.600E-02 2.264E+00 0.000E+00 0.000E+00 2.664E+00 2.360E+00
       1.000E-01 2.796E-01 9.589E-02 1.974E+00 0.000E+00 0.000E+00 2.350E+00 2.070E+00
       1.130E-01 2.282E-01 9.531E-02 1.424E+00 0.000E+00 0.000E+00 1.747E+00 1.519E+00
       1.250E-01 1.926E-01 9.453E-02 1.087E+00 0.000E+00 0.000E+00 1.374E+00 1.182E+00
       1.500E-01 1.408E-01 9.250E-02 2.737E+00 0.000E+00 0.000E+00 2.970E+00 2.830E+00
       1.750E-01 1.073E-01 9.019E-02 1.857E+00 0.000E+00 0.000E+00 2.054E+00 1.947E+00
       2.000E-01 8.448E-02 8.782E-02 1.323E+00 0.000E+00 0.000E+00 1.496E+00 1.411E+00
       2.250E-01 6.837E-02 8.549E-02 9.828E-01 0.000E+00 0.000E+00 1.137E+00 1.068E+00
       2.500E-01 5.654E-02 8.324E-02 7.546E-01 0.000E+00 0.000E+00 8.944E-01 8.378E-01
       2.750E-01 4.758E-02 8.110E-02 5.952E-01 0.000E+00 0.000E+00 7.239E-01 6.763E-01
       3.000E-01 4.063E-02 7.907E-02 4.802E-01 0.000E+00 0.000E+00 5.999E-01 5.592E-01
       3.500E-01 3.067E-02 7.535E-02 3.298E-01 0.000E+00 0.000E+00 4.358E-01 4.051E-01
       4.000E-01 2.399E-02 7.205E-02 2.396E-01 0.000E+00 0.000E+00 3.357E-01 3.117E-01
       4.500E-01 1.928E-02 6.911E-02 1.818E-01 0.000E+00 0.000E+00 2.702E-01 2.509E-01
       5.000E-01 1.583E-02 6.647E-02 1.427E-01 0.000E+00 0.000E+00 2.250E-01 2.092E-01
       5.500E-01 1.323E-02 6.407E-02 1.151E-01 0.000E+00 0.000E+00 1.924E-01 1.792E-01
       6.000E-01 1.122E-02 6.189E-02 9.489E-02 0.000E+00 0.000E+00 1.680E-01 1.568E-01
       6.500E-01 9.637E-03 5.989E-02 7.969E-02 0.000E+00 0.000E+00 1.492E-01 1.396E-01
       7.000E-01 8.365E-03 5.804E-02 6.796E-02 0.000E+00 0.000E+00 1.344E-01 1.260E-01
       7.500E-01 7.331E-03 5.634E-02 5.871E-02 0.000E+00 0.000E+00 1.224E-01 1.151E-01
       8.000E-01 6.479E-03 5.477E-02 5.128E-02 0.000E+00 0.000E+00 1.125E-01 1.061E-01
       8.500E-01 5.768E-03 5.330E-02 4.522E-02 0.000E+00 0.000E+00 1.043E-01 9.853E-02
       9.000E-01 5.169E-03 5.193E-02 4.023E-02 0.000E+00 0.000E+00 9.732E-02 9.216E-02
       9.500E-01 4.656E-03 5.064E-02 3.606E-02 0.000E+00 0.000E+00 9.136E-02 8.671E-02
       1.000E+00 4.214E-03 4.943E-02 3.256E-02 0.000E+00 0.000E+00 8.621E-02 8.199E-02
       1.130E+00 3.323E-03 4.660E-02 2.564E-02 7.016E-05 0.000E+00 7.564E-02 7.231E-02
       1.250E+00 2.732E-03 4.434E-02 2.111E-02 4.882E-04 0.000E+00 6.867E-02 6.594E-02
       1.500E+00 1.913E-03 4.036E-02 1.500E-02 2.459E-03 0.000E+00 5.974E-02 5.783E-02
       1.750E+00 1.414E-03 3.715E-02 1.139E-02 4.868E-03 0.000E+00 5.482E-02 5.341E-02
       2.000E+00 1.087E-03 3.451E-02 9.057E-03 7.115E-03 0.000E+00 5.177E-02 5.069E-02
       2.250E+00 8.610E-04 3.230E-02 7.442E-03 9.221E-03 1.982E-07 4.982E-02 4.896E-02
       2.500E+00 6.991E-04 3.037E-02 6.272E-03 1.113E-02 1.646E-06 4.847E-02 4.777E-02
       2.750E+00 5.789E-04 2.868E-02 5.393E-03 1.286E-02 4.788E-06 4.752E-02 4.694E-02
       3.000E+00 4.872E-04 2.720E-02 4.712E-03 1.447E-02 9.501E-06 4.688E-02 4.639E-02
       3.500E+00 3.586E-04 2.472E-02 3.734E-03 1.739E-02 2.249E-05 4.622E-02 4.586E-02
       4.000E+00 2.749E-04 2.271E-02 3.071E-03 2.002E-02 3.871E-05 4.612E-02 4.584E-02
       4.500E+00 2.175E-04 2.104E-02 2.596E-03 2.244E-02 5.714E-05 4.634E-02 4.613E-02
       5.000E+00 1.764E-04 1.962E-02 2.242E-03 2.464E-02 7.692E-05 4.676E-02 4.658E-02
       5.500E+00 1.459E-04 1.841E-02 1.968E-03 2.666E-02 9.732E-05 4.727E-02 4.713E-02
       6.000E+00 1.226E-04 1.735E-02 1.752E-03 2.854E-02 1.179E-04 4.788E-02 4.776E-02
       6.500E+00 1.045E-04 1.642E-02 1.576E-03 3.035E-02 1.383E-04 4.859E-02 4.848E-02
       7.000E+00 9.014E-05 1.559E-02 1.431E-03 3.208E-02 1.586E-04 4.935E-02 4.926E-02
       7.500E+00 7.855E-05 1.486E-02 1.310E-03 3.371E-02 1.784E-04 5.013E-02 5.005E-02
       8.000E+00 6.905E-05 1.419E-02 1.207E-03 3.527E-02 1.978E-04 5.094E-02 5.087E-02
       8.500E+00 6.118E-05 1.359E-02 1.118E-03 3.677E-02 2.168E-04 5.176E-02 5.170E-02
       9.000E+00 5.457E-05 1.305E-02 1.041E-03 3.822E-02 2.353E-04 5.260E-02 5.254E-02
       9.500E+00 4.899E-05 1.255E-02 9.739E-04 3.960E-02 2.533E-04 5.342E-02 5.338E-02
       1.000E+01 4.421E-05 1.209E-02 9.145E-04 4.092E-02 2.708E-04 5.424E-02 5.420E-02