       1.000E-03 1.470E+01 4.080E-03 7.879E+03 0.000E+00 0.000E+00 7.894E+03 7.879E+03
       1.500E-03 1.409E+01 6.800E-03 4.049E+03 0.000E+00 0.000E+00 4.063E+03 4.049E+03
       2.000E-03 1.343E+01 9.553E-03 2.298E+03 0.000E+00 0.000E+00 2.311E+03 2.298E+03
       3.000E-03 1.210E+01 1.492E-02 9.421E+02 0.000E+00 0.000E+00 9.542E+02 9.421E+02
       4.000E-03 1.083E+01 1.991E-02 4.862E+02 0.000E+00 0.000E+00 4.970E+02 4.862E+02
       5.000E-03 9.700E+00 2.446E-02 9.177E+02 0.000E+00 0.000E+00 9.274E+02 9.177E+02
       6.000E-03 8.721E+00 2.864E-02 6.766E+02 0.000E+00 0.000E+00 6.854E+02 6.766E+02
       7.000E-03 7.878E+00 3.248E-02 5.062E+02 0.000E+00 0.000E+00 5.141E+02 5.063E+02
       8.000E-03 7.157E+00 3.605E-02 3.643E+02 0.000E+00 0.000E+00 3.715E+02 3.644E+02
       9.000E-03 6.532E+00 3.941E-02 2.715E+02 0.000E+00 0.000E+00 2.781E+02 2.715E+02
       1.000E-02 5.989E+00 4.257E-02 2.087E+02 0.000E+00 0.000E+00 2.147E+02 2.087E+02
       1.500E-02 4.092E+00 5.593E-02 7.471E+01 0.000E+00 0.000E+00 7.886E+01 7.477E+01
       2.000E-02 2.974E+00 6.550E-02 8.272E+01 0.000E+00 0.000E+00 8.576E+01 8.279E+01
       2.500E-02 2.241E+00 7.246E-02 4.554E+01 0.000E+00 0.000E+00 4.786E+01 4.562E+01
       3.000E-02 1.760E+00 7.781E-02 4.739E+01 0.000E+00 0.000E+00 4.923E+01 4.747E+01
       3.500E-02 1.423E+00 8.198E-02 3.201E+01 0.000E+00 0.000E+00 3.351E+01 3.209E+01
       4.000E-02 1.180E+00 8.527E-02 2.278E+01 0.000E+00 0.000E+00 2.404E+01 2.286E+01
       4.500E-02 9.985E-01 8.787E-02 1.677E+01 0.000E+00 0.000E+00 1.786E+01 1.686E+01
       5.000E-02 8.567E-01 8.992E-02 1.276E+01 0.000E+00 0.000E+00 1.370E+01 1.285E+01
       5.500E-02 7.419E-01 9.152E-02 9.931E+00 0.000E+00 0.000E+00 1.076E+01 1.002E+01
       6.000E-02 6.478E-01 9.275E-02 7.903E+00 0.000E+00 0.000E+00 8.644E+00 7.996E+00
       6.500E-02 5.704E-01 9.366E-02 6.393E+00 0.000E+00 0.000E+00 7.057E+00 6.487E+00
       7.000E-02 5.061E-01 9.433E-02 5.254E+00 0.000E+00 0.000E+00 5.854E+00 5.348E+00
       7.500E-02 4.524E-01 9.479E-02 4.377E+00 0.000E+00 0.000E+00 4.924E+00 4.471E+00
       8.000E-02 4.073E-01 9.510E-02 3.689E+00 0.000E+00 0.000E+00 4.191E+00 3.784E+00
       8.500E-02 3.689E-01 9.528E-02 3.139E+00 0.000E+00 0.000E+00 3.603E+00 3.234E+00
       9.000E-02 3.361E-01 9.535E-02 2.696E+00 0.000E+00 0.000E+00 3.127E+00 2.791E+00
       9.500E-02 3.076E-01 9.532E-02 2.334E+00 0.000E+00 0.000E+00 2.737E+00 2.429E+00
       1.000E-01 2.828E-01 9.520E-02 2.036E+00 0.000E+00 0.000E+00 2.414E+00 2.131E+00
       1.130E-01 2.309E-01 9.455E-02 1.469E+00 0.000E+00 0.000E+00 1.795E+00 1.564E+00
       1.250E-01 1.949E-01 9.371E-02 1.123E+00 0.000E+00 0.000E+00 1.411E+00 1.216E+00
       1.500E-01 1.425E-01 9.169E-02 2.792E+00 0.000E+00 0.000E+00 3.026E+00 2.884E+00
       1.750E-01 1.086E-01 8.950E-02 1.897E+00 0.000E+00 0.000E+00 2.095E+00 1.986E+00
       2.000E-01 8.555E-02 8.721E-02 1.350E+00 0.000E+00 0.000E+00 1.523E+00 1.438E+00
       2.250E-01 6.925E-02 8.491E-02 1.003E+00 0.000E+00 0.000E+00 1.157E+00 1.088E+00
       2.500E-01 5.728E-02 8.268E-02 7.710E-01 0.000E+00 0.000E+00 9.109E-01 8.537E-01
       2.750E-01 4.822E-02 8.054E-02 6.089E-01 0.000E+00 0.000E+00 7.377E-01 6.895E-01
       3.000E-01 4.118E-02 7.853E-02 4.917E-01 0.000E+00 0.000E+00 6.114E-01 5.702E-01
       3.500E-01 3.109E-02 7.484E-02 3.380E-01 0.000E+00 0.000E+00 4.440E-01 4.129E-01
       4.000E-01 2.432E-02 7.157E-02 2.458E-01 0.000E+00 0.000E+00 3.417E-01 3.174E-01
       4.500E-01 1.955E-02 6.865E-02 1.868E-01 0.000E+00 0.000E+00 2.750E-01 2.554E-01
       5.000E-01 1.606E-02 6.603E-02 1.467E-01 0.000E+00 0.000E+00 2.288E-01 2.128E-01
       5.500E-01 1.343E-02 6.366E-02 1.184E-01 0.000E+00 0.000E+00 1.955E-01 1.821E-01
       6.000E-01 1.139E-02 6.150E-02 9.767E-02 0.000E+00 0.000E+00 1.706E-01 1.592E-01
       6.500E-01 9.782E-03 5.951E-02 8.205E-02 0.000E+00 0.000E+00 1.513E-01 1.416E-01
       7.000E-01 8.493E-03 5.768E-02 6.999E-02 0.000E+00 0.000E+00 1.362E-01 1.277E-01
       7.500E-01 7.444E-03 5.599E-02 6.049E-02 0.000E+00 0.000E+00 1.239E-01 1.165E-01
       8.000E-01 6.579E-03 5.442E-02 5.286E-02 0.000E+00 0.000E+00 1.139E-01 1.073E-01
       8.500E-01 5.858E-03 5.297E-02 4.664E-02 0.000E+00 0.000E+00 1.055E-01 9.961E-02
       9.000E-01 5.248E-03 5.161E-02 4.151E-02 0.000E+00 0.000E+00 9.837E-02 9.312E-02
       9.500E-01 4.729E-03 5.034E-02 3.722E-02 0.000E+00 0.000E+00 9.229E-02 8.756E-02
       1.000E+00 4.281E-03 4.915E-02 3.360E-02 0.000E+00 0.000E+00 8.703E-02 8.275E-02
       1.130E+00 3.376E-03 4.635E-02 2.645E-02 7.049E-05 0.000E+00 7.624E-02 7.286E-02
       1.250E+00 2.775E-03 4.408E-02 2.178E-02 4.924E-04 0.000E+00 6.913E-02 6.636E-02
       1.500E+00 1.944E-03 4.013E-02 1.548E-02 2.490E-03 0.000E+00 6.004E-02 5.809E-02
       1.750E+00 1.437E-03 3.698E-02 1.176E-02 4.927E-03 0.000E+00 5.510E-02 5.366E-02
       2.000E+00 1.105E-03 3.432E-02 9.345E-03 7.188E-03 0.000E+00 5.196E-02 5.086E-02
       2.250E+00 8.763E-04 3.205E-02 7.674E-03 9.300E-03 1.971E-07 4.990E-02 4.903E-02
       2.500E+00 7.116E-04 3.015E-02 6.467E-03 1.121E-02 1.636E-06 4.854E-02 4.783E-02
       2.750E+00 5.892E-04 2.850E-02 5.561E-03 1.295E-02 4.760E-06 4.761E-02 4.702E-02
       3.000E+00 4.958E-04 2.706E-02 4.859E-03 1.455E-02 9.445E-06 4.697E-02 4.648E-02
       3.500E+00 3.650E-04 2.459E-02 3.850E-03 1.747E-02 2.235E-05 4.629E-02 4.593E-02
       4.000E+00 2.799E-04 2.258E-02 3.166E-03 2.009E-02 3.847E-05 4.615E-02 4.587E-02
       4.500E+00 2.214E-04 2.091E-02 2.676E-03 2.250E-02 5.679E-05 4.637E-02 4.615E-02
       5.000E+00 1.795E-04 1.950E-02 2.311E-03 2.470E-02 7.646E-05 4.678E-02 4.660E-02
       5.500E+00 1.484E-04 1.830E-02 2.029E-03 2.670E-02 9.674E-05 4.727E-02 4.712E-02
       6.000E+00 1.248E-04 1.725E-02 1.805E-03 2.857E-02 1.172E-04 4.786E-02 4.773E-02
       6.500E+00 1.063E-04 1.632E-02 1.624E-03 3.037E-02 1.375E-04 4.856E-02 4.845E-02
       7.000E+00 9.172E-05 1.550E-02 1.475E-03 3.209E-02 1.576E-04 4.932E-02 4.923E-02
       7.500E+00 7.992E-05 1.477E-02 1.349E-03 3.373E-02 1.773E-04 5.010E-02 5.002E-02
       8.000E+00 7.025E-05 1.411E-02 1.243E-03 3.528E-02 1.966E-04 5.090E-02 5.083E-02
       8.500E+00 6.224E-05 1.351E-02 1.152E-03 3.677E-02 2.154E-04 5.172E-02 5.165E-02
       9.000E+00 5.553E-05 1.297E-02 1.073E-03 3.821E-02 2.338E-04 5.254E-02 5.249E-02
       9.500E+00 4.984E-05 1.247E-02 1.003E-03 3.959E-02 2.517E-04 5.337E-02 5.332E-02
       1.000E+01 4.500E-05 1.202E-02 9.421E-04 4.092E-02 2.691E-04 5.419E-02 5.415E-02