       1.000E-03 1.495E+01 4.028E-03 7.771E+03 0.000E+00 0.000E+00 7.786E+03 7.771E+03
       1.500E-03 1.435E+01 6.723E-03 4.209E+03 0.000E+00 0.000E+00 4.224E+03 4.209E+03
       2.000E-03 1.369E+01 9.460E-03 2.388E+03 0.000E+00 0.000E+00 2.402E+03 2.388E+03
       3.000E-03 1.234E+01 1.481E-02 9.797E+02 0.000E+00 0.000E+00 9.921E+02 9.797E+02
       4.000E-03 1.106E+01 1.980E-02 5.057E+02 0.000E+00 0.000E+00 5.168E+02 5.058E+02
       5.000E-03 9.902E+00 2.439E-02 9.491E+02 0.000E+00 0.000E+00 9.591E+02 9.492E+02
       6.000E-03 8.899E+00 2.857E-02 7.021E+02 0.000E+00 0.000E+00 7.110E+02 7.021E+02
       7.000E-03 8.037E+00 3.243E-02 5.232E+02 0.000E+00 0.000E+00 5.313E+02 5.232E+02
       8.000E-03 7.298E+00 3.600E-02 3.760E+02 0.000E+00 0.000E+00 3.834E+02 3.761E+02
       9.000E-03 6.659E+00 3.938E-02 2.804E+02 0.000E+00 0.000E+00 2.871E+02 2.804E+02
       1.000E-02 6.104E+00 4.259E-02 2.156E+02 0.000E+00 0.000E+00 2.218E+02 2.157E+02
       1.500E-02 4.173E+00 5.602E-02 7.740E+01 0.000E+00 0.000E+00 8.163E+01 7.746E+01
       2.000E-02 3.036E+00 6.567E-02 3.698E+01 0.000E+00 0.000E+00 4.008E+01 3.705E+01
       2.500E-02 2.291E+00 7.272E-02 4.721E+01 0.000E+00 0.000E+00 4.957E+01 4.728E+01
       3.000E-02 1.799E+00 7.807E-02 4.895E+01 0.000E+00 0.000E+00 5.083E+01 4.903E+01
       3.500E-02 1.454E+00 8.228E-02 3.312E+01 0.000E+00 0.000E+00 3.466E+01 3.320E+01
       4.000E-02 1.205E+00 8.557E-02 2.361E+01 0.000E+00 0.000E+00 2.490E+01 2.370E+01
       4.500E-02 1.020E+00 8.819E-02 1.740E+01 0.000E+00 0.000E+00 1.851E+01 1.749E+01
       5.000E-02 8.760E-01 9.025E-02 1.324E+01 0.000E+00 0.000E+00 1.421E+01 1.333E+01
       5.500E-02 7.588E-01 9.188E-02 1.032E+01 0.000E+00 0.000E+00 1.117E+01 1.041E+01
       6.000E-02 6.627E-01 9.312E-02 8.216E+00 0.000E+00 0.000E+00 8.971E+00 8.309E+00
       6.500E-02 5.836E-01 9.405E-02 6.651E+00 0.000E+00 0.000E+00 7.328E+00 6.745E+00
       7.000E-02 5.180E-01 9.473E-02 5.469E+00 0.000E+00 0.000E+00 6.081E+00 5.563E+00
       7.500E-02 4.631E-01 9.520E-02 4.558E+00 0.000E+00 0.000E+00 5.116E+00 4.653E+00
       8.000E-02 4.169E-01 9.551E-02 3.844E+00 0.000E+00 0.000E+00 4.356E+00 3.939E+00
       8.500E-02 3.776E-01 9.569E-02 3.272E+00 0.000E+00 0.000E+00 3.745E+00 3.368E+00
       9.000E-02 3.439E-01 9.576E-02 2.811E+00 0.000E+00 0.000E+00 3.251E+00 2.907E+00
       9.500E-02 3.148E-01 9.573E-02 2.435E+00 0.000E+00 0.000E+00 2.845E+00 2.530E+00
       1.000E-01 2.893E-01 9.563E-02 2.124E+00 0.000E+00 0.000E+00 2.509E+00 2.220E+00
       1.130E-01 2.363E-01 9.508E-02 1.535E+00 0.000E+00 0.000E+00 1.866E+00 1.630E+00
       1.250E-01 1.995E-01 9.432E-02 1.173E+00 0.000E+00 0.000E+00 1.467E+00 1.267E+00
       1.500E-01 1.460E-01 9.233E-02 2.879E+00 0.000E+00 0.000E+00 3.117E+00 2.971E+00
       1.750E-01 1.113E-01 9.006E-02 1.961E+00 0.000E+00 0.000E+00 2.163E+00 2.052E+00
       2.000E-01 8.770E-02 8.770E-02 1.394E+00 0.000E+00 0.000E+00 1.570E+00 1.482E+00
       2.250E-01 7.098E-02 8.538E-02 1.036E+00 0.000E+00 0.000E+00 1.192E+00 1.121E+00
       2.500E-01 5.871E-02 8.315E-02 7.967E-01 0.000E+00 0.000E+00 9.385E-01 8.798E-01
       2.750E-01 4.942E-02 8.102E-02 6.300E-01 0.000E+00 0.000E+00 7.604E-01 7.110E-01
       3.000E-01 4.221E-02 7.900E-02 5.093E-01 0.000E+00 0.000E+00 6.305E-01 5.883E-01
       3.500E-01 3.189E-02 7.530E-02 3.508E-01 0.000E+00 0.000E+00 4.580E-01 4.261E-01
       4.000E-01 2.496E-02 7.200E-02 2.554E-01 0.000E+00 0.000E+00 3.523E-01 3.274E-01
       4.500E-01 2.007E-02 6.907E-02 1.941E-01 0.000E+00 0.000E+00 2.833E-01 2.632E-01
       5.000E-01 1.649E-02 6.644E-02 1.526E-01 0.000E+00 0.000E+00 2.356E-01 2.191E-01
       5.500E-01 1.378E-02 6.405E-02 1.232E-01 0.000E+00 0.000E+00 2.011E-01 1.873E-01
       6.000E-01 1.169E-02 6.187E-02 1.017E-01 0.000E+00 0.000E+00 1.753E-01 1.636E-01
       6.500E-01 1.005E-02 5.987E-02 8.552E-02 0.000E+00 0.000E+00 1.554E-01 1.454E-01
       7.000E-01 8.726E-03 5.802E-02 7.300E-02 0.000E+00 0.000E+00 1.397E-01 1.310E-01
       7.500E-01 7.649E-03 5.632E-02 6.310E-02 0.000E+00 0.000E+00 1.271E-01 1.194E-01
       8.000E-01 6.761E-03 5.475E-02 5.514E-02 0.000E+00 0.000E+00 1.167E-01 1.099E-01
       8.500E-01 6.019E-03 5.331E-02 4.863E-02 0.000E+00 0.000E+00 1.080E-01 1.019E-01
       9.000E-01 5.392E-03 5.196E-02 4.326E-02 0.000E+00 0.000E+00 1.006E-01 9.522E-02
       9.500E-01 4.859E-03 5.068E-02 3.879E-02 0.000E+00 0.000E+00 9.433E-02 8.947E-02
       1.000E+00 4.400E-03 4.945E-02 3.505E-02 0.000E+00 0.000E+00 8.890E-02 8.450E-02
       1.130E+00 3.473E-03 4.659E-02 2.762E-02 7.158E-05 0.000E+00 7.775E-02 7.428E-02
       1.250E+00 2.855E-03 4.434E-02 2.273E-02 5.024E-04 0.000E+00 7.043E-02 6.757E-02
       1.500E+00 2.000E-03 4.037E-02 1.616E-02 2.551E-03 0.000E+00 6.108E-02 5.908E-02
       1.750E+00 1.478E-03 3.714E-02 1.227E-02 5.044E-03 0.000E+00 5.593E-02 5.445E-02
       2.000E+00 1.137E-03 3.452E-02 9.752E-03 7.348E-03 0.000E+00 5.276E-02 5.162E-02
       2.250E+00 9.019E-04 3.233E-02 8.014E-03 9.501E-03 1.984E-07 5.075E-02 4.984E-02
       2.500E+00 7.324E-04 3.040E-02 6.753E-03 1.144E-02 1.647E-06 4.933E-02 4.859E-02
       2.750E+00 6.064E-04 2.870E-02 5.804E-03 1.320E-02 4.790E-06 4.832E-02 4.771E-02
       3.000E+00 5.103E-04 2.721E-02 5.069E-03 1.482E-02 9.503E-06 4.762E-02 4.711E-02
       3.500E+00 3.757E-04 2.473E-02 4.015E-03 1.775E-02 2.249E-05 4.689E-02 4.652E-02
       4.000E+00 2.881E-04 2.272E-02 3.302E-03 2.040E-02 3.870E-05 4.675E-02 4.646E-02
       4.500E+00 2.279E-04 2.104E-02 2.792E-03 2.284E-02 5.714E-05 4.696E-02 4.673E-02
       5.000E+00 1.848E-04 1.963E-02 2.410E-03 2.506E-02 7.695E-05 4.736E-02 4.717E-02
       5.500E+00 1.528E-04 1.841E-02 2.116E-03 2.706E-02 9.734E-05 4.783E-02 4.768E-02
       6.000E+00 1.285E-04 1.735E-02 1.882E-03 2.893E-02 1.179E-04 4.841E-02 4.828E-02
       6.500E+00 1.095E-04 1.642E-02 1.693E-03 3.075E-02 1.384E-04 4.911E-02 4.900E-02
       7.000E+00 9.446E-05 1.560E-02 1.538E-03 3.249E-02 1.586E-04 4.988E-02 4.978E-02
       7.500E+00 8.229E-05 1.486E-02 1.407E-03 3.414E-02 1.784E-04 5.067E-02 5.059E-02
       8.000E+00 7.234E-05 1.420E-02 1.296E-03 3.571E-02 1.978E-04 5.148E-02 5.141E-02
       8.500E+00 6.410E-05 1.360E-02 1.201E-03 3.722E-02 2.168E-04 5.230E-02 5.224E-02
       9.000E+00 5.719E-05 1.305E-02 1.118E-03 3.868E-02 2.353E-04 5.314E-02 5.308E-02
       9.500E+00 5.133E-05 1.255E-02 1.046E-03 4.008E-02 2.532E-04 5.398E-02 5.393E-02
       1.000E+01 4.632E-05 1.209E-02 9.819E-04 4.142E-02 2.707E-04 5.482E-02 5.477E-02