       1.000E-03 1.497E+01 3.912E-03 7.118E+03 0.000E+00 0.000E+00 7.133E+03 7.118E+03
       1.500E-03 1.438E+01 6.545E-03 4.305E+03 0.000E+00 0.000E+00 4.320E+03 4.305E+03
       2.000E-03 1.373E+01 9.220E-03 2.443E+03 0.000E+00 0.000E+00 2.457E+03 2.443E+03
       3.000E-03 1.239E+01 1.447E-02 1.002E+03 0.000E+00 0.000E+00 1.015E+03 1.002E+03
       4.000E-03 1.111E+01 1.939E-02 5.174E+02 0.000E+00 0.000E+00 5.286E+02 5.175E+02
       5.000E-03 9.953E+00 2.392E-02 9.669E+02 0.000E+00 0.000E+00 9.769E+02 9.670E+02
       6.000E-03 8.943E+00 2.804E-02 7.161E+02 0.000E+00 0.000E+00 7.250E+02 7.161E+02
       7.000E-03 8.073E+00 3.185E-02 5.111E+02 0.000E+00 0.000E+00 5.192E+02 5.112E+02
       8.000E-03 7.327E+00 3.542E-02 3.820E+02 0.000E+00 0.000E+00 3.894E+02 3.821E+02
       9.000E-03 6.684E+00 3.877E-02 2.851E+02 0.000E+00 0.000E+00 2.918E+02 2.851E+02
       1.000E-02 6.125E+00 4.191E-02 2.194E+02 0.000E+00 0.000E+00 2.256E+02 2.194E+02
       1.500E-02 4.188E+00 5.521E-02 7.887E+01 0.000E+00 0.000E+00 8.311E+01 7.892E+01
       2.000E-02 3.052E+00 6.477E-02 3.774E+01 0.000E+00 0.000E+00 4.085E+01 3.780E+01
       2.500E-02 2.306E+00 7.177E-02 4.816E+01 0.000E+00 0.000E+00 5.053E+01 4.823E+01
       3.000E-02 1.809E+00 7.711E-02 4.985E+01 0.000E+00 0.000E+00 5.173E+01 4.992E+01
       3.500E-02 1.461E+00 8.127E-02 3.375E+01 0.000E+00 0.000E+00 3.530E+01 3.383E+01
       4.000E-02 1.211E+00 8.454E-02 2.408E+01 0.000E+00 0.000E+00 2.537E+01 2.416E+01
       4.500E-02 1.026E+00 8.712E-02 1.776E+01 0.000E+00 0.000E+00 1.887E+01 1.785E+01
       5.000E-02 8.812E-01 8.917E-02 1.353E+01 0.000E+00 0.000E+00 1.450E+01 1.362E+01
       5.500E-02 7.638E-01 9.079E-02 1.055E+01 0.000E+00 0.000E+00 1.140E+01 1.064E+01
       6.000E-02 6.673E-01 9.203E-02 8.404E+00 0.000E+00 0.000E+00 9.164E+00 8.496E+00
       6.500E-02 5.877E-01 9.297E-02 6.807E+00 0.000E+00 0.000E+00 7.488E+00 6.900E+00
       7.000E-02 5.216E-01 9.365E-02 5.600E+00 0.000E+00 0.000E+00 6.215E+00 5.694E+00
       7.500E-02 4.663E-01 9.413E-02 4.670E+00 0.000E+00 0.000E+00 5.230E+00 4.764E+00
       8.000E-02 4.198E-01 9.444E-02 3.940E+00 0.000E+00 0.000E+00 4.454E+00 4.034E+00
       8.500E-02 3.802E-01 9.462E-02 3.355E+00 0.000E+00 0.000E+00 3.830E+00 3.450E+00
       9.000E-02 3.463E-01 9.469E-02 2.883E+00 0.000E+00 0.000E+00 3.325E+00 2.978E+00
       9.500E-02 3.170E-01 9.466E-02 2.499E+00 0.000E+00 0.000E+00 2.910E+00 2.593E+00
       1.000E-01 2.914E-01 9.456E-02 2.181E+00 0.000E+00 0.000E+00 2.567E+00 2.276E+00
       1.130E-01 2.381E-01 9.404E-02 1.577E+00 0.000E+00 0.000E+00 1.909E+00 1.671E+00
       1.250E-01 2.011E-01 9.332E-02 1.206E+00 0.000E+00 0.000E+00 1.501E+00 1.299E+00
       1.500E-01 1.472E-01 9.135E-02 2.905E+00 0.000E+00 0.000E+00 3.143E+00 2.996E+00
       1.750E-01 1.123E-01 8.912E-02 1.986E+00 0.000E+00 0.000E+00 2.188E+00 2.075E+00
       2.000E-01 8.845E-02 8.681E-02 1.417E+00 0.000E+00 0.000E+00 1.592E+00 1.504E+00
       2.250E-01 7.160E-02 8.451E-02 1.054E+00 0.000E+00 0.000E+00 1.210E+00 1.139E+00
       2.500E-01 5.924E-02 8.230E-02 8.114E-01 0.000E+00 0.000E+00 9.529E-01 8.937E-01
       2.750E-01 4.987E-02 8.018E-02 6.418E-01 0.000E+00 0.000E+00 7.719E-01 7.220E-01
       3.000E-01 4.261E-02 7.819E-02 5.191E-01 0.000E+00 0.000E+00 6.399E-01 5.973E-01
       3.500E-01 3.219E-02 7.455E-02 3.580E-01 0.000E+00 0.000E+00 4.647E-01 4.325E-01
       4.000E-01 2.520E-02 7.130E-02 2.609E-01 0.000E+00 0.000E+00 3.574E-01 3.322E-01
       4.500E-01 2.027E-02 6.839E-02 1.985E-01 0.000E+00 0.000E+00 2.872E-01 2.669E-01
       5.000E-01 1.665E-02 6.577E-02 1.562E-01 0.000E+00 0.000E+00 2.386E-01 2.220E-01
       5.500E-01 1.392E-02 6.341E-02 1.262E-01 0.000E+00 0.000E+00 2.035E-01 1.896E-01
       6.000E-01 1.182E-02 6.125E-02 1.042E-01 0.000E+00 0.000E+00 1.773E-01 1.655E-01
       6.500E-01 1.016E-02 5.928E-02 8.764E-02 0.000E+00 0.000E+00 1.571E-01 1.469E-01
       7.000E-01 8.821E-03 5.747E-02 7.481E-02 0.000E+00 0.000E+00 1.411E-01 1.323E-01
       7.500E-01 7.733E-03 5.579E-02 6.469E-02 0.000E+00 0.000E+00 1.282E-01 1.205E-01
       8.000E-01 6.835E-03 5.423E-02 5.657E-02 0.000E+00 0.000E+00 1.176E-01 1.108E-01
       8.500E-01 6.084E-03 5.276E-02 4.995E-02 0.000E+00 0.000E+00 1.088E-01 1.027E-01
       9.000E-01 5.451E-03 5.140E-02 4.447E-02 0.000E+00 0.000E+00 1.013E-01 9.587E-02
       9.500E-01 4.912E-03 5.013E-02 3.988E-02 0.000E+00 0.000E+00 9.493E-02 9.002E-02
       1.000E+00 4.451E-03 4.896E-02 3.600E-02 0.000E+00 0.000E+00 8.941E-02 8.496E-02
       1.130E+00 3.514E-03 4.619E-02 2.833E-02 7.146E-05 0.000E+00 7.811E-02 7.459E-02
       1.250E+00 2.888E-03 4.392E-02 2.335E-02 5.043E-04 0.000E+00 7.067E-02 6.778E-02
       1.500E+00 2.024E-03 3.998E-02 1.660E-02 2.574E-03 0.000E+00 6.118E-02 5.915E-02
       1.750E+00 1.497E-03 3.683E-02 1.260E-02 5.088E-03 0.000E+00 5.601E-02 5.452E-02
       2.000E+00 1.151E-03 3.420E-02 1.002E-02 7.395E-03 0.000E+00 5.276E-02 5.161E-02
       2.250E+00 9.129E-04 3.197E-02 8.230E-03 9.543E-03 1.965E-07 5.065E-02 4.974E-02
       2.500E+00 7.414E-04 3.007E-02 6.934E-03 1.148E-02 1.631E-06 4.922E-02 4.848E-02
       2.750E+00 6.140E-04 2.842E-02 5.959E-03 1.324E-02 4.744E-06 4.823E-02 4.761E-02
       3.000E+00 5.167E-04 2.696E-02 5.205E-03 1.485E-02 9.412E-06 4.754E-02 4.702E-02
       3.500E+00 3.806E-04 2.450E-02 4.122E-03 1.776E-02 2.227E-05 4.679E-02 4.641E-02
       4.000E+00 2.919E-04 2.250E-02 3.389E-03 2.040E-02 3.832E-05 4.661E-02 4.632E-02
       4.500E+00 2.309E-04 2.084E-02 2.865E-03 2.282E-02 5.658E-05 4.681E-02 4.658E-02
       5.000E+00 1.872E-04 1.944E-02 2.474E-03 2.502E-02 7.620E-05 4.719E-02 4.700E-02
       5.500E+00 1.548E-04 1.823E-02 2.171E-03 2.699E-02 9.640E-05 4.764E-02 4.749E-02
       6.000E+00 1.302E-04 1.718E-02 1.932E-03 2.883E-02 1.167E-04 4.820E-02 4.807E-02
       6.500E+00 1.110E-04 1.626E-02 1.737E-03 3.064E-02 1.370E-04 4.889E-02 4.877E-02
       7.000E+00 9.571E-05 1.545E-02 1.577E-03 3.237E-02 1.570E-04 4.965E-02 4.955E-02
       7.500E+00 8.340E-05 1.472E-02 1.443E-03 3.401E-02 1.766E-04 5.044E-02 5.035E-02
       8.000E+00 7.332E-05 1.406E-02 1.329E-03 3.558E-02 1.959E-04 5.124E-02 5.117E-02
       8.500E+00 6.496E-05 1.347E-02 1.231E-03 3.709E-02 2.147E-04 5.207E-02 5.200E-02
       9.000E+00 5.795E-05 1.293E-02 1.147E-03 3.853E-02 2.329E-04 5.290E-02 5.284E-02
       9.500E+00 5.201E-05 1.243E-02 1.072E-03 3.991E-02 2.507E-04 5.372E-02 5.367E-02
       1.000E+01 4.694E-05 1.198E-02 1.007E-03 4.125E-02 2.680E-04 5.455E-02 5.450E-02